If found, please contact tlang@live.unc.edu
Firmware updated: 2025/08/07
OpenOBS SN:471

time,ambient_light,backscatter,pressure,water_temp,battery
1755090422,576,9747,85028,2395,147
1755091322,3394,3358,88894,2163,116
1755092222,5793,3352,88810,2093,116
1755093123,3175,3437,88754,2097,116
1755094023,4439,3379,88785,2107,116
1755094924,77,3877,88794,2117,116
1755095824,46,4018,88771,2123,116
1755096724,332,3608,88824,2131,116
1755097625,767,4431,88813,2134,116
1755098525,1148,4900,88769,2132,116
1755099426,1166,3499,88726,2131,116
1755100326,653,3452,88809,2126,116
1755101226,1076,3444,88720,2126,116
1755102127,528,3421,88821,2125,116
1755103027,598,3414,88726,2118,117
1755103928,1736,3399,88763,2105,115
1755104828,695,3391,88708,2091,115
1755105728,168,3395,88690,2076,114
1755106629,229,3396,88742,2064,115
1755107529,178,3441,88722,2052,114
1755108430,110,3403,88720,2039,115
1755109330,46,3395,88699,2024,115
1755110230,31,3405,88740,2010,115
1755111131,8,3411,88808,1999,115
1755112031,5,3406,88815,1990,115
1755112932,5,3397,88824,1982,115
1755113832,6,3405,88856,1974,114
1755114732,6,3405,88915,1965,114
1755115633,7,3402,88910,1959,114
1755116533,5,3410,88905,1953,114
1755117434,6,3399,88920,1949,115
1755118334,6,3402,88958,1946,114
1755119234,6,3386,89066,1944,114
1755120135,5,3389,89019,1941,113
1755121035,6,3393,89015,1938,113
1755121936,6,3390,89011,1935,114
1755122836,7,3392,88988,1930,112
1755123736,5,3402,88917,1925,113
1755124637,6,3408,89002,1921,112
1755125537,6,3412,88990,1917,112
1755126438,6,3413,88942,1913,111
1755127338,6,3421,88961,1909,112
1755128238,6,3434,89042,1907,112
1755129139,5,3416,88958,1904,112
1755130039,5,3437,88947,1902,111
1755130940,6,3438,88907,1899,111
1755131840,6,3435,88921,1897,111
1755132740,6,3444,88896,1895,112
1755133641,6,3452,88893,1893,111
1755134541,6,3457,88892,1891,111
1755135442,6,3448,88904,1889,112
1755136342,7,3451,88881,1888,112
1755137242,6,3466,88850,1887,111
1755138143,6,3469,88876,1886,111
1755139043,5,3467,88833,1884,112
1755139944,6,3480,88827,1883,111
1755140844,5,3483,88905,1883,111
1755141744,5,3486,88913,1882,111
1755142645,6,3502,88892,1883,111
1755143545,6,3500,88880,1883,111
1755144446,6,3507,88862,1882,111
1755145346,5,3475,88855,1883,113
1755146246,6,3487,88833,1882,111
1755147147,5,3479,88910,1881,111
1755148047,5,3495,88892,1879,111
1755148948,10,3508,88911,1877,111
1755149848,26,3515,88892,1876,111
1755150748,266,3530,88942,1875,111
1755151649,542,3536,88917,1874,111
1755152549,863,3543,88977,1875,113
1755153450,1092,3539,88993,1876,111
1755154350,1133,3548,89025,1879,111
1755155250,2048,3535,88966,1882,111
1755156151,831,3552,88983,1887,111
1755157051,1068,3559,89018,1891,113
1755157952,2398,3538,89023,1897,111
1755158852,2262,3542,88996,1904,111
1755159752,2101,3559,89020,1908,113
1755160653,2520,3566,89064,1915,111
1755161553,3074,3577,89027,1924,111
1755162454,3682,3503,89012,1931,111
1755163354,12724,3504,89058,1941,111
1755164254,3235,3510,88982,1949,111
1755165155,2282,3541,89006,1958,112
1755166055,4230,3553,89062,1973,111
1755166956,3863,3601,89223,1986,111
1755167856,105,3999,89295,1998,113
1755168756,64,4069,89431,2011,112
1755169657,181,3931,89409,2027,111
1755170557,247,3920,89358,2040,112
1755171458,419,3900,89356,2049,112
1755172358,833,3880,89315,2053,112
1755173258,1810,3840,89278,2056,111
1755174159,7300,3841,89189,2068,113
1755175059,7102,3850,89205,2092,112
1755175960,7222,3905,89139,2129,112
1755176860,1761,3940,89033,2170,113
1755177760,9896,3891,89070,2220,113
1755178661,2851,3910,89025,2270,112
1755179561,2379,3956,88891,2306,112
1755180462,1118,3974,88962,2358,112
1755181362,1261,3977,88875,2377,112
1755182262,3104,3955,88912,2365,112
1755183163,3225,3969,88886,2346,112
1755184063,4190,3965,88859,2321,113
1755184964,2472,3816,88829,2314,113
1755185864,1294,3851,88808,2291,112
1755186764,1432,3857,88785,2279,112
1755187665,1093,3849,88819,2258,113
1755188565,3409,3856,88750,2227,112
1755189466,1637,3869,88728,2198,112
1755190366,1173,3889,88792,2171,113
1755191266,794,3925,88762,2151,113
1755192167,1583,3915,88711,2132,111
1755193067,1916,3938,88749,2115,111
1755193968,1270,3956,88785,2097,113
1755194868,505,3978,88712,2081,113
1755195768,139,4043,88757,2066,111
1755196669,61,4076,88725,2053,111
1755197569,11,4068,88769,2040,111
1755198470,6,4086,88793,2026,112
1755199370,6,4098,88827,2013,111
1755200270,7,4116,88859,2001,111
1755201171,6,3928,88804,1992,111
1755202071,7,3947,88844,1983,111
1755202972,6,3948,88870,1975,111
1755203872,5,3943,88888,1968,111
1755204772,7,3950,88872,1960,111
1755205673,6,3969,88863,1954,111
1755206573,6,3991,88920,1948,112
1755207474,6,3986,88880,1943,111
1755208374,6,3992,88912,1939,112
1755209274,5,3996,88917,1935,111
1755210175,5,4016,88950,1931,112
1755211075,6,4015,88901,1926,111
1755211976,6,4042,88951,1922,112
1755212876,5,4045,88943,1918,111
1755213776,6,4053,88924,1915,111
1755214677,6,4052,88929,1912,111
1755215577,6,4060,88904,1909,111
1755216478,6,4093,88861,1907,111
1755217378,6,4090,88842,1904,112
1755218278,6,4101,88873,1902,112
1755219179,5,4113,88856,1900,112
1755220079,5,4117,88804,1898,111
1755220980,5,4134,88813,1896,112
1755221880,6,4137,88792,1894,110
1755222780,5,4157,88745,1890,112
1755223681,5,4149,88714,1886,112
1755224581,7,4153,88755,1882,112
1755225482,5,4179,88748,1878,112
1755226382,5,4181,88673,1874,112
1755227282,6,4183,88732,1871,110
1755228183,5,4195,88727,1868,110
1755229083,6,4207,88682,1864,111
1755229984,7,4208,88704,1860,112
1755230884,6,4219,88669,1854,112
1755231784,6,4220,88679,1848,112
1755232685,4,4240,88709,1844,110
1755233585,6,4243,88740,1838,113
1755234486,6,4262,88708,1834,111
1755235386,16,4266,88698,1829,112
1755236286,107,4272,88708,1825,112
1755237187,301,4282,88743,1821,113
1755238087,482,4284,88736,1819,112
1755238988,665,4308,88746,1816,113
1755239888,1281,4313,88719,1814,113
1755240788,1940,4304,88756,1814,112
1755241689,2601,4317,88767,1818,110
1755242589,4905,4354,88761,1827,112
1755243489,18657,4353,88715,1838,110
1755244390,23420,4364,88709,1852,110
1755245290,25912,4377,88729,1878,110
1755246191,26863,4392,88727,1911,110
1755247091,24963,4403,88729,1946,110
1755247991,6609,4401,88732,1980,110
1755248892,33590,4429,88727,2016,110
1755249792,8930,4440,88736,2044,112
1755250693,8849,4441,88719,2073,112
1755251593,9500,4450,88727,2095,110
1755252493,13132,4500,88773,2126,112
1755253394,10459,4493,88698,2163,111
1755254294,6793,4523,88687,2180,112
1755255195,2741,4502,88694,2211,110
1755256095,1772,4531,88730,2219,112
1755256995,2224,4547,88714,2199,110
1755257896,2284,4555,88733,2183,112
1755258796,871,4731,88689,2158,110
1755259697,3335,4659,88723,2133,110
1755260597,5480,4710,88714,2115,110
1755261497,6140,4745,88620,2100,110
1755262398,6981,4818,88581,2094,111
1755263298,8950,4803,88474,2100,111
1755264199,5978,4845,88505,2111,111
1755265099,5849,4856,88462,2125,110
1755265999,5888,4859,88500,2143,111
1755266900,6553,4878,88477,2158,110
1755267800,6586,4925,88464,2167,109
1755268701,6737,4919,88457,2178,111
1755269601,3643,4983,88381,2199,109
1755270501,3840,4999,88381,2218,111
1755271402,3142,5000,88427,2217,109
1755272302,2206,5013,88358,2220,109
1755273203,1896,5025,88350,2230,109
1755274103,1453,5021,88319,2232,109
1755275003,1257,5084,88338,2221,109
1755275904,1564,5068,88352,2201,109
1755276804,2619,5052,88351,2194,109
1755277705,3052,5051,88321,2198,109
1755278605,2358,5030,88329,2209,109
1755279505,2255,5032,88290,2212,108
1755280406,832,5027,88243,2207,108
1755281306,315,5007,88331,2197,108
1755282207,92,5035,88371,2183,111
1755283107,41,5046,88414,2165,108
1755284007,8,5132,88475,2147,109
1755284908,7,5200,88515,2126,109
1755285808,8,5539,88537,2113,108
1755286709,6,5592,88494,2093,109
1755287609,7,5475,88427,2066,110
1755288509,7,5401,88439,2043,108
1755289410,7,5395,88479,2026,108
1755290310,6,5380,88525,2012,108
1755291211,7,5393,88508,2001,108
1755292111,6,5368,88540,1991,109
1755293011,5,5396,88553,1981,108
1755293912,5,5320,88549,1973,109
1755294812,6,5347,88582,1966,110
1755295713,6,5352,88624,1961,109
1755296613,5,5358,88779,1956,109
1755297513,6,7941,91220,1944,108
1755298414,7,19763,91315,2021,108
1755299314,6,24910,90581,2064,108
1755300215,7,21172,90077,2081,109
1755301115,6,16252,89775,2079,108
1755302015,6,13192,89590,2074,108
1755302916,7,11284,89537,2068,108
1755303816,6,9966,89423,2063,109
1755304717,7,8953,89262,2056,108
1755305617,6,8389,89168,2050,109
1755306517,6,8001,89140,2042,111
1755307418,6,7866,89059,2036,109
1755308318,6,7822,89109,2028,109
1755309219,6,7670,89008,2022,109
1755310119,6,7644,88999,2014,109
1755311019,6,7585,88983,2007,109
1755311920,6,7592,88882,2002,108
1755312820,6,7602,88942,1997,108
1755313721,6,7580,88895,1991,108
1755314621,6,7571,88922,1985,109
1755315521,7,7603,88875,1978,109
1755316422,6,7548,88842,1974,108
1755317322,6,7507,88884,1969,109
1755318223,6,7578,88877,1965,109
1755319123,6,7597,88803,1962,109
1755320023,6,7611,88742,1959,109
1755320924,6,7606,88729,1955,108
1755321824,8,7679,88733,1952,109
1755322725,28,7679,88744,1948,108
1755323625,85,7692,88715,1944,109
1755324525,152,7701,88795,1942,108
1755325426,508,7697,88819,1940,108
1755326326,589,7733,88778,1938,108
1755327227,897,7755,88810,1940,108
1755328127,1071,7727,88770,1944,109
1755329027,1555,7783,88798,1950,109
1755329928,1282,7848,88857,1959,109
1755330828,2368,7814,88808,1967,109
1755331729,2843,7859,88821,1981,109
1755332629,1666,7875,88854,1992,109
1755333529,936,7929,88796,2003,108
1755334430,2890,7927,88799,2012,109
1755335330,6601,7969,88768,2020,107
1755336231,11093,7978,88814,2028,108
1755337131,8488,7982,88797,2051,109
1755338031,25719,8012,88744,2082,109
1755338932,3207,8057,88705,2120,108
1755339832,19605,8055,88677,2159,109
1755340733,22872,8182,88633,2198,109
1755341633,14538,8148,88662,2241,109
1755342533,5127,8249,88558,2292,108
1755343434,4133,8324,88602,2329,109
1755344334,3925,8262,88571,2364,109
1755345235,19034,8327,88586,2374,108
1755346135,5257,8323,88533,2406,108
1755347035,7422,8328,88460,2419,108
1755347936,4095,8533,88490,2427,109
1755348836,3310,8410,88461,2440,108
1755349737,1922,8518,88437,2406,108
1755350637,2511,8410,88542,2379,108
1755351537,3007,8493,88585,2356,108
1755352438,1127,8687,88784,2329,108
1755353338,165,8771,89245,2293,109
1755354239,39,8949,89288,2269,108
1755355139,10,9249,89445,2267,108
1755356039,8,9805,89552,2270,107
1755356940,9,9755,89684,2247,108
1755357840,9,9860,90028,2213,107
1755358741,8,10627,90385,2204,107
1755359641,8,13744,90578,2194,107
1755360541,8,18246,90155,2196,107
1755361442,7,24280,89777,2189,106
1755362342,8,23448,89651,2195,106
1755363243,7,18687,89380,2198,107
1755364143,7,14431,89422,2200,107
1755365043,8,11759,89225,2207,106
1755365944,8,10042,89115,2207,106
1755366844,8,9038,89159,2199,106
1755367745,8,8599,89164,2190,106
1755368645,7,8344,89193,2180,106
1755369545,7,8084,89140,2167,107
1755370446,8,7820,89092,2153,106
1755371346,7,7731,89112,2139,106
1755372247,6,7621,89089,2126,107
1755373147,6,7599,89096,2113,107
1755374047,7,7508,89097,2102,107
1755374948,6,7438,89077,2091,107
1755375848,7,7405,89093,2080,107
1755376749,6,7317,89119,2070,107
1755377649,7,7293,89162,2060,106
1755378549,6,7281,89116,2052,106
1755379450,6,7244,89088,2044,106
1755380350,7,7184,89051,2035,106
1755381251,6,7250,89092,2028,106
1755382151,7,7214,89083,2023,106
1755383051,7,7308,89028,2018,107
1755383952,6,6819,89090,2012,106
1755384852,6,6406,89088,2006,106
1755385753,6,6412,89054,2000,106
1755386653,6,6202,89061,1996,106
1755387553,6,6118,89088,1991,106
1755388454,7,6010,89065,1987,105
1755389354,7,6007,89054,1982,105
1755390255,7,6052,89063,1978,106
1755391155,6,5910,89076,1973,105
1755392055,6,5855,89052,1967,107
1755392956,6,5744,89020,1963,105
1755393856,7,5748,88990,1959,105
1755394757,7,5825,89030,1955,106
1755395657,6,5935,88951,1952,106
1755396557,6,5651,88922,1948,105
1755397458,6,5638,88882,1943,105
1755398358,6,5501,88906,1938,105
1755399259,7,5717,88886,1934,105
1755400159,6,5465,88877,1930,105
1755401059,6,5346,88923,1927,106
1755401960,6,5374,88932,1924,105
1755402860,7,5295,88973,1922,105
1755403761,7,5409,88985,1920,104
1755404661,6,5283,88925,1918,106
1755405561,6,5153,88933,1916,104
1755406462,7,5141,88948,1913,104
1755407362,6,5101,88970,1911,105
1755408263,7,6434,88950,1909,105
1755409163,28,5355,88895,1906,105
1755410063,152,5042,88925,1905,104
1755410964,308,5479,88913,1905,104
1755411864,358,4995,88889,1906,104
1755412765,364,4969,88895,1906,104
1755413665,350,5061,88916,1906,104
1755414565,798,5236,88852,1907,104
1755415466,1623,4934,88932,1912,104
1755416366,6405,4881,88891,1919,104
1755417267,3367,4896,88994,1929,104
1755418167,2139,5090,88967,1946,103
1755419067,9308,4790,88987,1963,103
1755419968,3288,5145,88992,1978,104
1755420868,3810,4945,89003,1991,104
1755421769,5257,5036,89027,2005,103
1755422669,6853,5895,88970,2022,103
1755423569,19889,4952,88981,2046,105
1755424470,9813,4889,88880,2075,104
1755425370,27692,4783,88922,2112,105
1755426271,10836,4787,88860,2164,104
1755427171,2813,4802,88921,2192,104
1755428071,5597,4774,88891,2215,104
1755428972,7078,5034,88819,2252,104
1755429872,21718,5167,88792,2257,104
1755430773,2510,6729,88787,2272,104
1755431673,18842,5536,88790,2286,105
1755432573,18513,5561,88786,2336,104
1755433474,3012,5685,88819,2390,104
1755434374,15646,5213,88765,2436,104
1755435275,4258,5998,88750,2456,103
1755436175,4290,5366,88692,2449,105
1755437075,3114,4904,88680,2435,104
1755437976,3547,5140,88756,2417,104
1755438876,4346,4905,88785,2403,104
1755439777,1099,5324,88681,2411,105
1755440677,935,4945,88639,2411,103
1755441577,830,5214,88670,2430,103
1755442478,2401,5217,88675,2459,103
1755443378,4100,5046,88683,2481,103
1755444279,1561,4880,88709,2487,103
1755445179,1675,5597,88683,2470,103
1755446079,2186,4874,88700,2457,104
1755446980,1826,4884,88732,2429,104
1755447880,694,4908,88724,2385,103
1755448781,369,5222,88812,2343,104
1755449681,766,4965,88761,2308,104
1755450581,435,4907,88777,2274,104
1755451482,304,5245,88766,2241,104
1755452382,357,5224,88830,2207,104
1755453283,306,5034,88851,2177,104
1755454183,93,5044,88902,2150,104
1755455083,13,4950,88917,2126,104
1755455984,9,5946,88985,2105,104
1755456884,7,5040,89014,2087,104
1755457785,6,6083,89036,2069,103
1755458685,6,5084,89055,2055,104
1755459585,7,5265,89137,2042,104
1755460486,7,5096,89111,2030,103
1755461386,6,4872,89182,2020,102
1755462287,7,5031,89123,2012,103
1755463187,6,4991,89179,2006,104
1755464087,6,4955,89233,2000,102
1755464988,7,4978,89194,1994,102
1755465888,7,5050,89207,1989,102
1755466789,7,5340,89158,1983,103
1755467689,6,5119,89192,1977,103
1755468589,7,6384,89174,1971,103
1755469490,7,5093,89212,1966,103
1755470390,6,5098,89210,1960,102
1755471291,6,5382,89109,1954,102
1755472191,6,5449,89211,1947,102
1755473091,6,4772,89196,1942,103
1755473992,6,4771,89216,1936,102
1755474892,5,6632,89185,1933,102
1755475793,6,5187,89162,1928,102
1755476693,6,5255,89150,1924,103
1755477593,5,4686,89158,1921,102
1755478494,6,5120,89142,1918,102
1755479394,6,5590,89140,1915,103
1755480295,7,4681,89118,1912,102
1755481195,5,4602,89073,1909,103
1755482095,7,4600,89186,1905,102
1755482996,6,4645,89096,1902,101
1755483896,6,4589,89095,1898,103
1755484797,6,4560,89102,1893,101
1755485697,6,5494,89102,1889,101
1755486597,6,4542,89078,1884,102
1755487498,7,4588,89082,1880,103
1755488398,7,5070,89032,1876,102
1755489299,6,4987,89078,1871,101
1755490199,5,4592,89057,1867,101
1755491099,6,4544,89101,1863,101
1755492000,6,5485,89095,1860,102
1755492900,6,4568,89106,1857,101
1755493801,6,4691,89097,1854,100
1755494701,9,4723,89178,1852,100
1755495601,45,4599,89101,1850,102
1755496502,90,5530,89144,1848,101
1755497402,248,4900,89153,1846,100
1755498303,431,5590,89111,1845,100
1755499203,933,4765,89130,1845,101
1755500103,977,4574,89164,1847,101
1755501004,1222,4593,89161,1849,101
1755501904,1150,4616,89153,1852,101
1755502805,8575,4624,89127,1859,100
1755503705,2909,4698,89135,1869,100
1755504605,21269,4595,89149,1887,102
1755505506,10851,4953,89087,1907,100
1755506406,15904,4809,89082,1931,101
1755507307,18886,4707,89093,1964,100
1755508207,16622,4709,89065,2001,100
1755509107,19363,5310,89091,2040,101
1755510008,22149,4809,89110,2082,100
1755510908,19870,4701,89050,2120,100
1755511809,18313,4982,88984,2162,100
1755512709,15422,5250,88989,2206,100
1755513609,14866,4739,88937,2245,100
1755514510,14360,5872,88947,2276,100
1755515410,18066,4905,88954,2318,100
1755516311,3971,4788,88868,2337,101
1755517211,15298,5467,88880,2361,101
1755518111,7037,4800,88882,2386,101
1755519012,1171,4828,88910,2354,101
1755519912,2739,4853,88927,2340,101
1755520813,8818,4856,88858,2351,101
1755521713,16697,4858,88865,2354,101
1755522613,15769,4900,88825,2349,100
1755523514,13007,4950,88803,2357,101
1755524414,5090,4967,88722,2355,101
1755525315,2399,4951,88696,2364,101
1755526215,4143,5212,88727,2373,101
1755527115,4402,5015,88695,2376,101
1755528016,1513,5031,88683,2369,101
1755528916,1609,5074,88703,2383,101
1755529817,2032,5090,88651,2397,101
1755530717,2555,5103,88603,2423,101
1755531617,1977,5096,88571,2444,101
1755532518,1877,5123,88591,2438,100
1755533418,2316,5092,88570,2429,101
1755534319,1447,5156,88568,2415,99
1755535219,1102,5198,88615,2386,101
1755536119,964,5214,88608,2354,101
1755537020,168,5252,88624,2322,101
1755537920,238,5274,88601,2295,101
1755538821,84,5279,88691,2274,101
1755539721,242,5356,88639,2244,100
1755540621,170,5433,88629,2207,100
1755541522,109,5436,88647,2171,100
1755542422,17,5470,88737,2142,100
1755543323,9,5446,88742,2117,100
1755544223,7,5516,88713,2094,100
1755545123,7,5456,88749,2073,100
1755546024,6,5485,88795,2055,100
1755546924,8,5499,88827,2039,100
1755547825,7,5522,88868,2024,100
1755548725,6,5529,88851,2010,100
1755549625,6,5528,88905,2000,100
1755550526,7,5543,88937,1989,100
1755551426,6,5572,88938,1981,100
1755552327,6,5585,88905,1973,100
1755553227,6,5559,88939,1967,99
1755554127,6,5565,88901,1962,100
1755555028,6,5644,88933,1958,100
1755555928,7,5560,88956,1954,100
1755556829,6,5607,88968,1949,100
1755557729,7,5592,88985,1946,98
1755558629,6,5644,88955,1943,99
1755559530,6,5658,88928,1940,98
1755560430,7,5584,88926,1938,98
1755561331,6,5660,88933,1937,100
1755562231,6,5661,88886,1934,98
1755563131,7,5644,88892,1933,98
1755564032,7,5693,88906,1930,98
1755564932,6,5676,88930,1928,98
1755565833,7,5988,88874,1926,98
1755566733,6,5724,88871,1923,98
1755567633,7,5734,88906,1920,98
1755568534,6,5725,88866,1918,99
1755569434,7,5712,88891,1915,98
1755570335,6,5719,88839,1912,99
1755571235,6,5752,88877,1908,98
1755572135,7,5759,88910,1904,98
1755573036,6,5805,88846,1901,98
1755573936,6,5799,88729,1899,98
1755574837,6,5813,88715,1898,98
1755575737,6,5837,88738,1897,98
1755576637,7,5853,88703,1897,98
1755577538,6,5796,88737,1896,98
1755578438,6,5901,88659,1895,98
1755579339,5,5856,88638,1893,98
1755580239,7,5888,88682,1890,98
1755581139,9,5875,88715,1888,98
1755582040,36,5867,88719,1885,98
1755582940,117,5947,88682,1882,98
1755583841,212,5950,88756,1879,98
1755584741,494,5981,88800,1877,98
1755585641,622,5880,88777,1876,98
1755586542,1090,5942,88839,1877,98
1755587442,1774,5945,88807,1881,97
1755588343,2533,6142,88823,1886,97
1755589243,12771,5986,88825,1896,97
1755590143,9708,6098,88831,1910,97
1755591044,12398,6055,88840,1929,97
1755591944,9311,6108,88780,1955,97
1755592845,19069,6077,88808,1989,97
1755593745,18576,6128,88834,2024,99
1755594645,2790,6153,88788,2048,98
1755595546,65535,10078,85198,2273,96
