If found, please contact tlang@live.unc.edu
Firmware updated: 2025/07/16
OpenOBS SN:471

time,ambient_light,backscatter,pressure,water_temp,battery
1753435465,9917,9039,82567,3219,151
1753435765,65535,10098,83187,3707,136
1753436065,25226,8984,82729,3819,117
1753436366,1253,11877,82258,3445,117
1753436666,11591,3341,87884,2493,117
1753436967,12153,3342,88027,2312,117
1753437267,10765,3350,88139,2273,116
1753437567,10574,3358,88139,2268,116
1753437868,13358,3344,88171,2274,116
1753438168,17014,3352,88177,2283,116
1753438469,16705,3434,88195,2294,116
1753438769,16134,3471,88202,2305,116
1753439070,17635,3492,88212,2315,116
1753439370,10614,3500,88179,2324,116
1753439670,9361,3544,88226,2332,116
1753439971,10096,3533,88222,2339,116
1753440271,8877,3561,88264,2345,116
1753440572,9114,3569,88271,2352,116
1753440872,11039,3603,88261,2360,116
1753441172,11200,3613,88266,2370,116
1753441473,18653,3637,88274,2379,117
1753441773,13849,3678,88259,2389,116
1753442074,15405,3665,88264,2398,116
1753442374,20356,3677,88248,2408,116
1753442674,23569,4183,88221,2419,116
1753442975,19867,4301,88176,2427,116
1753443275,30546,3753,88177,2437,116
1753443576,31900,3778,88194,2450,117
1753443876,30495,3857,88151,2466,116
1753444176,22675,3854,88126,2482,117
1753444477,16136,3892,88131,2494,116
1753444777,14509,3906,88135,2502,116
1753445078,11517,3971,88129,2510,116
1753445378,4896,4027,88129,2517,117
1753445678,4545,3980,88102,2521,116
1753445979,3395,3993,88098,2526,116
1753446279,2520,3999,88050,2531,117
1753446580,1924,4012,88090,2536,116
1753446880,1385,4034,88076,2542,115
1753447180,442,4120,88151,2543,115
1753447481,11,4683,88355,2538,116
1753447781,7,5254,88307,2543,116
1753448082,8,4903,88722,2545,116
1753448382,8,4155,88842,2542,116
1753448682,6,6911,88805,2537,116
1753448983,7,9604,88843,2540,115
1753449283,8,10518,88851,2556,115
1753449584,6,9031,88952,2567,116
1753449884,8,7513,88886,2560,116
1753450185,6,7003,89069,2553,114
1753450485,8,6797,89161,2552,116
1753450785,8,7118,89007,2555,115
1753451086,8,7715,88987,2557,114
1753451386,7,8303,89033,2565,116
1753451687,8,7648,89048,2576,116
1753451987,7,8023,88880,2589,116
1753452287,7,8297,88933,2600,116
1753452588,8,7376,89013,2610,116
1753452888,7,8318,88851,2616,116
1753453189,7,7867,88845,2625,114
1753453489,7,8687,88828,2632,116
1753453789,7,4573,88752,2635,115
1753454090,7,4780,88745,2637,116
1753454390,7,4657,88742,2637,115
1753454691,8,4939,88583,2638,114
1753454991,7,11148,88551,2636,116
1753455291,7,5863,88532,2633,115
1753455592,6,6119,88514,2631,114
1753455892,6,6203,88513,2629,114
1753456193,7,5934,88513,2625,114
1753456493,7,5625,88450,2622,114
1753456793,7,5048,88405,2617,114
1753457094,6,4747,88433,2613,115
1753457394,7,4543,88467,2610,114
1753457695,9,4355,88384,2606,114
1753457995,8,4169,88393,2600,115
1753458295,11,4132,88376,2596,115
1753458596,12,4055,88321,2595,114
1753458896,13,3996,88301,2592,114
1753459197,14,3983,88311,2589,114
1753459497,13,3970,88276,2583,114
1753459798,13,3918,88285,2577,114
1753460098,14,3946,88248,2572,114
1753460398,16,3986,88206,2567,114
1753460699,15,3911,88293,2564,114
1753460999,17,3981,88286,2563,114
1753461300,17,3929,88237,2562,114
1753461600,18,3873,88249,2561,114
1753461900,20,3926,88228,2562,115
1753462201,28,3908,88192,2562,114
1753462501,27,4108,88162,2559,114
1753462802,23,3797,88203,2555,114
1753463102,26,3864,88184,2548,114
1753463402,33,3783,88195,2541,114
1753463703,37,3801,88205,2534,114
1753464003,44,3975,88249,2528,114
1753464304,27,3766,88179,2521,115
1753464604,19,3707,88199,2514,114
1753464904,17,3697,88151,2506,115
1753465205,16,3671,88215,2496,114
1753465505,19,3644,88215,2487,115
1753465806,9,3764,88394,2476,114
1753466106,8,3888,88436,2465,115
1753466406,7,3915,88544,2457,115
1753466707,6,4494,88863,2446,115
1753467007,6,9849,89065,2432,115
1753467308,6,12676,89641,2418,115
1753467608,6,30712,90006,2409,114
1753467908,7,31119,90355,2403,114
1753468209,6,16917,90527,2393,111
1753468509,5,21623,90610,2389,113
1753468810,6,20855,90060,2378,114
1753469110,5,20795,90203,2363,114
1753469411,5,18838,90201,2355,115
1753469711,5,16995,90086,2351,113
1753470011,7,14605,89906,2349,114
1753470312,6,12665,89715,2346,115
1753470612,6,11278,89752,2344,115
1753470913,5,9596,89666,2340,113
1753471213,6,8853,89455,2335,111
1753471513,6,7575,89623,2329,114
1753471814,6,6918,89571,2322,115
1753472114,5,6575,89516,2317,114
1753472415,7,6204,89443,2312,111
1753472715,6,5967,89305,2308,114
1753473015,6,6059,89200,2305,113
1753473316,6,6448,89232,2303,113
1753473616,7,6596,89325,2302,111
1753473917,5,6472,89163,2299,113
1753474217,6,6163,89188,2296,114
1753474517,6,5768,89145,2292,115
1753474818,6,5660,89140,2288,113
1753475118,6,5237,89117,2285,113
1753475419,5,5167,89204,2281,114
1753475719,6,4766,89109,2278,113
1753476019,6,4597,89074,2275,114
1753476320,5,4573,89030,2274,112
1753476620,5,4519,89024,2272,112
1753476921,5,4468,89022,2270,111
1753477221,6,4513,89047,2269,112
1753477521,4,4450,89008,2267,112
1753477822,6,4409,88979,2265,111
1753478122,5,4261,89025,2263,113
1753478423,4,4200,89015,2261,112
1753478723,5,26444,88925,2258,113
1753479023,6,4060,88898,2255,113
1753479324,4,3968,88871,2253,112
1753479624,5,3859,88853,2251,111
1753479925,5,3852,88906,2248,111
1753480225,5,3813,88893,2245,112
1753480525,5,3725,88913,2242,113
1753480826,3,3680,88778,2239,111
1753481126,6,3661,88827,2236,113
1753481427,5,3631,88798,2233,113
1753481727,4,3622,88792,2230,113
1753482028,6,3577,88818,2227,111
1753482328,6,3559,88815,2224,113
1753482628,4,3546,88798,2221,111
1753482929,5,3535,88870,2218,112
1753483229,5,3531,88781,2215,112
1753483530,4,3515,88802,2212,112
1753483830,6,3487,88792,2209,113
1753484130,5,3488,88750,2206,112
1753484431,5,3487,88764,2203,113
1753484731,4,3468,88778,2201,112
1753485032,5,3467,88772,2198,112
1753485332,5,3451,88768,2195,111
1753485632,4,3445,88876,2193,112
1753485933,5,3451,88760,2191,112
1753486233,4,3435,88715,2188,112
1753486534,4,3454,88693,2186,111
1753486834,4,3424,88721,2183,112
1753487134,5,3435,88676,2181,112
1753487435,4,3447,88651,2178,112
1753487735,4,3416,88632,2176,111
1753488036,6,3418,88691,2174,111
1753488336,4,3416,88693,2172,112
1753488636,5,3425,88615,2170,112
1753488937,5,3405,88623,2168,112
1753489237,4,3421,88646,2166,112
1753489538,5,3384,88653,2164,111
1753489838,4,3394,88647,2162,111
1753490138,4,3392,88599,2159,112
1753490439,5,3391,88630,2158,112
1753490739,5,3372,88607,2156,112
1753491040,5,3367,88610,2154,111
1753491340,5,3370,88615,2152,112
1753491640,4,3367,88578,2150,112
1753491941,4,3368,88553,2148,112
1753492241,5,3376,88540,2147,112
1753492542,5,3352,88593,2145,112
1753492842,4,3355,88600,2144,112
1753493142,5,3358,88580,2142,112
1753493443,4,3364,88576,2141,112
1753493743,3,3350,88567,2139,112
1753494044,5,3352,88508,2137,112
1753494344,4,3350,88501,2136,112
1753494645,4,3353,88476,2134,112
1753494945,4,3340,88517,2132,111
1753495245,4,3358,88527,2130,112
1753495546,4,3345,88517,2129,112
1753495846,5,3346,88470,2127,112
1753496147,5,3350,88521,2126,111
1753496447,5,3345,88520,2124,112
1753496747,5,3346,88505,2123,112
1753497048,4,3338,88495,2121,112
1753497348,5,3340,88455,2120,112
1753497649,5,3334,88454,2118,112
1753497949,5,3353,88468,2116,112
1753498249,4,3327,88416,2115,112
1753498550,6,3342,88429,2113,112
1753498850,4,3338,88412,2111,112
1753499151,5,3332,88394,2110,112
1753499451,4,3324,88398,2108,112
1753499751,3,3328,88401,2106,112
1753500052,4,3345,88363,2105,112
1753500352,4,3340,88398,2103,112
1753500653,3,3329,88425,2101,112
1753500953,4,3321,88318,2100,112
1753501253,4,3336,88391,2098,112
1753501554,4,3339,88372,2096,112
1753501854,4,3339,88370,2095,112
1753502155,4,3328,88356,2093,112
1753502455,4,3315,88369,2091,112
1753502755,4,3340,88361,2090,112
1753503056,3,3316,88318,2089,112
1753503356,5,3318,88319,2087,112
1753503657,4,3318,88305,2086,112
1753503957,5,3324,88331,2085,112
1753504257,5,3321,88268,2083,112
1753504558,5,3323,88267,2082,112
1753504858,4,3311,88249,2080,112
1753505159,5,3315,88290,2079,112
1753505459,4,3326,88326,2078,112
1753505759,4,3316,88290,2077,112
1753506060,4,3308,88321,2075,112
1753506360,5,3319,88265,2074,112
1753506661,6,3325,88292,2073,112
1753506961,8,3324,88327,2072,112
1753507262,14,3339,88263,2071,112
1753507562,25,3327,88304,2069,112
1753507862,43,3317,88268,2068,112
1753508163,79,3328,88252,2067,112
1753508463,125,3316,88330,2066,113
1753508764,177,3323,88218,2065,112
1753509064,297,3339,88274,2063,113
1753509364,378,3332,88262,2063,112
1753509665,522,3331,88291,2062,113
1753509965,582,3329,88280,2061,112
1753510266,641,3333,88286,2061,112
1753510566,760,3335,88336,2060,112
1753510866,1002,3361,88368,2060,111
1753511167,1121,3347,88352,2061,113
1753511467,1213,3372,88356,2061,113
1753511768,1456,3431,88348,2062,112
1753512068,1640,3430,88415,2063,112
1753512368,1952,3328,88377,2065,112
1753512669,1941,3325,88334,2068,112
1753512969,1596,3322,88346,2070,113
1753513270,1079,3321,88369,2072,112
1753513570,1039,3320,88350,2074,113
1753513870,1568,3316,88445,2076,113
1753514171,1792,3317,88437,2078,112
1753514471,1918,3324,88403,2081,113
1753514772,1619,3307,88436,2084,112
1753515072,1625,3315,88387,2087,112
1753515372,1610,3311,88408,2090,112
1753515673,2032,3316,88414,2092,112
1753515973,2570,3315,88375,2094,112
1753516274,2668,3318,88355,2097,112
1753516574,9502,3306,88386,2099,113
1753516874,15745,3329,88326,2104,111
1753517175,17475,3324,88365,2107,112
1753517475,2098,3320,88336,2109,112
1753517776,3548,3332,88363,2111,112
1753518076,9878,3323,88415,2114,112
1753518376,5517,3331,88390,2122,112
1753518677,4460,3324,88402,2128,112
1753518977,2662,3327,88385,2136,112
1753519278,1879,3323,88424,2142,112
1753519578,2057,3325,88412,2149,112
1753519879,1314,3321,88389,2155,112
1753520179,2190,3326,88407,2162,112
1753520479,3839,3332,88451,2168,112
1753520780,2951,3328,88391,2174,112
1753521080,4049,3328,88342,2177,112
1753521381,2185,3341,88362,2180,112
1753521681,2146,3344,88358,2181,111
1753521981,3955,3333,88447,2182,112
1753522282,3588,3336,88530,2183,112
1753522582,3169,3350,88502,2185,112
1753522883,5422,3349,88495,2188,112
1753523183,9982,3345,88488,2193,112
1753523483,8041,3344,88470,2197,113
1753523784,10741,3350,88465,2203,112
1753524084,8894,3354,88458,2210,112
1753524385,25223,3362,88487,2217,111
1753524685,7618,3358,88486,2224,111
1753524985,4954,3360,88445,2228,111
1753525286,32393,3364,88442,2234,112
1753525586,29796,3384,88441,2247,112
1753525887,30978,3374,88434,2262,111
1753526187,6563,3361,88457,2281,111
1753526487,15593,3379,88445,2293,111
1753526788,7111,3359,88463,2307,111
1753527088,6242,3361,88417,2320,112
1753527389,5621,3362,88444,2332,111
1753527689,15792,3367,88470,2345,111
1753527989,9396,3371,88488,2362,111
1753528290,9446,3374,88470,2378,111
1753528590,23159,3374,88463,2393,113
1753528891,4553,3377,88437,2405,112
1753529191,5773,3389,88426,2413,112
1753529491,4766,3385,88429,2420,111
1753529792,2089,3391,88377,2426,111
1753530092,5548,3382,88350,2430,113
1753530393,8986,3385,88356,2436,113
1753530693,16561,3381,88355,2443,112
1753530994,10440,3381,88315,2450,111
1753531294,7975,3399,88350,2453,113
1753531594,8985,3399,88349,2456,113
1753531895,2535,3398,88358,2458,112
1753532195,2693,3392,88282,2454,113
1753532496,4346,3404,88315,2450,112
1753532796,3174,3407,88327,2446,112
1753533096,6428,3408,88285,2443,111
1753533397,11830,3404,88279,2445,113
1753533697,11168,3421,88297,2455,112
1753533998,7321,11342,88292,2467,112
1753534298,908,20694,88313,2479,112
1753534598,695,16842,88315,2482,112
1753534899,541,9198,88283,2477,113
1753535199,1697,10464,88232,2471,112
1753535500,1810,11689,88316,2472,112
1753535800,759,14006,88282,2476,112
1753536100,1572,10959,88300,2479,112
1753536401,627,11817,88279,2482,112
1753536701,985,10565,88247,2483,112
1753537002,2101,12216,88215,2484,112
1753537302,2033,11602,88237,2491,112
1753537602,1938,13381,88195,2501,113
1753537903,1517,10720,88228,2508,112
1753538203,1426,13763,88191,2514,112
1753538504,1251,10170,88197,2515,111
1753538804,1008,10308,88214,2510,112
1753539104,1254,12896,88202,2501,113
1753539405,1291,10985,88179,2497,112
1753539705,1140,12559,88185,2494,112
1753540006,1186,11949,88182,2493,112
1753540306,1302,11403,88169,2492,112
1753540607,820,9987,88152,2490,111
1753540907,737,11057,88174,2492,113
1753541207,530,12261,88136,2499,112
1753541508,606,11702,88161,2502,112
1753541808,520,12511,88128,2501,112
1753542109,423,10370,88153,2499,112
1753542409,481,11694,88144,2499,112
1753542709,518,10367,88120,2503,112
1753543010,776,9787,88147,2507,112
1753543310,802,10198,88149,2509,112
1753543611,789,9380,88129,2513,112
1753543911,650,9347,88133,2518,112
1753544211,618,8923,88077,2520,113
1753544512,539,9845,88085,2521,112
1753544812,490,9110,88118,2524,112
1753545113,553,8596,88118,2529,112
1753545413,819,7958,88101,2534,112
1753545713,602,9620,88097,2539,112
1753546014,569,9548,88053,2539,112
1753546314,796,8118,88088,2538,112
1753546615,542,9091,88046,2537,112
1753546915,605,8097,88081,2538,112
1753547215,533,9367,88076,2541,112
1753547516,594,8402,88068,2542,112
1753547816,415,9212,88068,2541,112
1753548117,603,8390,88065,2538,112
1753548417,636,8027,87978,2536,111
1753548717,471,8287,88006,2533,112
1753549018,430,8292,88044,2531,112
1753549318,520,7641,87986,2524,112
1753549619,449,7607,88010,2518,113
1753549919,225,9798,87982,2510,112
1753550219,237,7522,88032,2502,112
1753550520,188,7840,88038,2493,112
1753550820,252,8172,88090,2484,112
1753551121,179,9354,88065,2475,111
1753551421,295,7602,88062,2468,112
1753551722,284,7434,88098,2460,112
1753552022,261,7532,88054,2453,113
1753552322,205,8141,88028,2445,112
1753552623,124,8306,88068,2437,112
1753552923,133,7779,88069,2428,112
1753553224,120,7560,88084,2419,112
1753553524,107,7735,88097,2410,112
1753553824,100,7788,88118,2401,112
1753554125,75,8583,88101,2391,113
1753554425,49,8189,88101,2381,112
1753554726,38,8449,88088,2372,113
1753555026,35,7526,88115,2361,113
1753555326,28,7736,88074,2351,113
1753555627,22,7150,88098,2340,113
1753555927,14,7530,88112,2329,113
1753556228,8,8074,88113,2320,113
1753556528,7,8109,88108,2311,111
1753556828,8,7554,88163,2302,112
1753557129,5,7873,88150,2293,112
1753557429,6,8134,88151,2284,112
1753557730,6,7274,88150,2275,112
1753558030,6,7901,88148,2267,111
1753558330,6,8010,88156,2259,113
1753558631,5,7874,88217,2251,112
1753558931,6,7933,88194,2244,111
1753559232,6,7886,88226,2236,112
1753559532,6,7399,88208,2229,111
1753559832,6,8274,88226,2222,112
1753560133,5,8269,88288,2216,111
1753560433,4,8261,88280,2209,112
1753560734,4,8236,88283,2203,113
1753561034,5,7956,88269,2197,112
1753561334,5,7697,88284,2192,112
1753561635,4,8039,88294,2186,112
1753561935,5,7884,88303,2181,112
1753562236,5,7262,88310,2176,112
1753562536,4,7192,88351,2171,112
1753562837,5,7238,88351,2167,112
1753563137,3,7694,88321,2162,112
1753563437,4,7847,88360,2157,112
1753563738,4,8433,88390,2154,113
1753564038,5,8065,88382,2149,112
1753564339,4,7482,88367,2146,112
1753564639,4,7220,88414,2142,112
1753564939,4,8030,88388,2138,112
1753565240,5,7787,88363,2134,112
1753565540,4,7778,88332,2131,112
1753565841,5,7427,88348,2127,112
1753566141,5,7708,88351,2123,112
1753566441,5,7525,88411,2120,112
1753566742,5,7676,88354,2117,112
1753567042,4,8126,88380,2114,112
1753567343,4,7856,88368,2112,112
1753567643,4,7862,88379,2109,112
1753567943,5,7837,88375,2107,112
1753568244,4,9236,88375,2104,113
1753568544,4,7395,88376,2101,112
1753568845,3,7284,88380,2099,113
1753569145,6,7738,88392,2097,112
1753569445,4,7673,88409,2094,112
1753569746,5,7748,88388,2092,112
1753570046,5,7829,88377,2090,112
1753570347,4,7403,88410,2087,112
1753570647,4,7963,88394,2086,112
1753570947,4,7844,88396,2084,112
1753571248,5,7897,88366,2081,112
1753571548,5,7590,88402,2080,112
1753571849,4,7756,88358,2078,112
1753572149,4,8379,88375,2076,113
1753572449,6,7371,88396,2075,112
1753572750,5,7439,88390,2072,112
1753573050,5,8372,88384,2071,113
1753573351,5,7875,88383,2070,112
1753573651,4,7860,88375,2068,113
1753573951,5,7756,88401,2066,112
1753574252,3,7443,88414,2065,112
1753574552,4,6767,88386,2063,112
1753574853,4,7731,88378,2063,112
1753575153,4,7349,88445,2061,112
1753575454,4,7860,88383,2060,113
1753575754,4,8274,88344,2058,111
1753576054,5,8105,88356,2057,112
1753576355,4,8160,88367,2056,112
1753576655,4,7563,88360,2055,112
1753576956,4,7429,88362,2054,112
1753577256,5,7944,88343,2052,112
1753577556,4,8522,88341,2051,113
1753577857,4,7511,88329,2049,112
1753578157,4,7664,88322,2048,112
1753578458,5,7775,88300,2047,113
1753578758,4,7544,88317,2046,112
1753579058,4,7432,88296,2044,112
1753579359,4,7407,88308,2043,112
1753579659,4,8097,88317,2042,112
1753579960,3,7888,88307,2040,112
1753580260,4,7586,88314,2039,112
1753580560,4,7484,88289,2038,112
1753580861,4,8386,88324,2037,112
1753581161,5,7315,88244,2036,112
1753581462,4,7709,88284,2034,113
1753581762,4,7726,88291,2032,112
1753582062,5,8243,88296,2031,111
1753582363,4,7854,88309,2029,112
1753582663,4,8397,88259,2028,113
1753582964,5,8294,88303,2026,112
1753583264,4,7653,88292,2024,112
1753583564,4,8795,88263,2023,112
1753583865,4,7574,88265,2021,112
1753584165,4,8082,88270,2020,112
1753584466,4,7785,88272,2019,112
1753584766,4,7966,88267,2018,113
1753585066,3,7244,88279,2016,112
1753585367,4,7662,88235,2015,112
1753585667,4,7856,88276,2014,112
1753585968,4,7137,88288,2012,112
1753586268,4,8118,88260,2011,112
1753586568,4,7304,88247,2010,112
1753586869,4,7311,88265,2008,112
1753587169,5,7467,88269,2007,112
1753587470,4,7550,88225,2006,111
1753587770,4,7593,88239,2005,113
1753588070,4,8000,88243,2003,112
1753588371,4,7446,88293,2002,112
1753588671,4,7893,88234,2002,112
1753588972,4,7118,88287,2000,112
1753589272,3,7472,88273,2000,111
1753589573,4,8126,88207,1999,112
1753589873,5,7766,88218,1998,112
1753590173,4,7460,88231,1998,112
1753590474,4,7726,88213,1997,111
1753590774,4,7940,88210,1995,113
1753591075,4,7682,88208,1994,112
1753591375,3,7847,88209,1993,112
1753591675,4,7312,88219,1991,112
1753591976,4,7089,88255,1990,112
1753592276,5,7864,88241,1989,112
1753592577,4,7597,88225,1988,112
1753592877,4,7048,88224,1987,111
1753593177,5,7497,88224,1985,112
1753593478,7,7501,88228,1984,112
1753593778,11,7130,88224,1983,112
1753594079,16,7133,88257,1981,112
1753594379,28,7279,88240,1980,112
1753594679,42,7542,88247,1978,112
1753594980,49,7696,88228,1977,112
1753595280,80,7601,88282,1976,112
1753595581,116,7499,88249,1974,112
1753595881,135,7353,88255,1973,112
1753596181,158,7650,88256,1972,112
1753596482,161,7401,88254,1971,112
1753596782,202,7596,88241,1970,112
1753597083,250,7806,88263,1969,112
1753597383,299,7445,88280,1969,112
1753597683,367,7330,88308,1968,112
1753597984,389,7570,88262,1968,112
1753598284,474,7387,88264,1968,112
1753598585,461,7745,88282,1968,112
1753598885,483,7480,88291,1969,112
1753599185,585,7177,88272,1970,111
1753599486,498,7651,88248,1971,112
1753599786,575,7169,88239,1972,112
1753600087,538,7814,88272,1974,112
1753600387,568,7768,88262,1975,112
1753600687,670,7283,88261,1977,112
1753600988,680,7468,88240,1979,112
1753601288,841,7325,88253,1981,112
1753601589,961,7015,88280,1983,112
1753601889,961,7465,88237,1986,111
1753602190,759,7757,88255,1989,112
1753602490,1066,7300,88275,1992,112
1753602790,964,7677,88273,1995,112
1753603091,1065,7578,88262,1998,112
1753603391,1386,7284,88296,2001,110
1753603692,1046,7882,88296,2005,112
1753603992,1159,7527,88286,2008,112
1753604292,1119,7865,88291,2013,112
1753604593,1099,7890,88241,2017,112
1753604893,1251,7369,88292,2022,112
1753605194,1328,7656,88297,2027,112
1753605494,1358,7289,88283,2033,112
1753605794,1333,7395,88322,2038,112
1753606095,1502,7610,88281,2043,112
1753606395,1721,7227,88295,2049,112
1753606696,1441,7944,88299,2055,112
1753606996,1715,7255,88289,2061,112
1753607296,1457,7478,88291,2067,110
1753607597,1566,7424,88309,2073,112
1753607897,1613,7376,88287,2078,112
1753608198,1548,7559,88253,2084,111
1753608498,1775,7427,88232,2090,110
1753608798,1790,7259,88213,2097,110
1753609099,1673,7456,88260,2103,110
1753609399,1541,7689,88245,2109,110
1753609700,1429,8252,88230,2115,112
1753610000,1669,7579,88233,2121,112
1753610300,1623,7634,88238,2128,112
1753610601,1554,7956,88228,2133,112
1753610901,1760,7318,88247,2139,112
1753611202,1441,7770,88256,2145,110
1753611502,1332,8038,88218,2150,110
1753611802,1269,7696,88240,2155,110
1753612103,1169,8016,88226,2160,110
1753612403,1553,7471,88237,2166,111
1753612704,1502,7400,88210,2171,110
1753613004,1780,7408,88197,2177,110
1753613304,1795,7246,88237,2182,110
1753613605,1714,7732,88203,2187,110
1753613905,2031,7197,88200,2192,111
1753614206,2080,7166,88196,2198,110
1753614506,2305,7147,88216,2202,112
1753614807,1203,8258,88242,2208,110
1753615107,1423,7520,88183,2212,110
1753615407,1754,7194,88189,2215,110
1753615708,2024,7184,88177,2218,111
1753616008,2000,7391,88198,2222,110
1753616309,1592,7422,88177,2227,112
1753616609,1667,7378,88178,2232,112
1753616909,1538,7287,88174,2235,110
1753617210,1056,7755,88178,2240,112
1753617510,1142,7585,88169,2242,112
1753617811,876,7231,88166,2244,112
1753618111,709,7447,88162,2246,110
1753618411,631,7446,88145,2246,110
1753618712,989,7409,88139,2247,110
1753619012,1387,7312,88133,2248,111
1753619313,1402,7415,88127,2250,110
1753619613,2269,7179,88137,2253,111
1753619913,1986,7376,88117,2256,112
1753620214,2286,7088,88127,2259,110
1753620514,2388,7228,88115,2261,111
1753620815,2256,7272,88064,2263,111
1753621115,2206,7371,88091,2265,110
1753621415,2341,7171,88094,2266,110
1753621716,2285,7374,88065,2267,110
1753622016,1975,7786,88081,2269,110
1753622317,2458,7118,88087,2270,110
1753622617,1885,7584,88083,2272,111
1753622917,2077,7297,88087,2274,109
1753623218,1605,7453,88076,2278,110
1753623518,1295,7648,88046,2281,109
1753623819,1202,7131,88077,2285,110
1753624119,981,7389,88039,2287,111
1753624419,768,7644,88051,2289,110
1753624720,667,7410,88052,2291,110
1753625020,590,7689,88036,2293,110
1753625321,786,7045,88046,2296,110
1753625621,420,7536,88038,2297,110
1753625922,188,8073,88048,2298,110
1753626222,190,7320,88033,2298,110
1753626522,174,7107,88051,2297,109
1753626823,191,7542,88025,2295,110
1753627123,435,7314,88041,2293,109
1753627424,780,7339,87994,2291,109
1753627724,1309,7421,87990,2289,110
1753628024,1526,7350,87982,2287,110
1753628325,1612,7435,87996,2288,110
1753628625,1287,7461,87996,2294,110
1753628926,1150,7769,87990,2296,110
1753629226,1234,7575,87967,2296,110
1753629526,1018,7608,87930,2295,110
1753629827,797,7399,87934,2295,110
1753630127,698,7247,87973,2292,111
1753630428,511,7573,87987,2289,110
1753630728,756,7532,87957,2287,109
1753631028,917,7543,87973,2285,110
1753631329,775,7544,87936,2286,110
1753631629,841,7270,87944,2289,110
1753631930,671,7337,87957,2294,110
1753632230,837,7179,87948,2300,109
1753632530,947,7460,87932,2306,111
1753632831,947,7264,87938,2312,109
1753633131,768,7857,87933,2314,109
1753633432,634,7787,87931,2315,109
1753633732,747,7309,87942,2316,110
1753634032,755,7448,87942,2317,109
1753634333,677,7416,87926,2317,109
1753634633,704,7656,87918,2317,109
1753634934,582,7802,87967,2315,110
1753635234,561,7992,87963,2314,109
1753635534,565,7747,87934,2312,109
1753635835,572,7366,87932,2310,110
1753636135,535,7319,87951,2307,109
1753636436,376,7595,87949,2303,109
1753636736,374,7063,87956,2299,108
1753637037,459,6986,87941,2295,109
1753637337,427,7234,87918,2291,108
1753637637,292,7947,87927,2289,109
1753637938,262,7578,87943,2285,109
1753638238,154,8161,87948,2282,109
1753638539,190,8094,87920,2280,109
1753638839,145,7742,87941,2276,109
1753639139,115,7648,87950,2273,109
1753639440,89,7739,87960,2269,109
1753639740,66,7559,87980,2266,109
1753640041,63,7814,87958,2262,109
1753640341,51,7781,87944,2256,109
1753640641,33,7698,87958,2251,109
1753640942,27,7593,87982,2246,108
1753641242,29,7623,87991,2241,109
1753641543,27,7743,87976,2235,108
1753641843,24,7731,87993,2230,108
1753642143,17,7713,87991,2224,108
1753642444,10,8074,88014,2219,109
1753642744,9,7599,88023,2213,108
1753643045,7,7788,88012,2208,109
1753643345,6,7961,88003,2203,108
1753643645,6,7785,88009,2197,108
1753643946,5,7309,88027,2192,109
1753644246,4,7988,88053,2186,109
1753644547,5,7935,88057,2181,109
1753644847,6,7907,88022,2176,109
1753645147,6,7845,88058,2170,109
1753645448,6,8079,88033,2166,108
1753645748,5,7744,88093,2160,108
1753646049,5,7975,88044,2155,109
1753646349,4,8227,88068,2151,109
1753646649,6,8500,88100,2146,108
1753646950,3,8061,88077,2142,108
1753647250,5,7734,88088,2137,108
1753647551,4,7801,88083,2133,109
1753647851,4,7688,88107,2129,109
1753648152,5,7977,88076,2125,108
1753648452,5,7855,88103,2121,108
1753648752,6,7833,88089,2117,108
1753649053,5,7823,88116,2113,108
1753649353,5,7968,88084,2110,108
1753649654,3,7944,88107,2106,108
1753649954,4,8408,88089,2103,108
1753650254,4,7745,88093,2100,107
1753650555,4,8106,88131,2097,108
1753650855,5,7875,88110,2094,109
1753651156,5,7732,88111,2091,108
1753651456,4,7782,88094,2089,109
1753651756,5,7946,88109,2086,107
1753652057,6,7719,88136,2083,108
1753652357,4,7685,88146,2080,108
1753652658,4,7863,88125,2078,108
1753652958,4,7566,88176,2075,109
1753653258,5,7658,88199,2073,107
1753653559,4,7783,88178,2071,108
1753653859,5,8062,88177,2069,108
1753654160,4,7650,88181,2068,108
1753654460,4,7919,88151,2066,109
1753654760,5,7708,88187,2064,108
1753655061,4,7833,88169,2063,108
1753655361,4,7703,88183,2060,108
1753655662,4,7812,88191,2058,109
1753655962,5,7772,88176,2057,108
1753656262,4,7912,88195,2055,108
1753656563,5,7616,88179,2054,108
1753656863,4,7717,88194,2052,108
1753657164,5,8260,88185,2050,108
1753657464,4,7795,88187,2049,108
1753657764,3,7652,88213,2048,108
1753658065,4,7753,88180,2046,109
1753658365,5,8054,88208,2044,108
1753658666,5,7850,88223,2043,108
1753658966,5,7942,88194,2041,108
1753659266,5,7811,88188,2040,108
1753659567,5,7870,88194,2038,108
1753659867,4,7514,88199,2036,108
1753660168,4,7683,88191,2035,109
1753660468,4,7939,88187,2033,108
1753660768,4,7846,88209,2032,108
1753661069,5,7730,88193,2031,109
1753661369,5,7658,88202,2031,108
1753661670,3,8035,88180,2029,108
1753661970,4,7740,88195,2028,108
1753662271,4,7785,88201,2027,108
1753662571,5,8199,88160,2026,108
1753662871,5,7962,88182,2025,109
1753663172,3,7782,88184,2024,108
1753663472,4,7551,88178,2023,108
1753663773,3,7618,88157,2022,108
1753664073,4,7898,88145,2020,108
1753664373,4,8057,88173,2019,108
1753664674,4,7690,88182,2019,108
1753664974,5,7941,88232,2017,108
1753665275,4,7953,88194,2016,108
1753665575,4,7784,88198,2015,108
1753665875,5,7911,88185,2015,108
1753666176,4,7718,88203,2014,108
1753666476,4,7860,88175,2013,108
1753666777,4,7625,88181,2012,109
1753667077,4,7942,88181,2012,108
1753667377,4,7740,88161,2010,108
1753667678,4,7912,88179,2010,108
1753667978,6,7917,88192,2009,108
1753668279,4,7944,88192,2008,108
1753668579,4,8228,88228,2008,108
1753668879,4,7977,88233,2007,108
1753669180,4,8117,88250,2007,108
1753669480,4,8240,88268,2006,108
1753669781,4,8027,88329,2006,109
1753670081,5,8040,88449,2005,108
1753670381,3,8523,88544,2004,108
1753670682,4,8408,88581,2003,108
1753670982,4,9127,88555,2002,108
1753671283,5,10483,88564,2000,108
1753671583,5,10664,88530,1999,108
1753671883,5,10745,88578,1997,108
1753672184,5,10942,88547,1995,108
1753672484,4,10818,88572,1994,108
1753672785,4,10072,88576,1993,108
1753673085,4,9376,88584,1993,108
1753673385,4,10064,88631,1994,108
1753673686,3,8679,88606,1995,108
1753673986,5,10365,88617,1996,108
1753674287,5,10177,88671,1997,108
1753674587,5,9828,88679,2000,109
1753674888,4,10627,88674,2002,108
1753675188,4,11244,88686,2005,108
1753675488,4,10276,88623,2008,108
1753675789,4,10698,88687,2011,109
1753676089,4,11884,88663,2013,109
1753676390,3,12166,88711,2015,108
1753676690,4,11839,88712,2017,108
1753676990,4,11702,88679,2018,108
1753677291,4,12303,88740,2019,108
1753677591,4,12627,88691,2019,109
1753677892,4,11565,88675,2020,108
1753678192,4,11330,88673,2021,108
1753678492,5,11636,88698,2021,109
1753678793,5,11142,88657,2022,108
1753679093,4,11871,88626,2023,108
1753679394,4,12325,88642,2024,108
1753679694,4,12379,88628,2024,108
1753679994,4,11941,88652,2025,108
1753680295,5,12296,88615,2025,108
1753680595,4,12416,88630,2025,109
1753680896,5,12050,88626,2026,108
1753681196,5,11881,88566,2026,108
1753681496,5,12044,88651,2026,108
1753681797,4,11288,88614,2027,108
1753682097,5,12096,88600,2027,108
1753682398,5,12274,88555,2027,108
1753682698,6,11884,88602,2026,108
1753682998,6,11982,88592,2027,108
1753683299,6,12157,88620,2027,108
1753683599,7,12563,88620,2027,108
1753683900,8,12125,88615,2028,108
1753684200,8,11768,88598,2027,108
1753684500,8,12822,88578,2027,108
1753684801,9,12139,88596,2028,108
1753685101,10,12186,88581,2027,108
1753685402,13,12545,88581,2028,108
1753685702,14,12950,88587,2028,108
1753686002,14,12648,88666,2028,108
1753686303,16,12618,88644,2029,108
1753686603,13,12735,88710,2030,108
1753686904,13,12572,88753,2031,107
1753687204,10,13448,88836,2034,109
1753687504,9,13376,89010,2036,108
1753687805,4,12768,89118,2036,108
1753688105,4,14196,89244,2038,107
1753688406,4,15178,89508,2043,108
1753688706,5,14585,89630,2049,108
1753689007,4,14366,89904,2054,107
1753689307,4,13464,90070,2058,107
1753689607,4,13904,90244,2064,107
1753689908,4,13614,90424,2072,109
1753690208,5,12997,90614,2077,108
1753690509,4,14016,90693,2081,108
1753690809,4,13995,90860,2084,108
1753691109,4,14399,90663,2087,109
1753691410,5,14761,90763,2089,108
1753691710,4,14449,90753,2091,108
1753692011,5,15469,90727,2091,108
1753692311,4,13795,90573,2089,107
1753692611,5,14576,90463,2087,108
1753692912,4,14685,90555,2087,108
1753693212,4,15804,90298,2089,107
1753693513,5,16437,90170,2090,108
1753693813,6,16685,90056,2093,107
1753694113,4,16344,90134,2095,107
1753694414,4,16697,90248,2096,107
1753694714,4,15395,90024,2098,108
1753695015,4,14894,90111,2100,108
1753695315,4,15396,90098,2102,107
1753695615,5,15167,89954,2104,107
1753695916,4,15151,89877,2106,107
1753696216,5,15128,89914,2108,107
1753696517,5,14763,89999,2110,108
1753696817,4,14295,89763,2112,109
1753697117,4,14405,90076,2115,107
1753697418,5,14265,89795,2117,108
1753697718,5,14376,89880,2120,107
1753698019,6,14613,89898,2123,109
1753698319,4,14801,89881,2125,108
1753698619,4,14454,89714,2129,108
1753698920,4,14511,89722,2132,108
1753699220,4,14741,89690,2136,108
1753699521,4,15317,89875,2139,108
1753699821,5,13759,89844,2141,108
1753700121,4,14556,89831,2143,108
1753700422,5,14488,89671,2146,108
1753700722,4,14407,89800,2147,108
1753701023,4,14917,89806,2150,108
1753701323,6,14187,89835,2153,108
1753701624,5,14772,89815,2157,108
1753701924,6,14592,89724,2160,109
1753702224,5,14247,89675,2164,108
1753702525,8,7272,89606,2169,108
1753702825,8,6451,89691,2172,108
1753703126,9,6224,89698,2177,107
1753703426,10,6166,89495,2181,108
1753703726,9,6046,89680,2186,108
1753704027,10,6073,89544,2189,108
1753704327,11,6036,89540,2193,108
1753704628,13,6012,89507,2196,108
1753704928,13,6020,89519,2199,108
1753705228,8,6002,89707,2202,108
1753705529,5,6519,89718,2204,108
1753705829,5,7223,90025,2207,108
1753706130,5,6862,89985,2214,108
1753706430,6,6869,89966,2220,108
1753706730,6,6687,89934,2228,108
1753707031,6,6334,89974,2236,108
1753707331,5,6145,89952,2245,108
1753707632,6,6046,90051,2254,108
1753707932,6,5998,89929,2261,108
1753708232,6,5929,90058,2268,108
1753708533,5,6050,89906,2272,108
1753708833,6,5930,89948,2273,107
1753709134,6,5954,89969,2271,106
1753709434,7,6276,89910,2267,108
1753709734,6,6622,89996,2265,108
1753710035,6,7936,90035,2263,107
1753710335,7,8987,89959,2263,107
1753710636,7,9383,90423,2259,108
1753710936,5,9358,90271,2259,108
1753711236,6,8506,90505,2265,107
1753711537,6,8478,90699,2264,108
1753711837,6,8239,90786,2263,107
1753712138,6,8713,91106,2260,108
1753712438,6,9494,90860,2260,108
1753712738,6,12713,90790,2261,108
1753713039,5,13746,91062,2257,108
1753713339,5,11895,91619,2251,108
1753713640,5,14004,91316,2248,108
1753713940,5,17743,91472,2249,107
1753714241,7,20853,91759,2249,108
1753714541,6,18312,91658,2246,108
1753714841,6,16485,92043,2241,108
1753715142,7,14945,91484,2235,106
1753715442,5,14690,91792,2232,108
1753715743,7,14717,91879,2231,108
1753716043,7,15427,91826,2232,106
1753716343,6,15629,91720,2233,107
1753716644,6,15759,91608,2233,106
1753716944,6,13989,91272,2233,106
1753717245,6,14736,91782,2232,106
1753717545,6,14453,91488,2233,108
1753717845,6,14865,91756,2235,106
1753718146,5,14046,91277,2238,106
1753718446,5,13160,91109,2241,108
1753718747,7,13278,91083,2244,107
1753719047,6,13331,90911,2248,108
1753719347,6,11856,91031,2251,106
1753719648,6,10852,90845,2254,107
1753719948,6,12134,90740,2257,106
1753720249,5,10379,90668,2260,106
1753720549,6,10406,90723,2263,106
1753720849,6,10557,90758,2265,107
1753721150,6,12228,90596,2268,106
1753721450,6,10080,90504,2271,107
1753721751,5,9529,90542,2272,107
1753722051,6,11620,90421,2272,106
1753722352,6,10464,90405,2273,107
1753722652,4,8990,90428,2273,107
1753722952,6,10213,90483,2272,106
1753723253,6,9274,90316,2271,107
1753723553,6,8863,90324,2269,106
1753723854,6,8675,90363,2268,106
1753724154,6,8591,90202,2266,106
1753724454,6,8686,90104,2264,106
1753724755,6,8172,90014,2262,106
1753725055,5,9142,90260,2260,107
1753725356,6,8471,90197,2256,106
1753725656,6,7650,90057,2253,106
1753725956,6,8758,90494,2250,107
1753726257,7,10041,90770,2245,107
1753726557,6,12348,90862,2245,107
1753726858,6,10867,91077,2245,106
1753727158,6,12168,91281,2244,107
1753727458,6,9551,91700,2239,106
1753727759,7,8072,91678,2235,106
1753728059,4,7640,91981,2229,106
1753728360,6,9701,92134,2222,106
1753728660,5,8982,91650,2216,106
1753728960,6,9230,91470,2214,107
1753729261,4,10919,91927,2214,106
1753729561,5,13162,91838,2215,106
1753729862,6,13831,91775,2213,106
1753730162,4,10573,91829,2207,106
1753730462,5,10673,91657,2203,106
1753730763,5,9516,91584,2199,107
1753731063,6,8785,91634,2197,107
1753731364,6,9341,90996,2197,107
1753731664,6,9271,91282,2196,106
1753731965,6,9513,90971,2196,107
1753732265,6,9754,90901,2196,107
1753732565,5,10067,91229,2196,106
1753732866,5,9615,90741,2195,106
1753733166,5,8184,90812,2194,106
1753733467,5,8152,90886,2192,106
1753733767,5,7419,90946,2190,106
1753734067,5,7297,90897,2188,106
1753734368,6,6819,90806,2187,106
1753734668,5,8105,90769,2185,106
1753734969,6,7322,90608,2184,106
1753735269,5,7628,90792,2182,106
1753735569,7,6184,90690,2180,106
1753735870,6,6189,90684,2178,106
1753736170,4,7423,90703,2177,106
1753736471,6,7976,90635,2174,106
1753736771,5,5514,90507,2172,106
1753737071,4,5367,90610,2171,106
1753737372,5,5424,90580,2169,106
1753737672,6,6905,90599,2167,106
1753737973,6,8002,90557,2165,106
1753738273,5,6026,90503,2163,106
1753738573,4,7244,90373,2162,106
1753738874,5,6537,90128,2159,106
1753739174,6,5108,90277,2157,106
1753739475,6,5118,90271,2156,106
1753739775,5,5109,90306,2153,107
1753740076,5,7551,90162,2151,107
1753740376,5,5027,90249,2149,106
1753740676,6,5036,90208,2147,107
1753740977,5,6182,90178,2146,106
1753741277,5,5473,90352,2144,106
1753741578,5,7225,90214,2142,106
1753741878,5,6113,90242,2140,106
1753742178,4,7089,90355,2139,106
1753742479,6,5444,90143,2137,107
1753742779,6,5220,90233,2135,106
1753743080,5,4593,89931,2134,106
1753743380,4,6345,90096,2132,106
1753743680,5,5185,90151,2131,106
1753743981,4,5187,90074,2130,106
1753744281,6,6192,90122,2128,106
1753744582,4,5752,90095,2126,106
1753744882,4,6150,90061,2125,106
1753745182,5,5073,90081,2123,106
1753745483,6,4983,90043,2121,106
1753745783,5,4602,90084,2120,106
1753746084,5,4856,89919,2118,106
1753746384,4,5479,89849,2117,106
1753746684,5,6750,90015,2116,106
1753746985,4,5451,89958,2114,106
1753747285,5,4999,89914,2113,106
1753747586,4,5204,89829,2111,107
1753747886,4,5948,89888,2110,107
1753748186,6,4662,89913,2108,106
1753748487,4,5044,89960,2107,103
1753748787,6,5112,90039,2105,106
1753749088,4,5791,89848,2104,106
1753749388,3,7322,89777,2102,106
1753749689,5,4646,89817,2101,106
1753749989,5,6057,89763,2100,106
1753750289,5,5646,89862,2098,106
1753750590,4,4862,89872,2097,106
1753750890,5,5280,89855,2096,106
1753751191,5,4733,89596,2095,105
1753751491,4,4443,89746,2094,106
1753751791,6,5127,89673,2092,106
1753752092,5,6072,89643,2091,106
1753752392,5,4327,89829,2090,106
1753752693,5,4432,89787,2089,107
1753752993,4,5407,89511,2088,106
1753753293,4,5232,89776,2086,107
1753753594,4,4738,89782,2085,107
1753753894,5,5598,89611,2084,106
1753754195,5,4604,89657,2083,107
1753754495,4,4917,89789,2082,107
1753754795,5,5432,89646,2081,106
1753755096,5,4701,89671,2080,106
1753755396,4,5256,89681,2079,106
1753755697,4,4868,89605,2078,106
1753755997,4,4832,89640,2077,106
1753756297,4,5193,89649,2076,107
1753756598,5,4861,89707,2075,106
1753756898,4,5224,89621,2074,107
1753757199,4,4823,89519,2073,106
1753757499,5,6900,89595,2072,106
1753757799,6,5099,89587,2071,106
1753758100,4,5403,89642,2070,107
1753758400,5,5619,89539,2070,107
1753758701,4,5068,89657,2069,106
1753759001,5,4842,89537,2068,106
1753759302,4,5086,89466,2068,106
1753759602,4,4873,89453,2067,105
1753759902,5,4844,89599,2066,106
1753760203,5,5134,89584,2065,106
1753760503,5,4800,89590,2064,107
1753760804,4,7686,89648,2063,103
1753761104,4,6342,89611,2062,106
1753761404,4,6303,89486,2062,107
1753761705,4,6257,89484,2061,106
1753762005,5,5326,89451,2060,107
1753762306,4,5270,89503,2059,105
1753762606,4,5295,89476,2058,106
1753762906,5,5629,89500,2058,105
1753763207,4,5222,89441,2057,106
1753763507,5,5390,89507,2056,105
1753763808,4,4744,89457,2055,106
1753764108,5,5182,89582,2055,105
1753764408,4,5282,89375,2054,106
1753764709,5,5180,89454,2053,105
1753765009,5,6656,89501,2052,105
1753765310,4,5471,89512,2051,105
1753765610,5,7270,89620,2050,105
1753765910,4,5882,89426,2050,105
1753766211,4,5150,89354,2049,104
1753766511,5,5508,89397,2048,105
1753766812,5,5538,89445,2047,103
1753767112,6,5118,89362,2046,105
1753767412,8,5230,89481,2045,105
1753767713,10,6089,89425,2045,105
1753768013,15,6436,89409,2044,105
1753768314,22,5489,89383,2043,105
1753768614,29,5230,89436,2042,105
1753768915,36,5413,89417,2042,105
1753769215,43,5083,89450,2041,104
1753769515,55,5170,89449,2041,104
1753769816,58,5121,89502,2040,105
1753770116,63,5724,89547,2040,105
1753770417,72,5315,89450,2040,105
1753770717,90,6745,89420,2041,105
1753771017,95,4732,89459,2041,103
1753771318,108,5326,89443,2042,105
1753771618,113,4787,89385,2042,104
1753771919,110,5328,89415,2043,105
1753772219,111,5058,89343,2044,104
1753772519,125,5365,89386,2045,104
1753772820,114,5072,89468,2047,104
1753773120,107,5122,89409,2048,105
1753773421,85,5593,89506,2050,105
1753773721,109,5616,89488,2051,105
1753774021,115,5985,89439,2052,105
1753774322,116,4888,89416,2054,105
1753774622,140,4631,89341,2055,105
1753774923,167,5398,89375,2057,105
1753775223,158,5094,89424,2058,104
1753775523,183,5071,89480,2060,105
1753775824,224,4708,89437,2060,105
1753776124,272,5224,89407,2062,105
1753776425,217,5119,89487,2063,104
1753776725,256,8513,89446,2065,105
1753777026,222,5217,89477,2067,103
1753777326,274,6276,89518,2068,105
1753777626,186,5131,89478,2071,105
1753777927,255,5399,89427,2074,105
1753778227,198,5101,89420,2075,105
1753778528,256,5400,89500,2077,105
1753778828,277,5311,89379,2080,104
1753779128,312,5806,89467,2082,104
1753779429,364,5243,89378,2084,104
1753779729,409,5403,89381,2086,105
1753780030,438,5442,89385,2088,104
1753780330,509,5497,89433,2091,105
1753780630,583,5407,89373,2093,104
1753780931,773,5322,89391,2096,104
1753781231,853,6052,89373,2100,104
1753781532,823,6283,89456,2104,104
1753781832,711,5173,89425,2108,104
1753782132,661,5777,89428,2113,104
1753782433,747,6153,89282,2118,105
1753782733,842,5590,89440,2124,104
1753783034,812,5411,89455,2130,104
1753783334,1001,6382,89474,2137,104
1753783634,1071,5450,89351,2144,104
1753783935,846,5364,89290,2150,104
1753784235,465,5769,89465,2155,104
1753784536,341,6145,89459,2158,104
1753784836,342,5464,89320,2162,104
1753785136,423,7027,89388,2167,104
1753785437,389,5784,89286,2171,104
1753785737,372,5719,89292,2174,104
1753786038,210,5382,89318,2177,104
1753786338,415,6180,89327,2179,105
1753786639,404,5787,89282,2180,104
1753786939,647,5500,89295,2182,104
1753787239,446,5252,89321,2182,104
1753787540,360,5056,89267,2183,104
1753787840,536,5758,89381,2183,104
1753788141,345,5591,89291,2183,104
1753788441,544,5943,89320,2182,104
1753788741,892,5688,89256,2183,104
1753789042,643,6116,89232,2185,104
1753789342,356,5586,89314,2187,104
1753789643,424,6779,89290,2187,104
1753789943,807,5651,89267,2187,104
1753790243,1414,5574,89271,2190,104
1753790544,486,6327,89304,2193,104
1753790844,880,5445,89295,2194,104
1753791145,520,5802,89297,2197,104
1753791445,2243,6534,89372,2200,105
1753791745,646,6177,89357,2205,104
1753792046,459,5903,89293,2208,104
1753792346,158,6513,89344,2210,104
1753792647,179,5829,89366,2211,104
1753792947,111,5724,89337,2213,104
1753793247,95,5601,89438,2218,104
1753793548,235,5845,89343,2221,104
1753793848,332,5591,89378,2224,104
1753794149,322,6352,89333,2227,104
1753794449,244,6255,89367,2227,104
1753794750,180,5875,89376,2226,104
1753795050,81,5116,89359,2225,104
1753795350,36,6495,89341,2224,104
1753795651,20,6087,89436,2225,104
1753795951,19,6104,89450,2226,104
1753796252,19,5199,89423,2230,104
1753796552,22,6962,89471,2233,104
1753796852,19,6520,89607,2238,104
1753797153,20,7306,89632,2243,104
1753797453,27,6970,89574,2248,104
1753797754,27,6007,89608,2253,104
1753798054,28,6815,89511,2258,104
1753798354,26,5608,89517,2263,104
1753798655,29,7845,89502,2266,104
1753798955,33,6467,89410,2270,104
1753799256,19,7235,89445,2274,104
1753799556,12,6084,89256,2280,104
1753799856,9,7111,89319,2285,104
1753800157,7,6300,89220,2290,104
1753800457,7,6638,89324,2295,104
1753800758,7,7568,89252,2300,104
1753801058,7,7735,89223,2305,104
1753801358,6,7662,89287,2309,104
1753801659,6,7572,89257,2315,104
1753801959,7,8108,89175,2319,104
1753802260,9,8128,89163,2321,104
1753802560,8,7316,89197,2323,104
1753802860,7,9192,89167,2324,103
1753803161,7,8756,89198,2325,104
1753803461,7,10386,89240,2325,104
1753803762,8,8163,89084,2327,103
1753804062,8,10861,89173,2327,104
1753804363,9,7106,89058,2326,104
1753804663,11,8282,89155,2326,104
1753804963,13,7876,89110,2325,104
1753805264,13,7889,89170,2324,103
1753805564,13,7110,89033,2320,104
1753805865,17,7323,89025,2315,104
1753806165,19,8706,89064,2312,104
1753806465,20,7028,89079,2308,103
1753806766,19,7887,89093,2306,104
1753807066,15,7982,88964,2305,104
1753807367,13,8238,89019,2303,104
1753807667,11,8207,89083,2300,104
1753807967,12,6217,89031,2298,104
1753808268,9,8176,89044,2296,103
1753808568,9,8719,89017,2294,104
1753808869,7,7694,89035,2291,104
1753809169,8,7944,89027,2287,104
1753809469,8,8136,89042,2282,104
1753809770,8,7416,88985,2276,102
1753810070,8,9426,89061,2270,104
1753810371,9,7986,89098,2263,104
1753810671,11,12416,89133,2258,104
1753810971,10,8849,89004,2252,104
1753811272,10,7635,89031,2247,104
1753811572,13,8116,89064,2242,104
1753811873,14,8309,89043,2237,104
1753812173,11,6858,89063,2232,104
1753812474,9,9387,89188,2228,104
1753812774,8,10026,89117,2224,104
1753813074,11,8676,89036,2220,104
1753813375,7,8649,88991,2215,104
1753813675,9,8845,89111,2211,104
1753813976,14,8030,89096,2207,104
1753814276,12,7295,89100,2202,102
1753814576,8,6841,89047,2198,102
1753814877,8,6665,89061,2193,104
1753815177,6,9189,89102,2189,104
1753815478,6,7876,89121,2183,104
1753815778,5,8269,89078,2179,104
1753816078,5,8678,89087,2174,104
1753816379,6,8976,89117,2170,104
1753816679,6,8543,89052,2165,104
1753816980,6,7146,89064,2161,104
1753817280,5,8181,89052,2157,102
1753817580,5,8516,89094,2154,104
1753817881,4,7760,89093,2150,102
1753818181,6,9245,89134,2146,104
1753818482,6,9112,89113,2142,104
1753818782,6,7556,89085,2139,104
1753819082,5,7677,89114,2135,102
1753819383,5,8861,89184,2132,104
1753819683,5,7680,89088,2130,104
1753819984,6,9615,89128,2127,104
1753820284,5,9007,89111,2123,104
1753820584,5,8921,89168,2121,104
1753820885,4,9045,89190,2118,104
1753821185,5,10198,89142,2115,104
1753821486,4,7277,89111,2113,104
1753821786,5,7558,89161,2110,104
1753822087,4,14991,89164,2108,104
1753822387,5,6845,89166,2105,102
1753822687,6,8324,89155,2103,104
1753822988,4,8026,89193,2101,104
1753823288,6,8129,89200,2099,102
1753823589,4,8284,89155,2097,104
1753823889,6,8614,89233,2096,104
1753824189,5,9044,89157,2093,104
1753824490,5,7757,89154,2091,102
1753824790,4,8430,89179,2089,104
1753825091,5,8011,89243,2087,102
1753825391,4,10445,89164,2086,104
1753825691,5,8736,89141,2084,104
1753825992,4,7798,89238,2082,102
1753826292,5,8983,89236,2081,104
1753826593,5,9010,89263,2079,102
1753826893,5,8987,89248,2078,104
1753827193,4,9459,89212,2076,102
1753827494,5,7585,89218,2075,102
1753827794,5,8994,89127,2073,104
1753828095,4,8434,89210,2071,102
1753828395,4,9285,89243,2070,102
1753828695,5,8337,89199,2068,102
1753828996,5,8067,89200,2066,102
1753829296,5,9052,89154,2064,102
1753829597,5,8652,89205,2062,103
1753829897,4,7104,89200,2060,102
1753830197,5,8928,89229,2058,102
1753830498,5,8052,89242,2056,102
1753830798,5,8452,89139,2054,103
1753831099,4,9549,89197,2051,103
1753831399,4,8608,89180,2049,102
1753831700,4,9350,89165,2048,102
1753832000,4,7615,89190,2045,102
1753832300,4,11170,89220,2043,102
1753832601,4,8775,89202,2041,102
1753832901,4,9549,89130,2040,102
1753833202,4,8353,89172,2038,102
1753833502,4,8271,89191,2036,102
1753833802,4,7443,89186,2035,102
1753834103,4,9346,89185,2034,102
1753834403,4,9462,89234,2032,102
1753834704,4,8809,89175,2030,102
1753835004,4,10969,89196,2029,102
1753835304,5,7180,89115,2027,102
1753835605,4,9143,89083,2026,102
1753835905,4,9029,89047,2024,102
1753836206,5,7909,89157,2022,102
1753836506,5,9984,89168,2021,103
1753836806,4,9025,89131,2019,102
1753837107,5,10266,89124,2018,102
1753837407,5,9434,89136,2017,102
1753837708,5,9406,89063,2015,102
1753838008,4,10478,89031,2014,102
1753838308,5,9703,89160,2012,103
1753838609,5,8956,89055,2011,103
1753838909,4,9663,89083,2010,102
1753839210,4,8487,89133,2009,102
1753839510,4,9094,89120,2008,102
1753839810,4,9790,89104,2007,102
1753840111,4,11644,89084,2006,102
1753840411,5,8683,89102,2005,102
1753840712,4,9363,89089,2004,102
1753841012,4,9149,89106,2004,102
1753841313,3,10881,89095,2003,102
1753841613,4,8560,89079,2002,103
1753841913,4,9468,89054,2001,102
1753842214,5,9680,89070,2000,103
1753842514,5,9289,89104,2000,102
1753842815,4,8290,89070,1999,102
1753843115,4,10879,88965,1997,102
1753843415,5,10443,88994,1996,102
1753843716,4,8246,89086,1994,102
1753844016,5,9098,89075,1993,102
1753844317,4,10302,88985,1992,102
1753844617,4,9477,89009,1990,102
1753844917,4,9148,89007,1989,102
1753845218,4,10584,89047,1988,102
1753845518,5,9079,89016,1986,102
1753845819,3,9091,89014,1985,102
1753846119,5,7267,89028,1984,101
1753846419,4,8632,89040,1983,102
1753846720,4,9017,89044,1981,102
1753847020,4,11081,89035,1980,102
1753847321,5,9032,89016,1979,103
1753847621,5,8732,89019,1979,103
1753847921,4,9310,88999,1978,102
1753848222,4,9545,89052,1977,102
1753848522,5,9339,88965,1976,101
1753848823,4,9232,88971,1975,102
1753849123,4,9635,89004,1974,102
1753849423,4,10743,89034,1974,101
1753849724,4,10982,89030,1973,101
1753850024,5,9411,88984,1972,101
1753850325,4,10261,89050,1971,102
1753850625,5,8007,89086,1970,101
1753850926,4,9728,88982,1969,102
1753851226,4,9596,88985,1969,101
1753851526,4,9810,88979,1968,102
1753851827,4,9664,89046,1967,101
1753852127,4,10488,89069,1967,101
1753852428,5,9757,89072,1966,101
1753852728,6,7933,89062,1966,101
1753853028,7,10871,89034,1965,101
1753853329,10,9630,88990,1965,101
1753853629,15,9474,88969,1964,101
1753853930,22,13361,89083,1963,101
1753854230,26,8569,88987,1963,101
1753854530,32,10490,88971,1962,101
1753854831,43,10299,89053,1962,101
1753855131,49,9413,89102,1962,101
1753855432,63,10151,89028,1962,101
1753855732,112,8610,88999,1962,101
1753856032,122,10183,89052,1962,101
1753856333,112,10116,89047,1962,101
1753856633,124,10943,89017,1962,101
1753856934,120,9203,89041,1962,101
1753857234,154,14908,89008,1963,101
1753857534,180,10679,89106,1964,101
1753857835,205,9907,89072,1965,101
1753858135,286,10550,89067,1966,101
1753858436,337,11358,88985,1968,101
1753858736,399,10869,89031,1969,101
1753859036,412,9324,89073,1971,101
1753859337,403,9439,89045,1973,101
1753859637,389,10219,89057,1975,101
1753859938,330,10435,89097,1978,101
1753860238,342,10917,89079,1980,101
1753860539,411,9399,89045,1983,101
1753860839,374,9775,89009,1985,100
1753861139,483,11479,89010,1988,100
1753861440,1701,11769,89072,1992,100
1753861740,1454,10930,89068,1997,101
1753862041,2442,11059,89049,2002,100
1753862341,2718,6832,89067,2008,100
1753862641,3191,10080,89041,2015,101
1753862942,677,11805,88971,2022,100
1753863242,3473,11155,88993,2031,100
1753863543,3735,10406,89065,2042,100
1753863843,2206,10771,88958,2052,100
1753864143,1222,14701,89036,2061,100
1753864444,2622,9571,89031,2070,100
1753864744,3560,9562,88990,2081,101
1753865045,2862,10255,89021,2095,100
1753865345,2665,11313,89047,2109,100
1753865645,1203,10853,88998,2120,100
1753865946,845,13066,89001,2130,100
1753866246,1045,10670,89045,2140,100
1753866547,736,10741,89055,2148,100
1753866847,741,10611,89021,2156,100
1753867147,708,12931,88991,2161,100
1753867448,633,13808,89054,2163,100
1753867748,691,11586,89015,2166,100
1753868049,467,11879,89009,2170,100
1753868349,385,12293,89110,2173,100
1753868650,348,12442,89068,2175,100
1753868950,340,11842,89054,2176,100
1753869250,627,9499,89071,2176,100
1753869551,446,11606,89040,2175,100
1753869851,268,11432,89065,2175,100
1753870152,220,9328,89016,2172,100
1753870452,256,9317,89083,2168,100
1753870752,254,13021,89072,2164,100
1753871053,150,7934,89104,2161,100
1753871353,123,11311,89189,2159,100
1753871654,105,12052,89323,2161,99
1753871954,21,11469,89456,2158,100
1753872254,6,13572,89454,2153,100
1753872555,5,17915,89473,2157,100
1753872855,5,13081,89641,2166,100
1753873156,6,16008,89698,2169,100
1753873456,5,12787,89709,2167,100
1753873756,6,13284,89727,2163,100
1753874057,4,11056,89686,2161,100
1753874357,5,9425,89577,2163,100
1753874658,4,13967,89690,2165,100
1753874958,4,7970,89657,2168,100
1753875258,4,14101,89623,2171,100
1753875559,5,15770,89623,2174,100
1753875859,5,12289,89589,2176,100
1753876160,6,12044,89522,2178,100
1753876460,6,12774,89577,2180,100
1753876760,6,16256,89508,2180,100
1753877061,5,13184,89543,2182,99
1753877361,5,15831,89571,2184,100
1753877662,5,10942,89436,2186,100
1753877962,5,10247,89453,2187,100
1753878263,7,13607,89472,2187,100
1753878563,9,12905,89442,2188,99
1753878863,10,10311,89360,2189,100
1753879164,10,9141,89391,2191,99
1753879464,10,12576,89390,2193,99
1753879765,14,12761,89493,2195,100
1753880065,26,14213,89501,2197,100
1753880365,44,10228,89436,2201,100
1753880666,62,10065,89441,2208,100
1753880966,87,5787,89302,2216,100
1753881267,69,6479,89360,2226,100
1753881567,53,6775,89289,2234,100
1753881867,71,7268,89328,2240,100
1753882168,80,6333,89273,2249,100
1753882468,87,6009,89260,2261,99
1753882769,85,7158,89238,2272,101
1753883069,81,7148,89207,2286,100
1753883369,100,6876,89182,2298,100
1753883670,105,8048,89187,2311,100
1753883970,100,13491,89148,2328,100
1753884271,56,8246,89182,2343,100
1753884571,45,11794,89134,2351,101
1753884871,29,7002,89121,2358,100
1753885172,27,6974,89042,2368,100
1753885472,24,7426,89025,2384,101
1753885773,18,8045,89108,2401,100
1753886073,20,9924,89057,2409,100
1753886374,19,8219,88999,2415,100
1753886674,22,5887,88961,2420,100
1753886974,23,6905,88978,2428,100
1753887275,25,7082,88990,2438,100
1753887575,27,13686,88972,2441,100
1753887876,13,12516,88999,2439,100
1753888176,11,8414,89014,2438,100
1753888476,12,9489,88991,2436,100
1753888777,23,6745,88975,2434,100
1753889077,47,10492,88980,2434,100
1753889378,75,6514,88977,2433,100
1753889678,52,6424,88945,2432,100
1753889978,44,7527,88986,2429,100
1753890279,33,6907,88945,2422,100
1753890579,28,6315,88920,2413,100
1753890880,27,7799,88965,2403,100
1753891180,25,6519,88914,2393,100
1753891480,38,10819,88949,2383,100
1753891781,68,6758,88880,2375,100
1753892081,91,6813,88978,2366,100
1753892382,99,9897,88915,2358,100
1753892682,89,8469,88919,2350,100
1753892982,116,6936,88957,2340,100
1753893283,167,6656,88958,2331,99
1753893583,176,6593,88928,2323,100
1753893884,125,8253,88898,2316,99
1753894184,135,8043,88974,2310,99
1753894485,100,6222,88965,2302,100
1753894785,77,6805,88901,2295,99
1753895085,88,6158,88889,2287,100
1753895386,80,7751,88914,2280,100
1753895686,68,7128,88858,2274,100
1753895987,111,7895,88924,2267,100
1753896287,70,7404,88900,2261,101
1753896587,50,6758,88921,2255,100
1753896888,74,9035,88990,2250,99
1753897188,109,6787,88962,2244,101
1753897489,115,6725,88988,2238,100
1753897789,83,7522,88937,2232,100
1753898089,68,6057,88931,2227,99
1753898390,30,6873,88972,2222,100
1753898690,15,14041,89057,2217,99
1753898991,15,7569,89035,2212,100
1753899291,16,9868,89075,2207,100
1753899591,13,6692,89154,2201,99
1753899892,12,6511,89237,2196,99
1753900192,11,8148,89258,2191,99
1753900493,9,6979,89249,2186,99
1753900793,7,6591,89356,2180,99
1753901093,7,6858,89275,2175,99
1753901394,6,7755,89342,2171,99
1753901694,5,7974,89316,2166,99
1753901995,4,8838,89379,2161,100
1753902295,5,13829,89406,2156,100
1753902595,5,8962,89401,2152,99
1753902896,6,12380,89387,2148,99
1753903196,4,7906,89381,2145,99
1753903497,5,7331,89398,2144,100
1753903797,4,7011,89406,2143,99
1753904098,5,7394,89390,2142,99
1753904398,5,8857,89359,2141,100
1753904698,5,9158,89400,2139,100
1753904999,4,7013,89334,2136,100
1753905299,5,7302,89316,2132,100
1753905600,4,22741,89407,2128,100
1753905900,5,7376,89395,2125,99
1753906200,4,7304,89264,2121,100
1753906501,5,8330,89369,2118,100
1753906801,5,8813,89389,2116,99
1753907102,5,12115,89354,2113,99
1753907402,6,7388,89321,2110,100
1753907702,5,7364,89340,2108,100
1753908003,5,7971,89327,2105,98
1753908303,5,7190,89340,2103,98
1753908604,6,8347,89309,2102,100
1753908904,5,8057,89363,2100,98
1753909204,4,11450,89311,2098,98
1753909505,5,10407,89305,2096,100
1753909805,5,7674,89297,2094,98
1753910106,5,9595,89350,2092,98
1753910406,5,7956,89319,2090,98
1753910706,4,6455,89311,2088,98
1753911007,5,9146,89401,2086,100
1753911307,4,7381,89331,2084,98
1753911608,6,8747,89376,2082,100
1753911908,5,10563,89404,2080,99
1753912208,5,8851,89457,2078,99
1753912509,6,8254,89391,2076,98
1753912809,4,8366,89400,2074,100
1753913110,5,8895,89414,2072,100
1753913410,5,9117,89453,2070,98
1753913711,5,14057,89452,2068,98
1753914011,4,7951,89391,2067,98
1753914311,5,9837,89420,2065,98
1753914612,5,10111,89336,2064,98
1753914912,5,12500,89345,2062,98
1753915213,4,6884,89326,2061,100
1753915513,4,7624,89385,2059,99
1753915813,5,8363,89314,2058,99
1753916114,4,9134,89351,2057,98
1753916414,4,7961,89356,2056,98
1753916715,5,7621,89306,2055,98
1753917015,4,7366,89385,2054,98
1753917315,5,7823,89361,2053,98
1753917616,5,8208,89367,2052,98
1753917916,4,7386,89339,2051,98
1753918217,5,8608,89270,2050,98
1753918517,4,8506,89328,2050,98
1753918817,6,13575,89331,2049,98
1753919118,4,10123,89328,2048,99
1753919418,5,7760,89317,2047,98
1753919719,5,7815,89302,2046,98
1753920019,4,8177,89267,2045,98
1753920319,5,7902,89282,2044,98
1753920620,5,8873,89231,2043,98
1753920920,4,11394,89276,2042,98
1753921221,5,8320,89231,2041,98
1753921521,5,12824,89247,2040,99
1753921821,5,9113,89246,2039,99
1753922122,5,10032,89190,2037,98
1753922422,5,7920,89225,2036,98
1753922723,4,7956,89241,2035,98
1753923023,5,8787,89266,2034,98
1753923324,5,10055,89168,2032,98
1753923624,4,9055,89208,2031,98
1753923924,5,11011,89189,2030,98
1753924225,4,7835,89196,2028,98
1753924525,5,11532,89195,2026,98
1753924826,4,8009,89160,2026,98
1753925126,5,8392,89182,2024,99
1753925426,5,8631,89146,2023,98
1753925727,5,10649,89132,2021,98
1753926027,3,12053,89123,2020,98
1753926328,4,10348,89117,2019,98
1753926628,4,12587,89158,2017,98
1753926928,4,13008,89136,2016,98
1753927229,4,6448,89049,2015,99
1753927529,5,14164,89091,2014,98
1753927830,4,11580,89093,2013,98
1753928130,5,11236,89039,2011,98
1753928430,5,13471,89058,2010,98
1753928731,5,8076,89018,2008,98
1753929031,4,18065,89086,2007,98
1753929332,4,9998,89063,2006,98
1753929632,4,7397,89068,2003,98
1753929932,5,6777,89033,2003,95
1753930233,5,7996,89055,2001,98
1753930533,5,13640,89048,2000,95
1753930834,5,7432,88975,2000,99
1753931134,5,7658,89011,1998,98
1753931434,5,10366,89020,1997,98
1753931735,4,10603,88996,1996,99
1753932035,5,11880,88974,1994,95
1753932336,4,9632,88946,1993,95
1753932636,4,12727,89057,1991,98
1753932937,5,8973,88966,1989,98
1753933237,4,7415,88934,1988,99
1753933537,5,9276,88974,1986,98
1753933838,4,7257,88930,1984,99
1753934138,4,8064,88966,1982,98
1753934439,4,18056,88955,1981,98
1753934739,5,9770,88952,1979,98
1753935039,4,13358,88976,1978,98
1753935340,4,10956,88916,1976,99
1753935640,5,8709,88951,1974,98
1753935941,4,16044,88971,1973,95
1753936241,4,10817,88925,1971,95
1753936541,4,8363,88925,1970,99
1753936842,4,10283,88941,1968,97
1753937142,4,11092,88966,1967,98
1753937443,5,7998,88887,1965,98
1753937743,5,12406,89006,1964,97
1753938043,4,9376,88902,1962,97
1753938344,3,12215,88948,1961,95
1753938644,5,8468,88990,1959,97
1753938945,5,9579,88926,1958,97
1753939245,6,8134,88945,1957,98
1753939545,7,8210,88926,1956,95
1753939846,9,18014,88922,1955,97
1753940146,8,9412,88985,1954,97
1753940447,12,9119,88973,1953,97
1753940747,13,13114,88922,1952,97
1753941047,14,10319,89017,1951,97
1753941348,16,6921,88905,1950,97
1753941648,17,9811,88984,1949,98
1753941949,21,6706,88976,1949,97
1753942249,25,7168,88955,1949,95
1753942550,32,8924,89017,1950,98
1753942850,40,10668,89004,1950,95
1753943150,78,23854,89005,1951,97
1753943451,81,8231,89020,1952,95
1753943751,91,15005,89068,1952,98
1753944052,100,12167,89021,1953,97
1753944352,117,11237,88962,1954,97
1753944652,176,8434,89010,1954,95
1753944953,206,11489,89029,1954,97
1753945253,197,8451,89003,1955,96
1753945554,164,8259,88994,1957,97
1753945854,213,8313,89035,1958,97
1753946154,230,12135,89009,1960,97
1753946455,205,11687,89038,1962,97
1753946755,205,10619,89004,1965,97
1753947056,286,12406,89020,1967,97
1753947356,352,7305,89012,1970,97
1753947656,345,9326,89013,1974,97
1753947957,422,17230,89053,1977,96
1753948257,471,9242,89026,1981,97
1753948558,639,10206,89004,1986,95
1753948858,489,8339,88976,1990,96
1753949158,606,8844,89012,1995,96
1753949459,483,22399,89033,2000,97
1753949759,238,13157,89090,2004,96
1753950060,246,15809,89053,2008,96
1753950360,226,15240,89040,2012,96
1753950660,231,10847,89025,2018,97
1753950961,241,11575,89028,2023,97
1753951261,280,10391,89066,2028,96
1753951562,320,7941,89031,2034,95
1753951862,268,14962,89040,2038,96
1753952163,294,12312,89080,2043,96
1753952463,383,11451,89043,2047,96
1753952763,518,10135,89034,2050,96
1753953064,536,11417,89051,2054,96
1753953364,413,12314,89041,2057,96
1753953665,431,13151,89063,2060,96
1753953965,597,9778,89056,2062,96
1753954265,857,8502,88968,2065,96
1753954566,1384,7709,89039,2069,95
1753954866,997,7815,88965,2074,96
1753955167,848,10762,88982,2078,96
1753955467,760,17604,89043,2084,96
1753955767,632,12143,88993,2088,95
1753956068,566,12070,89061,2094,95
1753956368,599,7837,88994,2100,95
1753956669,580,10722,89033,2108,96
1753956969,525,11046,88963,2116,95
1753957269,562,8946,89005,2123,95
1753957570,511,16307,89030,2131,95
1753957870,427,9489,89018,2137,97
1753958171,441,8707,89013,2143,96
1753958471,352,10614,89067,2147,97
1753958771,309,11280,88961,2151,97
1753959072,362,17820,88967,2155,96
1753959372,455,9670,89027,2158,96
1753959673,590,20460,88986,2161,96
1753959973,783,10508,88962,2164,96
1753960274,1001,12338,88996,2166,96
1753960574,1150,10421,88938,2169,96
1753960874,1647,14894,88998,2175,97
1753961175,898,12334,88906,2181,96
1753961475,1714,8451,88934,2185,96
1753961776,1171,12033,88951,2190,96
1753962076,1193,14539,88925,2198,96
1753962376,830,13949,88860,2206,96
1753962677,718,12235,88936,2212,96
1753962977,728,14953,88926,2218,96
1753963278,944,17360,88891,2224,96
1753963578,1216,8724,88873,2232,96
1753963878,1251,12157,88905,2241,95
1753964179,1277,15215,88888,2250,96
1753964479,1143,14471,88907,2256,96
1753964780,1385,13928,88913,2260,96
1753965080,965,17743,88890,2264,96
1753965380,2085,19164,88939,2270,96
1753965681,1176,10832,88872,2278,96
1753965981,1335,9119,88892,2285,96
1753966282,1665,15488,88858,2294,96
1753966582,1273,12837,88863,2306,96
1753966882,1078,15388,88835,2310,96
1753967183,1082,16546,88765,2314,96
1753967483,998,10662,88825,2320,96
1753967784,798,20292,88822,2326,95
1753968084,804,9057,88789,2331,96
1753968384,789,9106,88793,2335,96
1753968685,970,9522,88811,2339,96
1753968985,945,16313,88783,2347,95
1753969286,744,12910,88748,2356,96
1753969586,800,21351,88779,2363,96
1753969887,711,21141,88762,2368,96
1753970187,627,23825,88796,2372,96
1753970487,484,10189,88810,2377,95
1753970788,328,9395,88739,2384,96
1753971088,274,21505,88784,2395,96
1753971389,489,9588,88754,2407,96
1753971689,485,8679,88732,2412,96
1753971989,621,8829,88689,2418,96
1753972290,453,9001,88714,2420,96
1753972590,363,9071,88696,2425,96
1753972891,341,7589,88702,2436,96
1753973191,284,18651,88731,2455,95
1753973491,194,16810,88648,2475,96
1753973792,181,11319,88653,2491,96
1753974092,171,11112,88694,2504,96
1753974393,163,15067,88674,2515,96
1753974693,185,7920,88679,2523,96
1753974993,179,8595,88634,2526,96
1753975294,148,12618,88649,2529,97
1753975594,130,9617,88657,2528,96
1753975895,181,15727,88611,2525,96
1753976195,248,9585,88623,2520,96
1753976495,124,8801,88633,2516,96
1753976796,157,13152,88627,2513,96
1753977096,136,13971,88586,2509,96
1753977397,91,16841,88630,2506,96
1753977697,105,18275,88603,2501,96
1753977998,113,14618,88593,2498,96
1753978298,201,11185,88581,2498,96
1753978598,187,14955,88592,2495,96
1753978899,270,15451,88581,2491,96
1753979199,313,29388,88585,2490,96
1753979500,281,12506,88605,2487,96
1753979800,212,16697,88569,2482,95
1753980100,189,10478,88587,2477,96
1753980401,177,9184,88573,2473,97
1753980701,238,10006,88574,2471,97
1753981002,230,10283,88573,2472,97
1753981302,231,10730,88561,2473,97
1753981602,169,15129,88574,2473,95
1753981903,245,9924,88553,2472,97
1753982203,266,8446,88522,2469,97
1753982504,216,24661,88601,2465,95
1753982804,146,19736,88565,2458,95
1753983104,113,10795,88593,2451,96
1753983405,102,9960,88543,2443,96
1753983705,94,7860,88543,2435,97
1753984006,93,7765,88585,2425,95
1753984306,67,10715,88564,2416,96
1753984606,54,15699,88597,2408,96
1753984907,57,9630,88551,2401,97
1753985207,60,13071,88587,2394,96
1753985508,60,11452,88557,2387,97
1753985808,58,8195,88610,2380,96
1753986109,42,8446,88617,2373,96
1753986409,28,13146,88635,2365,95
1753986709,24,10664,88613,2356,97
1753987010,14,12097,88617,2347,96
1753987310,11,25984,88649,2336,97
1753987611,9,8689,88643,2325,97
1753987911,8,13521,88632,2313,97
1753988211,8,11327,88642,2302,95
1753988512,7,11852,88662,2290,94
1753988812,6,11700,88656,2278,95
1753989113,6,12975,88679,2267,94
1753989413,6,12754,88645,2256,94
1753989713,6,12066,88699,2246,94
1753990014,7,12929,88694,2236,96
1753990314,6,10273,88715,2226,96
1753990615,5,8669,88707,2217,96
1753990915,6,23285,88721,2209,96
1753991215,6,11737,88692,2200,96
1753991516,5,9939,88733,2192,96
1753991816,6,9127,88765,2184,94
1753992117,6,10374,88777,2176,95
1753992417,6,12642,88730,2169,94
1753992717,6,17505,88757,2161,95
1753993018,5,9193,88734,2155,94
1753993318,5,8997,88745,2148,94
1753993619,5,12944,88788,2142,94
1753993919,5,11876,88766,2136,94
1753994220,6,9399,88822,2131,94
1753994520,6,8442,88790,2126,94
1753994820,5,9403,88825,2121,94
1753995121,5,9480,88822,2116,94
1753995421,5,14950,88803,2112,94
1753995722,4,9958,88833,2108,94
1753996022,4,17780,88792,2104,94
1753996322,5,10289,88789,2100,94
1753996623,5,10684,88780,2096,94
1753996923,4,9367,88828,2092,94
1753997224,5,11072,88827,2089,94
1753997524,5,11698,88829,2085,93
1753997824,5,10638,88856,2082,93
1753998125,4,16202,88851,2079,93
1753998425,6,11475,88880,2076,93
1753998726,4,10650,88886,2073,93
1753999026,5,12978,88873,2070,93
1753999326,5,10320,88863,2067,93
1753999627,5,13926,88884,2064,93
1753999927,4,14731,88929,2061,93
1754000228,6,12211,88872,2058,93
1754000528,4,10681,88884,2055,92
1754000828,5,10958,88911,2053,92
1754001129,5,11222,88898,2051,92
1754001429,6,10827,88876,2049,92
1754001730,5,13341,88867,2046,92
1754002030,5,12516,88885,2044,92
1754002330,4,16691,88878,2042,92
1754002631,5,12289,88866,2040,92
1754002931,5,12479,88856,2038,92
1754003232,4,18973,88902,2037,92
1754003532,5,13059,88875,2035,92
1754003833,5,12061,88815,2033,92
1754004133,5,24561,88866,2031,92
1754004433,4,9213,88797,2030,92
1754004734,5,11716,88859,2028,92
1754005034,4,13447,88872,2026,92
1754005335,5,14253,88842,2024,92
1754005635,5,16367,88810,2023,92
1754005935,5,14382,88821,2021,92
1754006236,5,9874,88799,2020,92
1754006536,5,11767,88824,2019,92
1754006837,5,13897,88793,2018,92
1754007137,6,12935,88815,2017,92
1754007437,4,17787,88792,2015,92
1754007738,4,11617,88784,2014,92
1754008038,4,12808,88754,2013,92
1754008339,5,13714,88800,2012,92
1754008639,4,12773,88747,2011,92
1754008939,5,20080,88806,2010,92
1754009240,5,21045,88774,2009,92
1754009540,5,11724,88770,2009,92
1754009841,4,12958,88776,2008,92
1754010141,4,14144,88805,2007,92
1754010441,5,17643,88761,2006,92
1754010742,5,13714,88782,2006,92
1754011042,5,10995,88755,2005,92
1754011343,4,15050,88732,2004,92
1754011643,5,15905,88736,2004,92
1754011943,4,11959,88758,2003,92
1754012244,5,11876,88747,2002,92
1754012544,4,10274,88718,2002,92
1754012845,6,18017,88708,2001,92
1754013145,4,15091,88727,2000,92
1754013446,4,13125,88670,2000,92
1754013746,4,13454,88688,2000,92
1754014046,4,15559,88622,1999,92
1754014347,4,15982,88681,1998,92
1754014647,4,15350,88656,1998,92
1754014948,5,20237,88656,1997,92
1754015248,6,10048,88659,1996,92
1754015548,4,18680,88633,1995,92
1754015849,4,12334,88656,1994,92
1754016149,4,16698,88647,1993,92
1754016450,4,13788,88668,1992,92
1754016750,5,15003,88648,1992,92
1754017050,4,28389,88634,1991,92
1754017351,4,14117,88649,1990,92
1754017651,5,19549,88609,1989,92
1754017952,5,9754,88652,1988,92
1754018252,5,15729,88624,1987,92
1754018552,5,14346,88605,1986,92
1754018853,4,16901,88629,1985,92
1754019153,4,20836,88604,1984,92
1754019454,4,31518,88592,1983,92
1754019754,4,14355,88628,1982,92
1754020054,5,11663,88607,1981,92
1754020355,4,13020,88622,1980,92
1754020655,4,14550,88628,1979,92
1754020956,4,16011,88595,1978,92
1754021256,4,17100,88613,1978,92
1754021556,5,15986,88605,1977,92
1754021857,4,18275,88600,1976,92
1754022157,4,12324,88620,1976,92
1754022458,5,11246,88598,1975,92
1754022758,4,24241,88657,1974,92
1754023059,4,17630,88587,1974,92
1754023359,5,11939,88616,1973,92
