If found, please contact tlang@live.unc.edu
Firmware updated: 2025/07/16
OpenOBS SN:471

time,ambient_light,backscatter,pressure,water_temp,battery
1754049550,13538,9397,84960,2541,149
1754049850,52561,10193,84986,2646,135
1754050150,65535,9353,84934,2710,116
1754050451,27499,3083,88110,2391,116
1754050751,35711,3099,88180,2353,116
1754051052,19858,3102,88118,2356,116
1754051352,16206,3086,88141,2360,116
1754051652,30901,3086,88110,2359,117
1754051953,17905,3084,88112,2362,116
1754052253,21950,3095,88104,2369,117
1754052554,36512,3096,88099,2383,116
1754052854,15958,3083,88067,2396,117
1754053155,21924,3122,88128,2403,118
1754053455,8988,3163,88000,2408,117
1754053755,17580,3145,88089,2413,116
1754054056,11536,3114,88045,2424,117
1754054356,9940,3106,88059,2437,117
1754054657,10829,3098,88029,2446,116
1754054957,15425,3090,87984,2455,116
1754055257,14794,3088,88134,2470,116
1754055558,403,3524,88189,2476,117
1754055858,3251,3248,88166,2474,116
1754056159,1449,3303,88098,2481,117
1754056459,6451,3154,88037,2497,116
1754056759,7865,3123,87987,2511,117
1754057060,8310,3110,88000,2524,116
1754057360,9023,3127,87971,2537,117
1754057661,2849,3258,88097,2550,116
1754057961,5479,3167,88032,2555,116
1754058261,7215,3121,88104,2578,116
1754058562,6573,3121,88054,2586,116
1754058862,6054,3131,88062,2597,116
1754059163,4857,3129,88021,2602,116
1754059463,2806,3125,88060,2603,117
1754059763,3138,3124,88071,2603,116
1754060064,3962,3110,88061,2601,117
1754060364,3772,3107,88071,2604,116
1754060665,4966,3111,88073,2606,116
1754060965,4977,3104,88013,2609,116
1754061265,6265,3105,88026,2607,117
1754061566,5357,3107,88060,2603,116
1754061866,3982,3105,88090,2593,117
1754062167,5213,3096,88037,2579,116
1754062467,4956,3103,88044,2562,116
1754062767,5491,3097,88001,2540,116
1754063068,5973,3101,87999,2521,116
1754063368,5243,3100,87973,2502,116
1754063669,4357,3102,88015,2480,115
1754063969,3740,3106,88069,2458,116
1754064270,4139,3099,88010,2439,115
1754064570,4838,3102,88007,2423,115
1754064870,4267,3101,88064,2409,115
1754065171,3694,3107,88075,2396,115
1754065471,3030,3101,88016,2384,115
1754065772,2767,3104,87996,2372,115
1754066072,2579,3101,88032,2363,114
1754066372,2315,3110,88019,2355,115
1754066673,1924,3105,87975,2349,115
1754066973,1584,3103,88017,2343,115
1754067274,1601,3105,88003,2336,115
1754067574,2009,3110,88036,2330,115
1754067874,2026,3115,88022,2323,115
1754068175,1711,3112,88043,2316,115
1754068475,1422,3119,88011,2309,115
1754068776,1572,3134,87966,2302,115
1754069076,1260,3115,88033,2294,115
1754069376,919,3125,87972,2286,115
1754069677,1117,3120,88004,2278,115
1754069977,1127,3120,88002,2270,115
1754070278,980,3118,88050,2262,115
1754070578,641,3120,88053,2255,115
1754070878,546,3125,87990,2249,115
1754071179,470,3123,88018,2243,115
1754071479,413,3120,88008,2238,115
1754071780,381,3116,88002,2233,115
1754072080,351,3130,87991,2228,115
1754072380,266,3120,88010,2223,114
1754072681,232,3129,88025,2217,115
1754072981,196,3114,88127,2212,115
1754073282,9,3734,88124,2208,115
1754073582,63,3248,88035,2203,115
1754073883,86,3162,88072,2197,115
1754074183,56,3143,88076,2191,115
1754074483,32,3139,88121,2186,115
1754074784,19,3136,88113,2180,114
1754075084,12,3137,88087,2175,114
1754075385,8,3145,88104,2169,115
1754075685,7,3136,88165,2164,115
1754075985,7,3133,88154,2159,114
1754076286,5,3139,88119,2154,114
1754076586,6,3134,88114,2149,114
1754076887,5,3138,88134,2144,114
1754077187,6,3136,88170,2139,114
1754077487,6,3138,88163,2135,114
1754077788,4,3139,88054,2129,114
1754078088,5,3139,88212,2124,114
1754078389,4,3135,88148,2119,114
1754078689,4,3145,88216,2114,114
1754078989,5,3137,88246,2109,114
1754079290,5,3140,88217,2105,114
1754079590,5,3142,88208,2101,113
1754079891,5,3159,88192,2097,114
1754080191,6,3148,88210,2093,114
1754080491,4,3143,88277,2089,114
1754080792,5,3149,88186,2085,114
1754081092,5,3148,88259,2081,114
1754081393,5,3138,88247,2077,114
1754081693,4,3139,88224,2073,114
1754081993,4,3151,88279,2069,114
1754082294,5,3147,88302,2065,114
1754082594,4,3152,88273,2062,114
1754082895,5,3146,88267,2059,114
1754083195,4,3149,88284,2056,114
1754083495,5,3146,88292,2053,114
1754083796,5,3141,88314,2050,114
1754084096,4,3142,88282,2048,114
1754084397,5,3149,88284,2045,114
1754084697,5,3159,88289,2043,113
1754084997,4,3145,88220,2041,114
1754085298,5,3161,88221,2038,114
1754085598,5,3160,88291,2036,114
1754085899,5,3159,88221,2034,114
1754086199,4,3154,88301,2033,114
1754086500,5,3149,88287,2031,113
1754086800,6,3154,88332,2030,113
1754087100,5,3156,88307,2027,113
1754087401,5,3157,88381,2026,114
1754087701,5,3158,88253,2024,113
1754088002,5,3163,88389,2022,113
1754088302,5,3163,88310,2021,113
1754088602,5,3167,88368,2020,113
1754088903,5,3170,88421,2018,113
1754089203,5,3166,88323,2016,113
1754089504,5,3166,88266,2014,113
1754089804,5,3173,88340,2012,113
1754090104,5,3170,88326,2011,113
1754090405,5,3178,88325,2009,113
1754090705,5,3175,88329,2007,113
1754091006,5,3175,88346,2005,113
1754091306,5,3178,88316,2003,113
1754091606,4,3188,88306,2001,113
1754091907,5,3182,88321,2000,113
1754092207,5,3198,88398,1999,113
1754092508,4,3184,88304,1998,113
1754092808,4,3187,88360,1996,113
1754093108,5,3194,88337,1995,113
1754093409,4,3201,88291,1994,113
1754093709,4,3194,88328,1992,113
1754094010,5,3207,88257,1991,113
1754094310,4,3200,88238,1989,113
1754094610,4,3201,88242,1988,113
1754094911,4,3190,88327,1987,113
1754095211,4,3197,88289,1986,113
1754095512,6,3210,88236,1985,113
1754095812,5,3202,88369,1983,113
1754096112,5,3204,88281,1982,113
1754096413,4,3200,88208,1981,113
1754096713,5,3208,88320,1980,113
1754097014,5,3233,88318,1979,113
1754097314,4,3219,88275,1978,113
1754097614,5,3213,88256,1977,113
1754097915,5,3217,88236,1976,113
1754098215,5,3222,88220,1976,112
1754098516,4,3239,88229,1975,113
1754098816,3,3221,88223,1974,113
1754099117,5,3220,88192,1973,112
1754099417,5,3220,88205,1972,113
1754099717,5,3220,88211,1972,113
1754100018,5,3224,88226,1971,113
1754100318,4,3229,88203,1970,112
1754100619,4,3231,88196,1970,113
1754100919,5,3223,88164,1969,113
1754101219,4,3230,88198,1968,112
1754101520,5,3231,88195,1968,113
1754101820,4,3235,88181,1967,113
1754102121,6,3235,88177,1967,113
1754102421,5,3240,88183,1966,113
1754102721,5,3236,88208,1965,113
1754103022,4,3232,88269,1965,113
1754103322,5,3236,88169,1964,112
1754103623,4,3242,88220,1963,113
1754103923,4,3238,88224,1963,113
1754104223,5,3246,88219,1962,112
1754104524,5,3245,88197,1961,113
1754104824,5,3258,88252,1961,113
1754105125,5,3251,88221,1960,113
1754105425,5,3251,88214,1960,113
1754105725,4,3265,88190,1959,112
1754106026,5,3251,88267,1959,113
1754106326,5,3263,88263,1958,113
1754106627,6,3262,88216,1957,112
1754106927,5,3265,88201,1957,113
1754107227,5,3281,88150,1956,113
1754107528,4,3274,88227,1956,112
1754107828,5,3275,88230,1955,113
1754108129,4,3297,88223,1955,113
1754108429,5,3296,88156,1955,113
1754108729,4,3292,88320,1954,112
1754109030,4,3284,88344,1954,112
1754109330,5,3297,88263,1953,113
1754109631,4,3297,88252,1953,113
1754109931,5,3305,88290,1953,113
1754110231,5,3308,88289,1953,112
1754110532,5,3308,88247,1952,112
1754110832,4,3303,88246,1952,112
1754111133,4,3308,88227,1951,112
1754111433,5,3316,88244,1951,113
1754111733,5,3301,88289,1950,112
1754112034,8,3322,88270,1950,112
1754112334,10,3310,88283,1950,112
1754112635,16,3317,88179,1949,112
1754112935,26,3321,88231,1949,113
1754113236,41,3327,88295,1949,113
1754113536,71,3342,88229,1949,112
1754113836,110,3336,88356,1949,112
1754114137,126,3331,88316,1949,113
1754114437,170,3337,88319,1949,112
1754114738,204,3337,88410,1949,112
1754115038,288,3345,88361,1949,112
1754115338,360,3384,88315,1950,112
1754115639,366,3351,88351,1950,112
1754115939,295,3374,88363,1950,112
1754116240,525,3364,88352,1950,112
1754116540,782,3377,88428,1951,113
1754116840,995,3366,88396,1952,112
1754117141,1171,3367,88379,1953,112
1754117441,1229,3366,88332,1954,112
1754117742,1340,3367,88411,1956,112
1754118042,1587,3385,88404,1957,112
1754118342,1872,3383,88463,1958,112
1754118643,2172,3382,88481,1959,112
1754118943,2583,3389,88450,1961,112
1754119244,3101,3379,88493,1963,113
1754119544,3504,3395,88461,1965,112
1754119844,3857,3384,88436,1967,112
1754120145,4194,3392,88411,1969,112
1754120445,4823,3394,88413,1972,112
1754120746,5633,3402,88448,1975,112
1754121046,6306,3437,88455,1978,112
1754121346,6594,3410,88460,1982,112
1754121647,7782,3418,88428,1985,112
1754121947,9084,3421,88422,1989,112
1754122248,9390,3431,88379,1995,112
1754122548,9201,3433,88436,2000,112
1754122848,9044,3436,88423,2004,112
1754123149,9420,3438,88441,2010,112
1754123449,10459,3445,88455,2016,112
1754123750,9847,3440,88365,2023,112
1754124050,10742,3444,88402,2031,112
1754124351,9453,3449,88431,2038,113
1754124651,7281,3465,88396,2046,112
1754124951,6384,3466,88470,2053,112
1754125252,5009,3471,88455,2060,112
1754125552,3863,3483,88460,2066,112
1754125853,4003,3488,88460,2073,112
1754126153,5074,3479,88412,2080,112
1754126453,6547,3502,88431,2086,112
1754126754,9061,3497,88357,2093,112
1754127054,10827,3498,88467,2100,112
1754127355,7896,3486,88459,2107,112
1754127655,5638,3475,88476,2113,112
1754127955,5321,3462,88375,2119,112
1754128256,7215,3473,88393,2124,112
1754128556,9697,3482,88376,2129,112
1754128857,12677,3477,88441,2135,112
1754129157,12074,3480,88342,2142,112
1754129457,11769,3494,88395,2149,112
1754129758,15487,3485,88374,2156,112
1754130058,22835,3486,88363,2166,112
1754130359,14612,3514,88408,2176,112
1754130659,12048,3498,88446,2185,112
1754130959,13008,3499,88395,2195,112
1754131260,11344,3508,88382,2207,112
1754131560,13696,3513,88339,2216,112
1754131861,36598,3526,88377,2228,112
1754132161,25951,3543,88410,2249,112
1754132461,43208,3562,88353,2266,112
1754132762,13114,3548,88366,2281,112
1754133062,6849,3557,88325,2285,112
1754133363,4982,3558,88424,2287,112
1754133663,3692,3585,88308,2289,112
1754133963,3803,3582,88353,2293,112
1754134264,4211,3575,88302,2297,112
1754134564,5092,3592,88347,2301,112
1754134865,6623,3628,88410,2304,112
1754135165,9674,3647,88252,2308,112
1754135465,12094,3624,88304,2312,112
1754135766,13139,3642,88314,2315,112
1754136066,16081,3678,88299,2317,112
1754136367,22072,3693,88317,2321,112
1754136667,10565,3678,88294,2323,112
1754136968,9842,3691,88328,2320,112
1754137268,7194,3699,88209,2316,112
1754137568,5776,3703,88282,2316,112
1754137869,6679,3711,88189,2316,112
1754138169,7610,3720,88235,2317,112
1754138470,6791,3724,88250,2321,112
1754138770,7277,3757,88217,2324,112
1754139070,7393,3731,88166,2329,112
1754139371,8193,3754,88160,2333,112
1754139671,7641,3752,88230,2337,112
1754139972,7733,3779,88166,2339,112
1754140272,6860,3798,88134,2340,112
1754140572,8176,3805,88171,2339,112
1754140873,8108,3810,88142,2338,112
1754141173,8915,3847,88154,2338,112
1754141474,10679,3852,88153,2340,112
1754141774,13915,3850,88154,2344,112
1754142074,9904,3877,88175,2348,112
1754142375,15572,3866,88161,2351,112
1754142675,9837,3893,88149,2356,112
1754142976,8282,3895,88124,2357,112
1754143276,6606,3907,88178,2359,112
1754143576,9460,3928,88112,2366,112
1754143877,9482,3943,88050,2377,112
1754144177,7044,3973,88098,2381,112
1754144478,5924,3976,88064,2387,112
1754144778,7162,3981,88062,2398,112
1754145078,7246,4010,88058,2411,112
1754145379,6192,4023,88124,2419,112
1754145679,7651,4041,88099,2425,112
1754145980,8109,4063,88026,2431,112
1754146280,6886,4071,88061,2439,112
1754146581,5847,4102,88009,2449,112
1754146881,5719,4112,87978,2458,113
1754147181,5135,4126,88029,2466,112
1754147482,3976,4145,87987,2475,112
1754147782,4556,4157,87917,2484,112
1754148083,3905,4171,87929,2495,112
1754148383,3361,4203,87879,2507,112
1754148683,3448,4220,87899,2516,112
1754148984,4137,4236,87899,2524,112
1754149284,5516,4288,87929,2529,112
1754149585,6894,4295,87981,2529,112
1754149885,7470,4329,87967,2529,112
1754150185,6668,4379,87950,2534,112
1754150486,6417,4388,87973,2542,112
1754150786,6232,4419,87971,2546,112
1754151087,6002,4429,87939,2546,112
1754151387,5338,4492,87977,2549,112
1754151687,3994,4498,87979,2551,112
1754151988,4532,4500,88024,2552,112
1754152288,4367,4566,87980,2554,112
1754152589,4045,4580,87917,2556,112
1754152889,3740,4607,87923,2556,112
1754153189,3087,4658,88014,2553,112
1754153490,3364,4685,87903,2548,112
1754153790,2987,4716,87969,2542,112
1754154091,2535,4766,87921,2536,112
1754154391,2326,4836,87954,2529,112
1754154691,2341,4893,87959,2521,112
1754154992,2311,4922,88263,2514,112
1754155292,12,6090,88123,2492,112
1754155593,1055,5469,88012,2481,112
1754155893,2149,5416,88015,2484,112
1754156193,2624,5372,88041,2482,112
1754156494,2487,5440,88035,2475,112
1754156794,2278,5429,88016,2466,112
1754157095,1920,5490,88096,2456,112
1754157395,1802,5563,88017,2446,112
1754157696,1605,5526,88078,2437,112
1754157996,1485,5638,88059,2427,112
1754158296,990,5645,88091,2416,112
1754158597,763,5608,88107,2405,112
1754158897,859,5703,88125,2393,112
1754159198,808,5698,88065,2382,112
1754159498,689,5723,88098,2371,112
1754159798,377,5721,88082,2360,112
1754160099,150,5714,88108,2350,112
1754160399,72,5836,88119,2339,112
1754160700,27,5800,88174,2329,112
1754161000,17,5869,88129,2319,112
1754161300,10,5914,88112,2310,112
1754161601,8,5995,88166,2301,112
1754161901,7,6000,88117,2292,112
1754162202,7,6069,88128,2283,112
1754162502,7,6062,88106,2274,112
1754162802,6,6126,88136,2264,112
1754163103,6,6058,88132,2255,112
1754163403,7,6125,88124,2246,112
1754163704,7,6068,88201,2237,112
1754164004,5,6257,88129,2228,112
1754164304,7,6312,88170,2220,112
1754164605,6,6204,88165,2212,112
1754164905,6,6375,88195,2204,111
1754165206,4,6388,88188,2198,112
1754165506,6,6326,88217,2191,112
1754165806,6,6432,88253,2184,112
1754166107,5,6430,88214,2178,112
1754166407,6,6564,88257,2172,112
1754166708,6,6560,88223,2166,112
1754167008,5,6496,88266,2159,112
1754167308,6,6432,88289,2154,112
1754167609,5,6527,88303,2148,112
1754167909,6,6616,88299,2142,112
1754168210,6,6584,88274,2137,112
1754168510,6,6603,88310,2131,111
1754168811,5,6558,88316,2127,112
1754169111,6,6728,88290,2122,112
1754169411,5,6758,88271,2118,112
1754169712,5,6666,88348,2114,112
1754170012,5,6755,88305,2110,112
1754170313,6,6828,88294,2105,112
1754170613,5,6918,88279,2101,112
1754170913,4,6985,88287,2097,112
1754171214,6,6812,88304,2094,112
1754171514,5,6874,88335,2090,112
1754171815,6,7056,88288,2086,112
1754172115,4,7082,88334,2083,112
1754172415,5,6941,88363,2079,112
1754172716,4,7094,88296,2076,112
1754173016,5,7113,88347,2073,112
1754173317,4,7129,88382,2070,112
1754173617,6,7162,88292,2067,112
1754173917,5,7017,88347,2065,112
1754174218,4,7158,88346,2062,112
1754174518,5,7057,88430,2060,112
1754174819,5,7195,88352,2058,112
1754175119,5,7145,88478,2055,112
1754175419,5,7235,88410,2054,111
1754175720,5,7306,88385,2052,111
1754176020,5,7302,88462,2050,111
1754176321,4,7365,88530,2050,111
1754176621,5,7650,88572,2052,111
1754176921,4,7696,88736,2056,112
1754177222,5,7993,88891,2055,112
1754177522,4,8663,89096,2056,112
1754177823,5,10318,89362,2063,112
1754178123,5,10606,89374,2073,112
1754178423,5,10743,89407,2078,111
1754178724,5,9853,89590,2079,112
1754179024,4,8753,89722,2080,112
1754179325,5,8114,89658,2080,112
1754179625,5,7540,89575,2079,112
1754179925,5,7464,89438,2084,112
1754180226,6,7200,89518,2090,112
1754180526,5,7181,89607,2094,111
1754180827,5,7055,89596,2096,111
1754181127,6,6765,89445,2098,112
1754181428,4,6722,89492,2100,112
1754181728,5,6744,89580,2102,112
1754182028,5,6730,89594,2105,111
1754182329,5,6942,89571,2108,112
1754182629,6,7220,89459,2109,112
1754182930,6,7470,89658,2109,111
1754183230,5,7462,89575,2107,111
1754183530,4,6996,89628,2105,112
1754183831,6,6886,89374,2103,111
1754184131,5,6692,89466,2101,112
1754184432,4,6524,89351,2099,112
1754184732,5,6445,89380,2097,111
1754185032,6,6349,89360,2097,111
1754185333,4,6396,89288,2096,111
1754185633,5,6289,89284,2096,111
1754185934,5,6417,89180,2096,112
1754186234,5,6148,89276,2096,112
1754186534,5,6251,89149,2096,111
1754186835,6,6537,89170,2095,111
1754187135,6,6436,89112,2095,112
1754187436,4,6215,89141,2094,111
1754187736,5,6174,89014,2094,111
1754188036,5,6163,89054,2093,111
1754188337,6,6139,89056,2093,111
1754188637,5,6099,89051,2092,111
1754188938,6,6041,89020,2091,111
1754189238,5,6034,89055,2091,111
1754189538,4,5964,88919,2090,111
1754189839,4,5962,88859,2089,111
1754190139,7,5896,88941,2088,111
1754190440,6,5957,88845,2087,111
1754190740,6,5877,88925,2085,111
1754191040,4,5894,88747,2084,111
1754191341,6,5916,88840,2083,111
1754191641,5,5796,88826,2082,111
1754191942,4,5819,88811,2080,111
1754192242,6,5857,88821,2079,111
1754192542,5,5834,88774,2077,111
1754192843,5,5787,88724,2076,111
1754193143,5,5807,88764,2075,111
1754193444,6,5858,88739,2073,111
1754193744,5,5815,88753,2072,111
1754194045,4,5803,88729,2070,111
1754194345,5,5824,88741,2069,111
1754194645,6,5761,88743,2068,111
1754194946,6,5813,88659,2067,111
1754195246,5,5787,88710,2065,111
1754195547,4,5771,88741,2064,111
1754195847,5,5786,88648,2063,111
1754196147,5,5764,88674,2062,111
1754196448,6,5699,88711,2061,111
1754196748,4,5752,88672,2060,111
1754197049,5,5732,88727,2059,111
1754197349,5,5788,88682,2058,111
1754197649,6,5841,88683,2058,111
1754197950,6,5757,88682,2056,111
1754198250,6,5809,88685,2056,111
1754198551,7,5767,88696,2055,111
1754198851,8,5758,88697,2054,111
1754199151,13,5823,88647,2053,111
1754199452,24,5867,88713,2052,111
1754199752,50,5850,88722,2051,111
1754200053,94,5849,88724,2050,111
1754200353,104,5860,88677,2050,111
1754200653,179,5857,88631,2049,111
1754200954,222,5890,88690,2049,111
1754201254,296,5859,88671,2048,111
1754201555,332,5904,88680,2048,111
1754201855,469,5881,88666,2047,111
1754202155,714,5881,88723,2047,111
1754202456,932,5890,88661,2046,111
1754202756,1100,5918,88694,2046,111
1754203057,1234,5902,88598,2046,111
1754203357,1117,5968,88657,2046,111
1754203657,1317,5939,88692,2046,111
1754203958,1602,5991,88599,2047,111
1754204258,1768,5977,88687,2048,111
1754204559,1811,5948,88636,2049,111
1754204859,1764,6021,88638,2050,111
1754205159,1948,6001,88663,2051,111
1754205460,2807,6060,88638,2052,111
1754205760,3244,6019,88572,2054,111
1754206061,3391,6007,88612,2057,111
1754206361,3405,6065,88658,2059,111
1754206662,3662,6054,88602,2061,111
1754206962,5315,6085,88583,2064,111
1754207262,4796,6064,88642,2068,111
1754207563,4876,6106,88626,2072,111
1754207863,5131,6083,88622,2076,111
1754208164,8046,6105,88592,2080,111
1754208464,5931,6159,88576,2083,110
1754208764,6694,6096,88556,2087,111
1754209065,10257,6145,88668,2091,111
1754209365,6312,6196,88635,2096,110
1754209666,11087,6167,88623,2102,110
1754209966,7670,6220,88644,2108,110
1754210266,8296,6156,88632,2115,110
1754210567,8323,6204,88602,2121,110
1754210867,5486,6225,88588,2128,111
1754211168,6773,6219,88544,2133,111
1754211468,5361,6261,88562,2139,111
1754211768,6462,6277,88573,2144,110
1754212069,11186,6236,88619,2149,110
1754212369,7148,6275,88625,2155,110
1754212670,5843,6215,88612,2160,110
1754212970,6753,6285,88650,2165,110
1754213270,5381,6239,88551,2169,110
1754213571,5596,6274,88582,2174,110
1754213871,3916,6279,88581,2179,110
1754214172,4442,6341,88624,2184,110
1754214472,5873,6258,88629,2188,110
1754214772,6079,6333,88568,2193,110
1754215073,6781,6367,88604,2197,110
1754215373,5722,6366,88665,2201,110
1754215674,4661,6401,88646,2204,110
1754215974,5325,6394,88570,2206,110
1754216274,6938,6438,88621,2208,110
1754216575,10386,6471,88611,2212,110
1754216875,18638,6432,88677,2217,110
1754217176,9280,6430,88693,2222,110
1754217476,5563,6380,88723,2226,110
1754217777,3987,6520,88705,2228,110
1754218077,3096,6481,88585,2229,110
1754218377,2976,6530,88779,2233,110
1754218678,3498,6529,88714,2237,110
1754218978,3440,6549,88742,2243,110
1754219279,3301,6540,88731,2247,110
1754219579,3679,6602,88815,2251,110
1754219879,2471,6670,88769,2254,110
1754220180,1023,6819,88968,2256,110
1754220480,246,6940,88975,2256,110
1754220781,57,7261,88963,2255,110
1754221081,38,7446,89131,2255,110
1754221381,52,7635,89224,2254,110
1754221682,44,7667,89278,2253,110
1754221982,15,7774,89409,2249,110
1754222283,7,8186,89334,2246,110
1754222583,6,8247,89385,2250,110
1754222883,7,8491,89677,2254,110
1754223184,6,8444,89861,2256,110
1754223484,7,8033,89975,2259,110
1754223785,6,7819,90098,2262,110
1754224085,7,7946,90328,2262,110
1754224385,7,8498,90085,2266,111
1754224686,7,9855,90621,2273,110
1754224986,6,10669,90423,2274,110
1754225287,7,10303,90042,2270,110
1754225587,7,10806,90446,2266,110
1754225887,6,14290,90497,2267,110
1754226188,7,15365,90479,2271,110
1754226488,7,14544,90198,2274,110
1754226789,7,13919,89973,2276,110
1754227089,6,13324,90005,2277,110
1754227389,7,12718,90022,2275,110
1754227690,7,12505,89842,2274,110
1754227990,6,13249,89783,2273,110
1754228291,6,14868,89953,2275,110
1754228591,7,16286,89849,2279,110
1754228892,6,17223,89727,2285,110
1754229192,8,16992,89739,2290,110
1754229492,7,16669,89450,2297,110
1754229793,6,15770,89669,2303,110
1754230093,7,14594,89572,2307,110
1754230394,7,13541,89392,2312,110
1754230694,8,12404,89368,2317,110
1754230994,7,11486,89217,2324,110
1754231295,7,10617,89373,2330,110
1754231595,8,10184,89398,2337,110
1754231896,8,9716,89323,2345,110
1754232196,7,9257,89355,2352,110
1754232496,6,9032,89286,2360,110
1754232797,7,8871,89296,2365,110
1754233097,8,8708,89226,2370,110
1754233398,8,8688,89285,2377,110
1754233698,8,8444,89157,2384,110
1754233998,9,8447,89129,2391,110
1754234299,9,8345,89059,2399,110
1754234599,8,8318,89095,2409,110
1754234900,9,8232,89241,2408,110
1754235200,9,8178,89077,2406,110
1754235500,10,8214,89141,2406,109
1754235801,14,8173,88982,2407,110
1754236101,17,8185,89005,2406,110
1754236402,19,8188,89070,2404,110
1754236702,18,8216,88963,2402,110
1754237002,20,8204,89023,2399,109
1754237303,22,8199,88928,2394,110
1754237603,22,8244,88912,2387,109
1754237904,17,8217,88994,2380,109
1754238204,15,8300,88984,2372,109
1754238504,24,8235,88996,2363,109
1754238805,27,8329,88992,2354,109
1754239105,24,8234,88999,2345,109
1754239406,26,8269,89078,2337,109
1754239706,31,8266,89055,2332,109
1754240007,30,8286,89152,2326,109
1754240307,28,8300,89046,2320,109
1754240607,24,8424,89069,2315,109
1754240908,16,8333,89124,2309,109
1754241208,13,8447,89125,2303,109
1754241509,10,8408,89203,2296,109
1754241809,11,8451,89135,2291,109
1754242109,9,8405,89122,2285,109
1754242410,14,8508,89097,2281,110
1754242710,17,8394,89078,2276,109
1754243011,15,8334,89117,2270,109
1754243311,19,8373,89021,2265,109
1754243611,13,8246,89072,2259,109
1754243912,16,8365,89026,2253,109
1754244212,13,8405,89004,2248,109
1754244513,13,8424,89010,2243,109
1754244813,12,8396,89107,2239,109
1754245113,13,8431,88978,2235,109
1754245414,11,8460,89006,2231,109
1754245714,10,8457,88988,2227,109
1754246015,9,8484,88999,2223,109
1754246315,7,8638,88973,2219,109
1754246615,8,8655,88993,2215,109
1754246916,7,8635,88956,2211,109
1754247216,7,8668,88953,2207,109
1754247517,7,8617,88990,2203,109
1754247817,6,8680,88975,2199,109
1754248117,6,8656,88957,2195,109
1754248418,6,8663,88957,2192,109
1754248718,6,8644,88959,2188,109
1754249019,7,8592,88910,2185,109
1754249319,7,8644,88968,2181,109
1754249619,6,8611,88977,2178,109
1754249920,6,8618,88976,2174,109
1754250220,6,8584,88941,2171,109
1754250521,6,8616,89005,2168,109
1754250821,6,8593,89034,2165,109
1754251122,7,8647,88975,2162,109
1754251422,6,8610,88965,2159,109
1754251722,6,8557,88936,2156,109
1754252023,6,8602,88881,2153,109
1754252323,5,8623,88927,2151,109
1754252624,5,8575,88957,2148,109
1754252924,6,8660,88934,2145,109
1754253224,7,8653,89025,2142,109
1754253525,5,8673,88935,2139,109
1754253825,6,8696,88989,2136,109
1754254126,5,8737,88916,2133,109
1754254426,6,8657,88948,2131,109
1754254726,5,8760,89048,2128,109
1754255027,5,8690,89055,2125,109
1754255327,6,8757,89048,2123,109
1754255628,5,8721,89005,2120,109
1754255928,5,8732,89005,2117,109
1754256228,5,8692,88989,2115,109
1754256529,5,8784,89029,2112,109
1754256829,6,8689,88990,2109,109
1754257130,5,8725,88977,2107,109
1754257430,5,8786,89025,2105,109
1754257730,6,8731,88988,2103,109
1754258031,6,8734,89003,2101,109
1754258331,4,8731,88936,2099,109
1754258632,5,8811,88923,2097,109
1754258932,6,8826,88937,2095,109
1754259232,6,8793,89043,2093,109
1754259533,7,8820,89042,2091,109
1754259833,5,8836,88953,2090,109
1754260134,5,8804,88999,2087,109
1754260434,4,8787,88872,2086,109
1754260734,5,8888,88927,2084,109
1754261035,6,8855,88980,2083,109
1754261335,6,8913,88971,2081,109
1754261636,5,8859,88979,2080,109
1754261936,5,8906,88889,2079,109
1754262236,4,8958,88860,2077,109
1754262537,5,8893,88963,2076,109
1754262837,5,8910,88978,2074,109
1754263138,5,8974,88888,2073,109
1754263438,6,8951,88914,2071,109
1754263739,4,8943,88880,2070,109
1754264039,5,8943,88883,2069,108
1754264339,6,8948,88962,2067,109
1754264640,5,8944,88887,2066,109
1754264940,6,8990,88920,2065,109
1754265241,6,8980,88865,2063,109
1754265541,5,9031,88903,2062,109
1754265841,6,8991,88802,2061,109
1754266142,5,8935,88854,2059,109
1754266442,5,9006,88867,2058,109
1754266743,5,8892,88880,2057,109
1754267043,5,8971,88760,2055,109
1754267343,5,8999,88839,2054,109
1754267644,5,9014,88870,2053,109
1754267944,5,9026,88864,2052,109
1754268245,6,8951,88848,2051,109
1754268545,4,9074,88814,2050,109
1754268845,5,8987,88838,2049,109
1754269146,6,9112,88762,2048,109
1754269446,5,9051,88842,2047,109
1754269747,4,8988,88890,2046,109
1754270047,5,9052,88920,2046,109
1754270347,4,9047,88880,2045,109
1754270648,5,9076,88965,2044,109
1754270948,5,9072,88898,2044,109
1754271249,4,9143,89029,2044,109
1754271549,4,9171,89037,2044,109
1754271849,6,9209,89000,2044,109
1754272150,5,9250,89047,2043,109
1754272450,5,9167,89118,2042,109
1754272751,5,9236,89083,2042,109
1754273051,5,9221,89114,2041,109
1754273351,5,9203,89131,2041,109
1754273652,5,9376,89083,2040,109
1754273952,5,9343,89104,2040,109
1754274253,5,9339,89068,2039,109
1754274553,6,9386,89061,2039,108
1754274853,5,9332,89083,2037,109
1754275154,5,9430,89039,2036,109
1754275454,6,9443,89060,2036,109
1754275755,4,9433,88990,2035,109
1754276055,5,9590,88986,2034,109
1754276356,5,9601,89076,2034,109
1754276656,5,9809,89030,2033,109
1754276956,5,9860,89020,2032,108
1754277257,4,10013,88879,2031,109
1754277557,5,10019,88981,2030,109
1754277858,5,10004,88984,2028,108
1754278158,4,10077,88911,2026,109
1754278458,5,10025,88942,2025,109
1754278759,5,9957,88902,2024,109
1754279059,5,10090,88899,2023,109
1754279360,5,10022,88908,2022,109
1754279660,5,10157,88897,2022,108
1754279960,5,10123,88884,2022,109
1754280261,4,10110,88920,2022,108
1754280561,5,10127,88902,2022,108
1754280862,5,10207,88909,2023,108
1754281162,5,10225,88882,2022,109
1754281462,5,10190,88837,2022,108
1754281763,6,10200,88833,2021,108
1754282063,6,10172,88855,2021,108
1754282364,5,10097,88838,2021,109
1754282664,4,10126,88863,2020,108
1754282964,6,10068,88835,2019,108
1754283265,4,10038,88849,2018,109
1754283565,5,10083,88868,2017,109
1754283866,5,10088,88841,2016,108
1754284166,5,10107,88838,2016,109
1754284466,5,10155,88832,2015,108
1754284767,6,10106,88913,2014,109
1754285067,6,10058,88897,2013,108
1754285368,8,10138,88841,2013,108
1754285668,9,10166,88914,2012,108
1754285968,11,10108,88810,2011,108
1754286269,15,10176,88944,2010,108
1754286569,27,10148,88907,2010,108
1754286870,40,10176,88877,2009,108
1754287170,59,10199,88972,2008,108
1754287470,64,10290,88891,2008,108
1754287771,43,10252,89066,2010,108
1754288071,30,10317,89137,2010,108
1754288372,16,10498,89232,2011,108
1754288672,7,10669,89258,2012,108
1754288973,6,10684,89545,2016,108
1754289273,6,10740,89430,2018,108
1754289573,7,10784,89543,2019,108
1754289874,4,10850,89634,2022,108
1754290174,5,11691,89632,2027,108
1754290475,6,13903,89736,2033,108
1754290775,6,14579,89568,2036,108
1754291075,4,14127,89501,2039,108
1754291376,5,13374,89573,2042,108
1754291676,5,12488,89510,2045,108
1754291977,5,12104,89505,2049,108
1754292277,5,11992,89331,2052,108
1754292577,5,11862,89372,2055,108
1754292878,5,11678,89361,2057,108
1754293178,5,11574,89316,2059,108
1754293479,6,11582,89262,2062,108
1754293779,5,11514,89321,2065,108
1754294079,8,11449,89122,2069,108
1754294380,11,11309,89227,2072,108
1754294680,9,11441,89151,2076,108
1754294981,8,11545,89221,2080,108
1754295281,9,11595,89216,2084,108
1754295581,10,11463,89199,2088,108
1754295882,15,11586,89116,2092,108
1754296182,35,11370,89148,2097,108
1754296483,143,11167,89104,2103,108
1754296783,122,11238,89155,2109,108
1754297083,180,11225,89091,2115,108
1754297384,240,11052,89132,2121,108
1754297684,479,11045,89045,2127,108
1754297985,573,10886,89111,2134,108
1754298285,714,10874,89136,2140,108
1754298585,2081,10960,89148,2147,108
1754298886,1052,10952,89112,2154,108
1754299186,1319,10918,89167,2161,108
1754299487,1130,11037,89086,2167,108
1754299787,1733,10967,89044,2174,108
1754300087,2115,10905,89129,2180,108
1754300388,2106,10976,89052,2186,108
1754300688,2054,10910,89070,2192,108
1754300989,2035,10934,89053,2196,108
1754301289,3866,10962,89030,2201,108
1754301590,6054,10972,89083,2207,108
1754301890,6501,10914,88994,2215,108
1754302190,2761,10944,88953,2221,108
1754302491,3372,10929,88981,2224,108
1754302791,4712,10906,88979,2228,108
1754303092,4310,10964,88956,2236,108
1754303392,2512,10992,88940,2244,108
1754303692,3001,10877,89008,2250,108
1754303993,2856,10942,88998,2255,108
1754304293,4221,10979,89027,2263,108
1754304594,7731,11090,88950,2271,108
1754304894,4101,11066,89016,2279,108
1754305194,2583,11066,89022,2284,108
1754305495,3532,11012,88924,2286,108
1754305795,6569,11158,88896,2290,108
1754306096,10181,11092,88903,2298,108
1754306396,4837,11090,88858,2304,108
1754306696,3357,10931,88939,2307,108
1754306997,3689,11029,88895,2308,108
1754307297,3425,11079,88922,2311,108
1754307598,2994,11120,88917,2315,108
1754307898,2772,11043,88901,2319,108
1754308198,3293,11177,88860,2319,108
1754308499,3392,11069,88922,2320,108
1754308799,3627,10887,88912,2322,108
1754309100,4112,11067,88758,2324,108
1754309400,4274,11040,88815,2327,108
1754309700,3942,11128,88793,2328,108
1754310001,6999,11086,88853,2329,108
1754310301,15759,11241,88815,2340,108
1754310602,7061,11158,88825,2352,108
1754310902,6087,11159,88863,2353,108
1754311202,9098,11160,88822,2351,108
1754311503,8716,11123,88768,2352,108
1754311803,8057,11289,88760,2359,108
1754312104,7641,11159,88815,2367,108
1754312404,5658,11210,88768,2374,107
1754312705,5534,11267,88757,2382,108
1754313005,12195,11202,88747,2393,108
1754313305,9997,11338,88794,2410,108
1754313606,3903,11337,88829,2420,108
1754313906,5087,11319,88737,2419,108
1754314207,4208,11224,88755,2416,107
1754314507,6331,11322,88706,2415,107
1754314807,4074,11265,88657,2417,107
1754315108,4347,11422,88665,2417,107
1754315408,5443,11520,88709,2421,107
1754315709,5012,11341,88726,2431,107
1754316009,4159,11329,88692,2438,107
1754316309,3316,11459,88720,2439,107
1754316610,3831,11390,88676,2438,107
1754316910,3625,11360,88709,2439,107
1754317211,3401,11387,88674,2441,107
1754317511,3796,11367,88680,2441,107
1754317811,4403,11344,88662,2439,107
1754318112,3793,11372,88697,2436,107
1754318412,3695,11490,88651,2434,107
1754318713,2988,11396,88652,2429,107
1754319013,2462,11315,88690,2422,107
1754319313,1878,11337,88689,2413,107
1754319614,2649,11424,88664,2406,107
1754319914,2959,11515,88629,2400,107
1754320215,2497,11556,88626,2395,107
1754320515,2567,11385,88626,2389,107
1754320815,2197,11345,88684,2382,107
1754321116,2645,11439,88704,2375,107
1754321416,2682,11456,88645,2367,107
1754321717,2011,11591,88630,2359,107
1754322017,1755,11622,88587,2350,107
1754322318,1519,11443,88598,2342,107
1754322618,1399,11574,88570,2334,107
1754322918,1462,11529,88571,2327,107
1754323219,1558,11516,88605,2321,107
1754323519,1649,11498,88660,2316,107
1754323820,1527,11419,88604,2310,107
1754324120,1744,11600,88607,2305,107
1754324420,1850,11506,88609,2299,107
1754324721,2150,11631,88588,2295,107
1754325021,2231,11413,88627,2291,107
1754325322,1679,11557,88687,2288,107
1754325622,1142,11405,88684,2284,107
1754325922,964,11372,88656,2280,107
1754326223,848,11532,88642,2275,107
1754326523,845,11494,88599,2270,107
1754326824,829,11414,88662,2265,107
1754327124,576,11421,88751,2260,107
1754327424,538,11476,88713,2255,107
1754327725,593,11478,88653,2250,107
1754328025,548,11406,88730,2245,106
1754328326,377,11513,88788,2239,107
1754328626,321,11452,88731,2232,107
1754328926,322,11537,88718,2227,107
1754329227,277,11505,88720,2220,107
1754329527,233,11522,88715,2214,107
1754329828,174,11409,88693,2208,107
1754330128,135,11466,88786,2201,107
1754330428,118,11458,88733,2195,107
1754330729,121,11520,88696,2189,107
1754331029,122,11545,88709,2182,107
1754331330,104,11540,88705,2177,107
1754331630,69,11503,88735,2171,106
1754331931,42,11637,88773,2166,107
1754332231,32,11611,88784,2160,107
1754332531,26,11650,88820,2156,107
1754332832,23,11769,88761,2151,107
1754333132,15,11624,88779,2146,107
1754333433,11,11679,88795,2141,107
1754333733,10,11778,88785,2136,107
1754334033,7,11870,88825,2131,106
1754334334,7,11795,88832,2126,107
1754334634,5,11886,88803,2121,107
1754334935,6,11651,88765,2117,107
1754335235,5,11731,88858,2112,107
1754335535,6,11877,88802,2108,107
1754335836,6,11720,88875,2104,106
1754336136,6,11754,88881,2100,107
1754336437,6,11763,88852,2096,107
1754336737,5,11681,88891,2092,107
1754337037,5,11811,88823,2089,107
1754337338,6,11882,88828,2085,107
1754337638,6,11719,88753,2082,106
1754337939,5,11747,88914,2079,106
1754338239,4,11770,88903,2075,106
1754338539,5,11712,88919,2072,106
1754338840,5,11766,89049,2069,106
1754339140,5,11783,88873,2067,106
1754339441,5,11808,88915,2064,107
1754339741,6,11679,88943,2061,106
1754340042,5,11771,88863,2058,106
1754340342,5,11953,88921,2056,107
1754340642,6,11901,88902,2054,106
1754340943,5,11874,88940,2052,106
1754341243,5,11829,88872,2050,106
1754341544,5,11739,88939,2048,106
1754341844,5,11702,88904,2047,106
1754342144,5,11653,88909,2045,106
1754342445,5,11763,88900,2044,106
1754342745,5,11886,88928,2042,106
1754343046,5,11847,88956,2041,106
1754343346,5,11980,88899,2040,106
1754343646,4,11852,88953,2038,106
1754343947,4,11961,88936,2037,106
1754344247,5,11884,88923,2035,106
1754344548,5,11871,88973,2034,106
1754344848,6,11894,88899,2032,106
1754345148,5,11841,88892,2031,106
1754345449,5,11836,88926,2029,106
1754345749,5,11831,88956,2028,106
1754346050,5,11898,88890,2027,106
1754346350,4,11957,88941,2025,106
1754346650,5,11755,88922,2024,106
1754346951,5,11784,88987,2023,106
1754347251,5,11902,88925,2022,106
1754347552,4,11846,88908,2020,106
1754347852,4,11861,88913,2019,106
1754348152,5,11947,88899,2018,106
1754348453,5,11669,88951,2016,106
1754348753,5,11898,88910,2015,106
1754349054,4,11939,88967,2014,106
1754349354,4,11907,88877,2012,106
1754349655,6,11928,88864,2011,106
1754349955,4,11875,88881,2010,106
1754350255,5,11896,88886,2009,106
1754350556,4,11737,88896,2008,106
1754350856,4,11858,88874,2007,106
1754351157,6,11922,88861,2006,106
1754351457,5,11950,88845,2005,106
1754351757,4,11978,88870,2004,106
1754352058,5,11990,88835,2003,106
1754352358,5,11775,88871,2001,106
1754352659,5,11786,88830,2000,106
1754352959,5,11964,88886,2000,106
1754353259,5,11838,88818,1999,106
1754353560,5,11954,88844,1998,106
1754353860,5,11947,88801,1997,106
1754354161,5,11975,88850,1996,106
1754354461,5,12017,88835,1994,106
1754354761,5,11913,88801,1993,106
1754355062,5,11845,88776,1992,106
1754355362,4,11891,88794,1991,106
1754355663,5,11971,88784,1989,106
1754355963,4,11877,88805,1988,106
1754356263,6,12035,88800,1987,106
1754356564,5,11837,88752,1985,106
1754356864,5,11922,88633,1984,106
1754357165,5,11908,88830,1983,106
1754357465,4,11864,88817,1981,106
1754357765,5,12015,88746,1980,106
1754358066,5,11852,88746,1978,106
1754358366,5,12036,88779,1976,106
1754358667,5,11941,88806,1975,106
1754358967,4,11921,88707,1973,106
1754359268,4,11947,88811,1972,106
1754359568,5,11858,88831,1970,106
1754359868,5,11951,88742,1969,106
1754360169,5,11970,88791,1968,106
1754360469,5,11855,88790,1967,106
1754360770,5,11832,88728,1966,106
1754361070,4,11890,88749,1965,106
1754361370,4,11942,88765,1964,106
1754361671,6,11962,88719,1963,106
1754361971,4,11817,88807,1962,106
1754362272,6,11984,88683,1962,106
1754362572,6,11918,88714,1962,106
1754362872,4,11903,88679,1961,106
1754363173,5,11908,88734,1961,106
1754363473,5,11956,88730,1961,106
1754363774,4,11988,88729,1960,106
1754364074,4,12054,88683,1960,106
1754364374,5,11993,88698,1959,106
1754364675,5,11818,88717,1958,106
1754364975,5,12001,88655,1958,106
1754365276,5,11848,88712,1957,106
1754365576,5,11917,88695,1956,105
1754365876,6,11899,88670,1956,106
1754366177,5,11893,88685,1955,106
1754366477,5,11929,88718,1954,106
1754366778,5,11857,88680,1954,106
1754367078,5,11872,88692,1953,106
1754367378,4,12003,88715,1952,106
1754367679,5,12018,88752,1951,106
1754367979,4,11938,88764,1949,105
1754368280,5,11738,88741,1948,105
1754368580,4,12051,88647,1946,106
1754368881,5,11947,88779,1945,105
1754369181,5,11953,88704,1943,106
1754369481,5,12057,88723,1942,105
1754369782,5,11857,88719,1940,106
1754370082,5,11954,88646,1939,105
1754370383,5,12047,88689,1938,105
1754370683,6,12034,88680,1936,105
1754370983,7,12057,88690,1935,105
1754371284,12,12059,88718,1934,105
1754371584,21,12045,88668,1934,105
1754371885,36,11881,88784,1933,105
1754372185,60,11946,88793,1933,105
1754372485,96,12123,88715,1933,105
1754372786,141,11871,88759,1932,105
1754373086,215,11997,88756,1932,105
1754373387,233,11978,88775,1932,105
1754373687,320,12056,88781,1931,105
1754373987,396,11998,88800,1930,105
1754374288,451,12122,88823,1930,105
1754374588,528,11925,88791,1929,105
1754374889,572,12064,88774,1928,105
1754375189,566,12089,88767,1927,105
1754375489,625,11817,88762,1926,105
1754375790,636,12074,88847,1925,105
1754376090,711,12067,88819,1925,105
1754376391,773,11887,88797,1925,105
1754376691,857,11973,88839,1926,105
1754376992,873,11968,88779,1927,105
1754377292,768,12036,88836,1927,105
1754377592,685,11956,88912,1928,105
1754377893,751,12070,88862,1929,105
1754378193,917,11819,88923,1930,105
1754378494,1068,11926,88828,1932,105
1754378794,1279,11973,88879,1934,105
1754379094,1417,11898,88890,1935,105
1754379395,1499,11967,88916,1938,105
1754379695,1690,12130,88884,1940,105
1754379996,2071,12137,88834,1942,105
1754380296,2434,12040,88858,1945,105
1754380596,2314,12050,88920,1947,105
1754380897,2034,12107,88871,1951,105
1754381197,2202,11980,88820,1953,105
1754381498,2389,12005,88896,1956,105
1754381798,2690,12114,88850,1959,105
1754382098,3320,12127,88860,1963,105
1754382399,3546,12004,88798,1967,105
1754382699,3656,11942,88915,1971,105
1754383000,3434,12016,88916,1976,105
1754383300,3219,11966,88933,1980,105
1754383600,3358,12124,88875,1985,105
1754383901,3856,12141,88874,1990,105
1754384201,3809,12093,88801,1995,105
1754384502,4128,12066,88849,2000,105
1754384802,5109,12049,88848,2006,105
1754385102,6113,12081,88830,2013,105
1754385403,6143,11901,88828,2020,105
1754385703,4836,12072,88871,2026,105
1754386004,3739,12147,88899,2033,105
1754386304,4454,11987,88890,2039,105
1754386605,4628,12176,88927,2045,105
1754386905,6041,11991,88942,2051,105
1754387205,7622,12225,88891,2059,104
1754387506,6133,12137,88910,2067,105
1754387806,7202,12121,88993,2075,105
1754388107,11488,12113,88909,2084,105
1754388407,8383,12127,88956,2093,105
1754388707,6404,12179,88873,2101,105
1754389008,5193,12211,88928,2108,105
1754389308,4533,12010,88961,2115,105
1754389609,5466,12197,88926,2122,105
1754389909,6269,12156,88949,2131,105
1754390209,6296,12092,88899,2141,104
1754390510,5492,12221,88960,2152,104
1754390810,4976,12082,88921,2162,105
1754391111,3739,12298,88932,2171,104
1754391411,3837,12081,88910,2179,105
1754391711,4178,12132,88942,2187,105
1754392012,4223,12221,88891,2193,104
1754392312,3988,12108,88906,2199,104
1754392613,3491,12318,88915,2203,104
1754392913,2145,12364,88877,2206,104
1754393213,1051,12348,88928,2207,104
1754393514,563,12679,88875,2206,104
1754393814,541,12599,88875,2205,104
1754394115,910,12722,88863,2203,104
1754394415,1172,12722,88892,2201,105
1754394716,2206,12662,88921,2200,104
1754395016,3928,12672,88872,2201,104
1754395316,5360,12618,88861,2204,104
1754395617,5606,12610,88827,2206,104
1754395917,5884,12276,88843,2209,104
1754396218,7222,12600,88902,2211,105
1754396518,6548,12559,88872,2214,104
1754396818,6446,12456,88891,2218,104
1754397119,5996,12553,88833,2221,104
1754397419,5387,12375,88873,2224,104
1754397720,4937,12380,88848,2228,104
1754398020,4983,12685,88816,2232,104
1754398320,7821,12626,88839,2237,104
1754398621,7825,12620,88830,2246,104
1754398921,6224,12384,88854,2256,104
1754399222,6648,12530,88823,2267,104
1754399522,7144,12598,88803,2276,104
1754399822,6877,12545,88804,2283,104
1754400123,6909,12711,88795,2290,104
1754400423,6534,12791,88753,2295,104
1754400724,7498,12559,88767,2302,104
1754401024,7702,12789,88812,2309,104
1754401324,7110,12799,88776,2315,104
1754401625,5890,12733,88745,2318,104
1754401925,6136,12633,88657,2321,104
1754402226,4876,12856,88707,2325,104
1754402526,4530,12554,88715,2330,104
1754402827,4436,12863,88705,2335,104
1754403127,4879,12890,88731,2341,104
1754403427,5295,12810,88724,2349,104
1754403728,4761,12917,88711,2356,104
1754404028,4930,12877,88667,2363,104
1754404329,4449,12776,88690,2369,104
1754404629,4147,12799,88682,2376,104
1754404929,5112,12544,88672,2383,104
1754405230,3814,12675,88685,2391,104
1754405530,2889,12610,88648,2396,104
1754405831,2855,12826,88665,2397,104
1754406131,3661,12842,88669,2397,104
1754406431,4040,12914,88683,2398,104
1754406732,2327,12877,88642,2399,104
1754407032,1174,12811,88634,2395,104
1754407333,1128,12940,88640,2390,104
1754407633,1806,12882,88618,2385,104
1754407933,1993,12825,88618,2380,104
1754408234,2142,12798,88623,2376,104
1754408534,1457,13014,88619,2370,103
1754408835,1125,12989,88655,2362,104
1754409135,998,12641,88647,2353,104
1754409435,1262,12822,88621,2343,104
1754409736,872,12997,88618,2333,103
1754410036,864,12711,88676,2323,104
1754410337,1392,12985,88622,2312,104
1754410637,1653,12918,88584,2303,104
1754410938,2105,12998,88602,2293,103
1754411238,1282,12832,88674,2285,104
1754411538,1644,12708,88652,2277,104
1754411839,1665,12694,88700,2269,103
1754412139,1740,12668,88691,2262,104
1754412440,1474,12562,88710,2255,104
1754412740,1153,12716,88627,2248,104
1754413040,999,12705,88631,2241,103
1754413341,1120,13000,88655,2235,103
1754413641,955,12930,88621,2230,103
1754413942,971,12977,88614,2224,103
1754414242,962,12990,88632,2220,103
1754414542,836,13032,88607,2215,103
1754414843,607,12904,88643,2210,103
1754415143,590,12881,88662,2205,103
1754415444,580,12783,88638,2198,103
1754415744,538,12899,88667,2192,103
1754416044,514,12996,88589,2186,103
1754416345,493,13067,88622,2180,103
1754416645,404,12888,88609,2173,103
1754416946,395,13094,88676,2166,103
1754417246,392,12932,88675,2159,103
1754417546,341,12966,88654,2153,103
1754417847,277,12988,88697,2146,103
1754418147,236,12813,88653,2139,103
1754418448,201,12964,88709,2133,103
1754418748,169,13093,88688,2126,103
1754419048,130,13094,88678,2119,103
1754419349,81,13016,88682,2113,103
1754419649,54,12874,88689,2107,103
1754419950,30,12975,88740,2101,103
1754420250,15,12974,88703,2095,103
1754420551,9,13115,88689,2089,103
1754420851,6,13079,88673,2083,103
1754421151,6,13091,88662,2078,103
1754421452,6,13180,88709,2072,103
1754421752,5,12886,88781,2067,103
1754422053,5,13168,88728,2062,103
1754422353,6,12985,88797,2057,103
1754422653,6,12923,88790,2052,103
1754422954,5,13063,88748,2047,103
1754423254,6,13170,88676,2042,103
1754423555,5,13231,88751,2037,103
1754423855,6,13092,88730,2032,103
1754424155,5,12928,88796,2028,103
1754424456,5,13219,88713,2023,103
1754424756,5,13121,88737,2019,103
1754425057,5,13195,88735,2015,103
1754425357,5,13006,88736,2011,103
1754425657,5,13211,88721,2006,103
1754425958,5,13102,88761,2002,103
1754426258,6,13068,88763,1999,103
1754426559,5,13183,88780,1996,103
1754426859,5,13050,88789,1992,103
1754427159,5,13125,88783,1988,103
1754427460,5,13254,88776,1985,102
1754427760,5,12970,88820,1981,102
1754428061,4,13219,88761,1978,103
1754428361,5,13116,88744,1975,102
1754428662,4,12998,88817,1972,102
1754428962,5,13147,88776,1969,103
1754429262,4,13265,88832,1966,103
1754429563,4,13128,88819,1964,102
1754429863,6,12931,88830,1961,102
1754430164,6,12951,88859,1959,102
1754430464,5,13161,88816,1957,102
1754430764,5,13172,88833,1954,102
1754431065,5,13209,88815,1953,102
1754431365,4,13123,88769,1951,103
1754431666,5,13209,88826,1949,102
1754431966,5,13160,88807,1947,103
1754432266,5,13065,88822,1946,102
1754432567,4,12909,88803,1944,102
1754432867,5,13357,88850,1943,102
1754433168,5,13290,88844,1942,102
1754433468,5,13311,88824,1940,102
1754433768,4,12837,88790,1939,102
1754434069,5,13226,88916,1938,102
1754434369,5,13230,88820,1937,102
1754434670,4,13109,88809,1936,102
1754434970,5,13033,88912,1934,102
1754435270,5,12787,88905,1933,102
1754435571,4,13251,88858,1932,102
1754435871,5,13250,88851,1931,102
1754436172,5,12951,88853,1931,102
1754436472,4,13151,88818,1930,102
1754436772,5,13298,88817,1929,102
1754437073,4,13085,88794,1928,102
1754437373,5,13174,88824,1927,102
1754437674,5,13147,88841,1927,102
1754437974,5,13339,88805,1926,102
1754438275,4,13159,88805,1925,102
1754438575,4,13128,88806,1924,102
1754438875,4,13106,88775,1923,102
1754439176,5,13092,88769,1922,102
1754439476,5,13137,88755,1921,102
1754439777,5,13269,88752,1920,102
1754440077,5,12912,88831,1919,102
1754440377,5,13086,88768,1918,102
1754440678,5,13135,88734,1917,102
1754440978,5,13210,88751,1917,102
1754441279,5,12971,88778,1916,102
1754441579,5,13147,88785,1915,102
1754441879,5,12895,88739,1915,102
1754442180,5,13008,88759,1914,102
1754442480,5,12652,88757,1913,102
1754442781,5,12878,88778,1913,102
1754443081,5,12983,88777,1912,102
1754443381,5,12996,88783,1912,102
1754443682,5,12958,88763,1912,102
1754443982,5,13093,88720,1912,102
1754444283,4,13026,88782,1912,102
1754444583,5,13179,88648,1911,102
1754444883,5,12842,88719,1911,102
1754445184,5,13132,88685,1911,102
1754445484,5,13184,88707,1911,102
1754445785,5,13006,88722,1911,102
1754446085,5,13193,88695,1911,102
1754446385,5,13240,88707,1911,102
1754446686,5,13006,88725,1911,102
1754446986,5,13073,88724,1911,102
1754447287,5,13172,88684,1911,102
1754447587,5,13076,88685,1910,102
1754447888,5,13094,88678,1910,102
1754448188,5,13108,88689,1909,102
1754448488,4,13105,88692,1909,102
1754448789,5,12773,88669,1908,102
1754449089,5,13032,88711,1907,102
1754449390,5,13139,88680,1907,102
1754449690,5,13091,88650,1906,102
1754449990,5,13006,88673,1905,101
1754450291,6,13018,88669,1903,102
1754450591,4,13177,88643,1902,102
1754450892,4,13079,88624,1900,102
1754451192,6,13068,88631,1898,102
1754451492,5,13079,88639,1897,102
1754451793,6,13030,88678,1895,101
1754452093,5,12833,88652,1893,102
1754452394,5,12974,88662,1891,101
1754452694,5,13120,88639,1890,102
1754452994,5,13150,88615,1888,101
1754453295,4,13246,88672,1886,102
1754453595,5,13098,88636,1885,102
1754453896,5,13105,88617,1882,102
1754454196,5,13172,88620,1881,102
1754454496,5,12945,88674,1879,101
1754454797,4,13185,88667,1878,101
1754455097,5,13217,88689,1876,101
1754455398,5,13247,88674,1874,101
1754455698,4,13154,88662,1873,101
1754455998,5,13058,88704,1871,101
1754456299,5,13015,88695,1870,101
1754456599,5,13183,88681,1868,101
1754456900,6,12899,88688,1866,101
1754457200,6,13050,88700,1865,101
1754457501,9,13114,88668,1864,101
1754457801,17,13182,88714,1863,101
1754458101,30,12922,88680,1862,101
1754458402,54,13004,88685,1861,101
1754458702,96,13032,88712,1860,101
1754459003,164,12909,88743,1859,101
1754459303,274,13167,88722,1859,101
1754459603,378,12995,88674,1858,101
1754459904,491,12865,88770,1858,101
1754460204,548,13111,88769,1858,101
1754460505,665,12997,88747,1857,101
1754460805,766,13239,88760,1858,101
1754461105,867,13037,88720,1858,101
1754461406,960,13266,88715,1858,101
1754461706,1024,13205,88763,1859,101
1754462007,1204,13211,88747,1860,101
1754462307,1436,13273,88729,1861,101
1754462607,1583,13266,88780,1862,101
1754462908,1870,13105,88748,1864,101
1754463208,2017,13276,88790,1867,101
1754463509,2110,13266,88769,1870,101
1754463809,2075,13216,88722,1873,101
1754464109,1788,13054,88754,1876,101
1754464410,1625,13154,88742,1880,101
1754464710,2184,13009,88829,1884,101
1754465011,1641,13298,88748,1889,101
1754465311,10913,13151,88784,1895,101
1754465611,12557,13079,88780,1902,101
1754465912,14547,13232,88820,1909,101
1754466212,14119,13270,88815,1917,101
1754466513,15604,13205,88784,1924,101
1754466813,15370,13408,88821,1932,101
1754467114,16773,13218,88824,1939,101
1754467414,14897,13119,88718,1948,101
1754467714,16295,12953,88816,1956,101
1754468015,16820,13092,88814,1964,101
1754468315,14811,12899,88806,1973,101
1754468616,5302,13284,88803,1982,101
1754468916,17658,13104,88804,1989,101
1754469216,15446,13268,88785,1999,101
1754469517,17056,13260,88788,2008,101
1754469817,18793,13202,88832,2018,101
1754470118,12393,13319,88779,2028,101
1754470418,8845,13152,88796,2037,101
1754470718,17469,13245,88803,2050,101
1754471019,18782,12883,88819,2062,101
1754471319,19049,13380,88797,2074,101
1754471620,20497,13074,88841,2086,101
1754471920,20432,13419,88807,2099,101
1754472220,20921,13410,88777,2112,101
1754472521,21002,13295,88810,2124,101
1754472821,21066,13363,88811,2135,101
1754473122,20513,13203,88850,2147,101
1754473422,6527,13209,88815,2157,101
1754473722,22637,13396,88813,2165,101
1754474023,22614,13467,88750,2177,101
1754474323,22992,13312,88810,2191,101
1754474624,23981,13376,88794,2202,101
1754474924,20157,13119,88766,2212,101
1754475224,19949,13197,88793,2224,101
1754475525,12690,13102,88799,2236,101
1754475825,11964,13539,88781,2247,101
1754476126,16158,13467,88699,2255,101
1754476426,7867,13316,88766,2265,101
1754476727,11268,13019,88769,2273,101
1754477027,9132,13304,88765,2283,101
1754477327,11517,13366,88708,2293,101
1754477628,7684,13403,88710,2304,101
1754477928,4057,13532,88727,2312,100
1754478229,3452,13618,88745,2316,101
1754478529,2861,13523,88709,2318,101
1754478829,3332,13588,88684,2319,101
1754479130,3943,13544,88701,2321,100
1754479430,5048,13351,88738,2323,101
1754479731,7561,13563,88665,2325,101
1754480031,10302,13565,88730,2329,101
1754480331,9002,13639,88659,2335,101
1754480632,8442,13547,88638,2338,101
1754480932,6977,13255,88662,2338,101
1754481233,6419,13755,88699,2338,101
1754481533,6473,13553,88607,2339,101
1754481833,4535,13660,88607,2340,100
1754482134,3232,13174,88625,2341,101
1754482434,3139,13331,88629,2341,100
1754482735,3461,13549,88602,2342,100
1754483035,4267,13258,88578,2343,100
1754483335,4551,13482,88635,2344,100
1754483636,6092,13244,88571,2344,100
1754483936,8961,13187,88574,2345,101
1754484237,6485,13593,88574,2347,100
1754484537,6153,13253,88614,2347,100
1754484838,14684,13439,88552,2343,100
1754485138,5389,13584,88526,2341,100
1754485438,5291,13282,88546,2338,101
1754485739,8206,13680,88564,2336,100
1754486039,7115,13310,88529,2338,100
1754486340,4857,13628,88530,2344,100
1754486640,8483,13631,88516,2346,100
1754486940,3540,13618,88536,2352,100
1754487241,1961,13552,88470,2353,100
1754487541,1108,13788,88498,2355,100
1754487842,1765,13351,88497,2355,100
1754488142,2047,13507,88416,2353,100
1754488442,3168,13699,88393,2353,100
1754488743,2538,13709,88438,2358,100
1754489043,2948,13761,88358,2362,100
1754489344,3351,13677,88345,2365,100
1754489644,3125,13749,88377,2377,100
1754489944,3043,13829,88391,2385,100
1754490245,3724,13799,88362,2384,100
1754490545,2724,13863,88361,2377,101
1754490846,2197,13752,88310,2367,100
1754491146,1739,13765,88267,2359,100
1754491447,1858,13977,88292,2353,100
1754491747,2050,14005,88331,2352,100
1754492047,2100,13731,88328,2354,100
1754492348,2071,13900,88257,2355,100
1754492648,1442,13944,88310,2353,100
1754492949,1404,14136,88306,2351,100
1754493249,1364,13851,88327,2349,100
1754493549,1299,13536,88348,2347,100
1754493850,1429,13617,88266,2345,100
1754494150,1623,13638,88265,2342,100
1754494451,1682,13727,88237,2337,100
1754494751,1332,13707,88264,2331,100
1754495051,1208,13605,88271,2324,100
1754495352,927,13591,88279,2317,100
1754495652,566,13511,88284,2311,100
1754495953,525,13726,88290,2304,100
1754496253,643,13505,88299,2298,100
1754496553,454,13746,88237,2292,100
1754496854,428,13577,88216,2287,100
1754497154,370,13642,88219,2281,100
1754497455,326,13432,88206,2274,100
1754497755,306,13628,88175,2266,100
1754498055,354,13693,88165,2257,100
1754498356,469,13687,88157,2248,100
1754498656,551,13464,88161,2238,100
1754498957,463,13420,88163,2229,100
1754499257,477,13267,88191,2220,100
1754499557,559,13572,88231,2211,100
1754499858,590,13777,88217,2203,100
1754500158,556,13791,88211,2197,100
1754500459,520,13775,88266,2192,100
1754500759,559,13776,88167,2186,100
1754501060,578,13752,88180,2180,100
1754501360,587,13806,88183,2174,100
1754501660,561,13578,88194,2167,100
1754501961,511,13504,88201,2160,100
1754502261,504,13469,88192,2153,100
1754502562,485,13470,88151,2147,100
1754502862,491,13513,88188,2142,100
1754503162,454,13630,88176,2139,100
1754503463,384,13116,88162,2136,100
1754503763,313,13515,88188,2133,100
1754504064,261,13410,88192,2131,100
1754504364,210,13387,88213,2128,100
1754504664,169,13290,88199,2125,100
1754504965,133,13311,88207,2121,100
1754505265,109,13535,88204,2117,100
1754505566,86,13482,88205,2113,100
1754505866,57,13306,88238,2108,100
1754506166,37,13494,88213,2102,100
1754506467,21,13591,88259,2097,100
1754506767,13,13574,88245,2091,100
1754507068,7,13580,88261,2085,100
1754507368,5,13590,88247,2080,100
1754507668,7,13510,88250,2075,100
1754507969,6,13703,88263,2070,100
1754508269,6,13493,88256,2065,100
1754508570,5,13430,88245,2060,100
1754508870,5,13435,88241,2055,100
1754509171,6,13506,88289,2050,100
1754509471,6,13597,88275,2045,100
1754509771,5,13343,88290,2040,100
1754510072,5,13686,88348,2036,100
1754510372,5,13671,88281,2031,100
1754510673,5,13640,88275,2026,100
1754510973,5,13685,88327,2022,99
1754511273,5,13706,88265,2017,99
1754511574,5,13735,88321,2012,99
1754511874,5,13417,88348,2008,100
1754512175,5,13794,88322,2004,99
1754512475,5,13583,88336,2000,99
1754512775,5,13814,88353,1997,99
1754513076,5,13542,88341,1994,99
1754513376,5,13762,88364,1990,99
1754513677,6,13569,88401,1987,99
1754513977,5,13417,88403,1984,99
1754514277,5,13596,88376,1981,99
1754514578,5,13680,88401,1978,99
1754514878,6,13303,88382,1976,99
1754515179,5,13197,88410,1973,99
1754515479,5,13817,88382,1971,99
1754515779,5,13710,88372,1968,99
1754516080,5,13691,88334,1966,99
1754516380,5,13701,88374,1964,99
1754516681,5,13584,88379,1961,99
1754516981,5,13769,88363,1959,99
1754517281,5,13707,88392,1957,99
1754517582,5,13741,88374,1956,99
1754517882,5,13505,88407,1953,99
1754518183,5,13537,88383,1952,99
1754518483,6,13469,88402,1950,99
1754518784,5,13456,88399,1948,99
1754519084,5,13684,88411,1946,99
1754519384,5,13628,88365,1944,99
1754519685,5,13680,88396,1942,99
1754519985,5,13636,88442,1940,99
1754520286,6,13694,88463,1938,99
1754520586,5,13642,88448,1937,99
1754520886,5,13705,88469,1935,99
1754521187,5,13737,88470,1934,99
1754521487,5,13640,88453,1932,99
1754521788,5,13651,88448,1930,99
1754522088,5,13514,88493,1929,99
1754522388,6,13529,88517,1927,99
1754522689,5,13637,88438,1926,99
1754522989,5,13249,88481,1926,99
1754523290,5,13781,88476,1925,99
1754523590,5,13712,88413,1924,99
1754523890,5,13434,88469,1923,99
1754524191,5,13763,88447,1923,99
1754524491,5,13400,88412,1923,99
1754524792,5,13505,88449,1923,99
1754525092,5,13695,88420,1923,99
1754525392,5,13542,88428,1923,99
1754525693,5,13683,88422,1923,99
1754525993,5,13709,88431,1922,99
1754526294,5,13677,88423,1922,99
1754526594,6,13815,88440,1922,99
1754526894,5,13729,88459,1922,99
1754527195,5,13653,88434,1921,99
1754527495,4,13711,88441,1921,99
1754527796,6,13686,88417,1921,99
1754528096,4,13805,88413,1921,99
1754528397,5,13339,88441,1921,99
1754528697,4,13690,88408,1921,99
1754528997,5,13633,88434,1921,99
1754529298,5,13574,88406,1921,99
1754529598,5,13527,88399,1921,99
1754529899,5,13656,88393,1921,99
1754530199,5,13562,88427,1921,99
1754530499,4,13747,88414,1921,99
1754530800,5,13733,88382,1921,99
1754531100,6,13675,88409,1921,99
1754531401,5,13463,88396,1921,98
1754531701,4,13709,88395,1921,99
1754532001,5,13640,88392,1921,99
1754532302,5,13660,88385,1920,99
1754532602,5,13622,88361,1920,99
1754532903,5,13687,88360,1920,99
1754533203,5,13665,88348,1919,99
1754533503,5,13598,88379,1919,99
1754533804,4,13672,88389,1919,99
1754534104,5,13610,88416,1918,99
1754534405,5,13659,88374,1918,99
1754534705,5,13615,88407,1918,98
1754535005,5,13580,88401,1917,98
1754535306,5,13431,88386,1917,99
1754535606,6,13542,88384,1917,98
1754535907,4,13285,88425,1916,98
1754536207,5,13694,88405,1916,98
1754536507,5,13610,88448,1916,98
1754536808,5,13613,88338,1916,98
1754537108,5,13401,88430,1915,98
1754537409,6,13479,88400,1915,98
1754537709,4,13241,88394,1914,98
1754538010,5,13356,88398,1914,98
1754538310,6,13550,88382,1913,98
1754538610,5,13310,88422,1913,98
1754538911,5,13551,88404,1913,98
1754539211,6,13571,88381,1913,98
1754539512,5,13545,88353,1913,98
1754539812,5,13646,88391,1913,98
1754540112,5,13762,88358,1913,98
1754540413,5,13549,88357,1913,98
1754540713,5,13570,88407,1913,98
1754541014,4,13727,88326,1912,98
1754541314,5,13674,88382,1912,98
1754541614,5,13605,88373,1912,98
1754541915,4,13578,88391,1912,98
1754542215,5,13417,88386,1911,98
1754542516,5,13753,88405,1911,98
1754542816,4,13769,88350,1910,98
1754543116,5,13669,88372,1910,98
1754543417,5,13458,88374,1910,98
1754543717,6,13540,88401,1911,98
1754544018,9,13584,88381,1910,98
1754544318,13,13532,88348,1910,98
1754544618,26,13439,88417,1910,98
1754544919,40,13542,88356,1910,98
1754545219,57,13648,88411,1909,98
1754545520,59,13616,88356,1909,98
1754545820,65,13747,88418,1909,98
1754546120,86,13410,88445,1909,98
1754546421,129,13815,88417,1909,98
1754546721,178,13273,88416,1910,98
1754547022,188,13643,88437,1910,98
1754547322,292,13548,88431,1910,98
1754547623,483,13377,88458,1910,98
1754547923,711,13660,88439,1910,98
1754548223,841,13215,88424,1910,98
1754548524,763,13595,88429,1911,98
1754548824,800,13754,88451,1911,98
1754549125,838,13499,88444,1912,98
1754549425,659,13598,88458,1913,98
1754549725,645,13603,88501,1913,98
1754550026,702,13645,88463,1914,98
1754550326,1015,13623,88445,1915,98
1754550627,1546,13659,88432,1916,98
1754550927,1687,13580,88453,1918,97
1754551227,1935,13711,88475,1920,97
1754551528,1904,13589,88489,1922,98
1754551828,1695,13700,88455,1925,98
1754552129,1207,13630,88419,1928,98
1754552429,1981,13764,88504,1930,98
1754552729,2297,13695,88444,1932,98
1754553030,3246,13382,88491,1935,98
1754553330,2360,13670,88477,1939,98
1754553631,1803,13732,88473,1942,97
1754553931,1989,13618,88538,1947,97
1754554231,2513,13433,88476,1951,97
1754554532,3416,13567,88503,1956,98
1754554832,4871,13353,88508,1962,97
1754555133,4827,13328,88510,1968,97
1754555433,8584,13689,88500,1974,97
1754555733,7016,13489,88486,1981,97
1754556034,5449,13602,88438,1988,97
1754556334,4924,13576,88460,1994,97
1754556635,4292,13493,88481,2000,97
1754556935,3522,13507,88474,2007,97
1754557236,430,28451,85061,2061,97
