If found, please contact tlang@live.unc.edu
Firmware updated: 2025/07/17
OpenOBS SN:470

time,ambient_light,backscatter,pressure,water_temp,battery
1752766471,7808,11182,85993,2611,158
1752766471,10993,11189,85993,2611,136
1752766473,11677,11187,85992,2612,157
1752766474,11250,11179,85989,2612,136
1752766475,20275,11190,85994,2612,136
1752766476,16667,11188,85992,2612,136
1752766476,8280,11180,85997,2613,136
1752766477,5914,11188,86000,2613,136
1752766478,7778,11183,85993,2613,135
1752766479,6461,11185,85994,2613,135
1752766480,20319,11460,85996,2613,135
1752766480,757,13649,85993,2613,136
1752766481,296,13787,85988,2613,136
1752766482,144,14388,85988,2613,136
1752766483,116,14479,85992,2613,136
1752766484,128,14474,85990,2614,136
1752766484,7845,11174,85988,2613,136
1752766485,21366,11182,85990,2614,136
1752766486,8130,11173,85989,2614,135
1752766487,12753,11167,85981,2614,136
1752766487,9200,11175,85993,2614,135
1752766488,15005,11176,85994,2614,136
1752766489,37665,11186,85994,2614,136
1752766490,25161,11176,85992,2614,136
1752766491,25921,11173,85992,2614,136
1752766491,14138,11182,85993,2615,135
1752766492,15024,11180,85992,2615,136
1752766493,35544,11184,85998,2615,136
1752766494,20394,11187,85996,2615,135
1752766495,23715,11190,85992,2616,135
1752766495,23677,11180,85995,2616,135
1752766496,16858,11188,85999,2616,135
1752766497,26652,11185,85994,2616,135
1752766498,30413,11182,85998,2616,135
1752766498,10916,11178,85997,2617,135
1752766499,30821,11178,86001,2617,136
1752766500,9320,11174,86000,2617,136
1752766501,15909,11184,86002,2617,136
1752766502,36171,11189,85999,2617,135
1752766502,10295,11178,85989,2617,136
1752766503,25174,11185,85993,2618,135
1752766504,16850,11177,85997,2618,135
1752766505,20593,11184,85996,2618,136
1752766506,24552,11169,85995,2618,136
1752766506,19066,11175,85998,2618,135
1752766507,12883,11180,85990,2619,136
1752766508,14422,11183,85993,2619,135
1752766509,10393,11177,85992,2619,136
1752766509,11233,11174,85992,2619,136
1752766510,16088,11180,85996,2619,136
1752766511,24423,11179,85993,2619,135
1752766512,14161,11182,85994,2620,135
1752766513,30713,11182,85993,2620,135
1752766513,24099,11166,85996,2620,135
1752766514,22873,11189,85995,2620,135
1752766515,16882,11181,85995,2621,135
1752766516,15227,11181,85993,2621,135
1752766517,19396,11185,85994,2621,136
1752766517,13779,11180,85999,2621,136
1752766518,9452,11178,86000,2621,135
1752766519,7395,11174,85996,2621,136
1752766520,7612,11176,85990,2622,136
1752766521,10849,11180,85992,2622,136
1752766521,27830,11173,85999,2622,135
1752766522,22582,11176,85995,2622,136
1752766523,26847,11177,85992,2622,136
1752766524,26029,11176,85986,2622,136
1752766524,22266,11179,85994,2622,135
1752766525,15424,11182,85992,2622,136
1752766526,16594,11187,85990,2623,136
1752766527,14948,11183,85994,2623,135
1752766528,20060,11189,85991,2623,135
1752766528,27884,11183,85990,2623,135
1752766529,17468,11184,85991,2623,136
1752766530,10230,11176,85996,2623,136
1752766531,15176,11181,85993,2623,136
1752766532,17460,11179,85992,2623,136
1752766532,15158,11185,85998,2624,136
1752766533,13341,11177,85995,2624,136
1752766534,14053,11186,85991,2623,136
1752766535,19443,11188,85993,2624,136
1752766535,12998,11183,85993,2624,135
1752766536,20164,11178,85989,2624,136
1752766537,29268,11176,85991,2624,136
1752766538,30336,11184,85991,2624,136
1752766539,16685,11184,85997,2624,136
1752766539,16850,11184,85996,2625,135
1752766540,26451,11174,85997,2625,135
1752766541,23117,11170,85987,2624,136
1752766542,26300,11180,85984,2624,138
1752766543,24806,11175,85986,2624,137
1752766543,37890,11181,85993,2625,136
1752766544,17706,11177,85995,2626,136
1752766545,19442,11180,85994,2625,136
1752766546,12415,11173,85989,2626,136
1752766546,25000,11175,85990,2626,135
1752766547,17154,11183,85991,2626,135
1752766548,25961,11174,85992,2626,136
1752766549,15500,11189,85987,2626,136
1752766550,14460,11186,85989,2626,136
1752766550,11464,11183,85991,2627,136
1752766551,17359,11190,85988,2627,137
1752766552,18360,11187,85993,2627,135
1752766553,16337,11188,85996,2627,136
1752766554,17054,11187,85989,2627,135
1752766602,17972,11182,85997,2632,157
1752766902,19392,11183,85996,2729,135
1752767202,13290,10683,85970,2765,115
1752767503,255,2714,91690,2754,116
1752767803,377,2694,91425,2753,115
1752768103,826,2722,91454,2746,116
1752768403,1078,2707,91428,2744,116
1752768704,746,2693,91372,2743,115
1752769004,843,2691,91407,2743,115
1752769304,986,2700,91447,2743,116
1752769605,1163,2692,91433,2742,115
1752769905,950,2692,91434,2736,115
1752770205,890,2695,91428,2727,116
1752770506,705,2699,91449,2719,115
1752770806,525,2691,91452,2712,115
1752771106,128,2752,91456,2707,115
1752771406,115,2766,91447,2701,115
1752771707,145,2736,91446,2696,115
1752772007,160,2753,91448,2687,115
1752772307,230,2738,91446,2676,116
1752772608,369,2731,91443,2665,115
1752772908,408,2741,91438,2657,116
1752773208,396,2745,91437,2650,115
1752773509,313,2747,91444,2643,116
1752773809,266,2746,91449,2635,116
1752774109,214,2757,91464,2628,115
1752774409,178,2757,91481,2620,116
1752774710,132,2769,91478,2614,115
1752775010,186,2772,91501,2605,115
1752775310,201,2764,91499,2597,116
1752775611,139,2776,91494,2591,115
1752775911,102,2779,91506,2586,115
1752776211,101,2771,91511,2581,116
1752776511,89,2784,91534,2576,115
1752776812,72,2800,91547,2572,115
1752777112,81,2793,91544,2566,113
1752777412,82,2841,91569,2562,114
1752777713,60,2829,91609,2557,114
1752778013,51,2846,91673,2550,116
1752778313,53,2831,91687,2545,116
1752778614,37,2853,91722,2540,116
1752778914,17,10297,91736,2536,116
1752779214,13,2756,91746,2533,116
1752779514,11,2751,91743,2530,116
1752779815,12,2766,91763,2526,111
1752780115,8,2771,91752,2522,116
1752780415,7,2777,91752,2516,116
1752780716,6,2776,91741,2510,116
1752781016,7,2808,91737,2503,115
1752781316,7,2804,91720,2496,113
1752781617,9,2832,91704,2489,116
1752781917,8,2821,91725,2482,113
1752782217,7,2836,91727,2476,116
1752782517,8,2854,91729,2471,116
1752782818,5,2847,91728,2468,114
1752783118,8,2855,91764,2465,116
1752783418,7,2871,91769,2463,115
1752783719,9,2874,91763,2462,113
1752784019,5,2875,91768,2460,111
1752784319,9,2882,91775,2459,114
1752784619,7,2902,91771,2457,114
1752784920,9,2911,91773,2454,114
1752785220,10,2948,91785,2452,114
1752785520,9,2947,91809,2449,114
1752785821,11,2970,91807,2447,114
1752786121,7,2990,91822,2444,114
1752786421,6,3077,91841,2443,113
1752786722,7,2994,91859,2442,113
1752787022,9,2986,91878,2440,114
1752787322,7,3035,91904,2438,111
1752787622,7,3041,91905,2437,113
1752787923,8,3031,91890,2434,114
1752788223,6,3083,91916,2433,114
1752788523,10,3984,91899,2431,114
1752788824,13,3088,91893,2430,114
1752789124,10,3105,91887,2429,113
1752789424,10,5377,91881,2427,113
1752789725,6,3150,91868,2427,114
1752790025,6,3472,91866,2427,114
1752790325,7,3026,91885,2426,113
1752790625,6,3044,91884,2425,114
1752790926,14,3012,91880,2425,113
1752791226,6,3050,91871,2424,114
1752791526,6,3073,91880,2423,111
1752791827,6,3041,91874,2422,111
1752792127,11,3096,91878,2420,113
1752792427,9,3056,91871,2420,114
1752792728,6,3069,91867,2419,114
1752793028,4,3119,91846,2417,114
1752793328,10,3087,91850,2416,113
1752793628,9,3067,91840,2415,114
1752793929,8,3106,91849,2414,111
1752794229,8,3069,91838,2413,113
1752794529,11,3074,91839,2412,113
1752794830,12,3091,91829,2412,111
1752795130,11,3120,91821,2409,113
1752795430,6,3114,91816,2409,113
1752795730,8,3129,91813,2408,114
1752796031,8,3062,91797,2406,114
1752796331,2,3040,91797,2405,114
1752796631,6,3038,91789,2404,114
1752796932,9,3049,91786,2402,113
1752797232,8,3042,91794,2401,114
1752797532,9,3067,91764,2399,113
1752797833,8,3075,91778,2397,113
1752798133,5,3076,91768,2397,113
1752798433,9,3065,91761,2395,111
1752798733,8,3071,91755,2394,114
1752799034,7,3072,91755,2393,111
1752799334,8,3062,91758,2391,114
1752799634,11,3088,91773,2390,111
1752799935,9,3090,91743,2388,111
1752800235,10,3091,91747,2387,111
1752800535,7,3100,91754,2385,113
1752800836,7,3101,91754,2384,111
1752801136,6,3102,91747,2382,113
1752801436,9,3101,91743,2381,113
1752801736,8,3210,91743,2380,113
1752802037,3,3111,91722,2378,113
1752802337,8,3090,91716,2375,113
1752802637,6,3079,91712,2374,111
1752802938,7,3088,91696,2372,113
1752803238,7,3116,91698,2370,113
1752803538,6,3095,91691,2368,113
1752803838,5,3094,91701,2366,113
1752804139,10,3119,91687,2365,113
1752804439,9,3155,91690,2363,111
1752804739,7,3122,91672,2361,113
1752805040,7,3117,91683,2358,111
1752805340,4,3120,91673,2357,112
1752805640,9,3134,91667,2354,113
1752805941,6,3139,91671,2353,111
1752806241,9,3156,91663,2351,111
1752806541,6,3160,91696,2348,111
1752806841,7,3163,91694,2346,111
1752807142,10,3171,91708,2344,111
1752807442,8,3196,91694,2341,111
1752807742,5,3270,91699,2339,113
1752808043,11,3202,91689,2337,111
1752808343,8,3205,91704,2334,113
1752808643,13,3210,91707,2333,113
1752808944,8,7286,91701,2331,111
1752809244,9,3234,91712,2329,111
1752809544,7,3251,91706,2327,113
1752809844,7,3261,91699,2324,111
1752810145,8,3264,91702,2322,113
1752810445,9,3272,91716,2320,113
1752810745,5,4609,91691,2318,111
1752811046,6,3273,91706,2316,113
1752811346,8,3268,91708,2313,111
1752811646,8,3304,91698,2311,111
1752811947,8,3283,91696,2309,111
1752812247,8,3303,91706,2307,111
1752812547,6,3340,91708,2305,111
1752812847,8,3379,91704,2302,113
1752813148,10,3349,91706,2300,112
1752813448,12,3471,91706,2298,111
1752813748,4,3328,91680,2296,113
1752814049,10,3353,91684,2294,112
1752814349,7,3345,91683,2291,113
1752814649,9,3363,91685,2289,111
1752814949,7,3380,91694,2287,111
1752815250,14,3396,91696,2284,111
1752815550,31,3358,91698,2282,111
1752815850,47,3355,91697,2279,112
1752816151,74,3393,91707,2278,111
1752816451,134,3387,91711,2275,111
1752816751,216,3446,91713,2274,112
1752817052,302,3492,91722,2272,111
1752817352,380,3488,91727,2270,111
1752817652,361,3474,91729,2268,111
1752817952,456,3510,91731,2268,111
1752818253,381,9219,91740,2266,111
1752818553,485,3599,91751,2265,111
1752818853,587,3624,91743,2263,111
1752819154,568,3610,91758,2262,112
1752819454,551,3650,91755,2262,111
1752819754,481,3697,91770,2262,111
1752820055,819,3702,91779,2260,113
1752820355,805,3718,91782,2259,112
1752820655,1447,3724,91791,2259,111
1752820955,2791,3738,91794,2259,111
1752821256,1739,3806,91785,2259,112
1752821556,2138,3912,91801,2259,111
1752821856,2720,3812,91792,2261,111
1752822157,4832,3797,91813,2263,111
1752822457,5043,3868,91792,2265,112
1752822757,6936,3881,91807,2267,111
1752823058,7266,3836,91809,2271,112
1752823358,2642,8975,91812,2273,112
1752823658,5238,3895,91806,2275,112
1752823958,5183,3915,91810,2277,111
1752824259,2803,3971,91804,2281,111
1752824559,8871,4001,91808,2286,111
1752824859,6900,3968,91813,2290,111
1752825160,5992,4979,91805,2294,112
1752825460,8316,4017,91810,2301,111
1752825760,8635,4107,91791,2308,111
1752826060,8557,4131,91793,2316,111
1752826361,7331,4064,91797,2324,111
1752826661,6610,4194,91800,2332,111
1752826961,4454,4171,91807,2339,112
1752827262,4803,4147,91806,2344,112
1752827562,4278,4226,91801,2346,112
1752827862,3077,4261,91804,2352,112
1752828163,1911,4254,91814,2361,111
1752828463,1711,4292,91791,2364,112
1752828763,1303,4296,91792,2369,111
1752829063,1224,4335,91786,2381,112
1752829364,860,4470,91776,2394,112
1752829664,1092,4302,91784,2405,112
1752829964,1358,4391,91783,2413,112
1752830265,1733,4450,91776,2424,111
1752830565,1671,4401,91764,2437,112
1752830865,928,4548,91752,2443,112
1752831166,1590,4432,91755,2438,111
1752831466,7002,4650,91759,2432,112
1752831766,7545,4570,91747,2439,112
1752832066,7312,4640,91755,2451,111
1752832367,9377,4689,91753,2464,112
1752832667,9344,4673,91743,2477,111
1752832967,10827,4822,91725,2491,112
1752833268,10322,4883,91734,2504,111
1752833568,8287,5035,91740,2517,111
1752833868,5720,4823,91722,2531,111
1752834168,3383,4918,91725,2542,112
1752834469,5750,5608,91713,2546,111
1752834769,10509,4991,91705,2551,111
1752835069,10624,4844,91703,2560,112
1752835370,10043,4871,91703,2571,112
1752835670,4840,5059,91700,2584,111
1752835970,8079,4896,91706,2600,112
1752836271,975,5237,91697,2613,111
1752836571,8354,5086,91693,2619,112
1752836871,9040,4974,91682,2624,112
1752837171,921,5195,91684,2630,111
1752837472,9942,5100,91673,2628,112
1752837772,9532,4975,91660,2627,112
1752838072,8817,5225,91656,2637,111
1752838373,9789,5129,91662,2651,112
1752838673,9339,5246,91645,2660,111
1752838973,9658,5247,91638,2672,112
1752839274,9149,5254,91637,2685,111
1752839574,10004,5317,91627,2696,112
1752839874,9197,5306,91613,2704,112
1752840174,9197,5126,91621,2711,111
1752840475,3548,5493,91614,2720,112
1752840775,7169,5236,91602,2725,112
1752841075,6076,5511,91604,2731,112
1752841376,5474,5407,91608,2738,112
1752841676,1004,5383,91596,2748,112
1752841976,1397,5499,91593,2753,112
1752842277,1700,5471,91578,2753,111
1752842577,1272,5453,91572,2758,112
1752842877,1849,5514,91572,2765,112
1752843177,1103,5593,91558,2771,111
1752843478,551,5578,91558,2779,111
1752843778,924,5499,91544,2784,112
1752844078,1080,5579,91544,2790,112
1752844379,1056,5667,91542,2801,112
1752844679,854,5729,91531,2816,112
1752844979,830,5574,91517,2826,112
1752845280,674,5774,91521,2835,112
1752845580,718,5757,91507,2848,112
1752845880,646,5693,91491,2860,111
1752846180,948,5857,91486,2867,109
1752846481,1040,5789,91476,2867,112
1752846781,757,6070,91477,2873,112
1752847081,398,6197,91472,2878,111
1752847382,728,6144,91464,2884,112
1752847682,903,6046,91451,2894,111
1752847982,639,6103,91449,2907,112
1752848283,461,6096,91437,2914,112
1752848583,681,6178,91427,2918,112
1752848883,642,6235,91410,2918,111
1752849183,677,6448,91404,2922,112
1752849484,822,6577,91400,2922,112
1752849784,740,6403,91405,2925,112
1752850084,981,6565,91385,2930,112
1752850385,927,6307,91378,2934,111
1752850685,979,6297,91372,2939,109
1752850985,680,6568,91370,2942,111
1752851285,743,6800,91369,2944,109
1752851586,661,6537,91357,2947,112
1752851886,986,6436,91374,2946,112
1752852186,741,6488,91362,2941,111
1752852487,696,6847,91336,2936,112
1752852787,653,6717,91337,2938,111
1752853087,991,6888,91322,2939,112
1752853388,992,6842,91328,2938,112
1752853688,869,7071,91330,2940,112
1752853988,692,7152,91319,2941,112
1752854288,669,7641,91306,2935,112
1752854589,701,7068,91305,2931,112
1752854889,599,7777,91292,2927,111
1752855189,455,7243,91299,2924,112
1752855490,548,6986,91278,2919,112
1752855790,455,7059,91273,2910,112
1752856090,265,7209,91270,2905,112
1752856391,405,6829,91258,2902,112
1752856691,451,7381,91246,2898,112
1752856991,451,7468,91249,2893,112
1752857291,428,7508,91237,2890,112
1752857592,388,7576,91229,2886,112
1752857892,333,7419,91228,2882,112
1752858192,352,7275,91234,2876,112
1752858493,384,7376,91213,2869,112
1752858793,329,7550,91218,2863,112
1752859093,247,7726,91229,2854,112
1752859394,270,7720,91218,2844,112
1752859694,310,7650,91214,2839,112
1752859994,446,7736,91221,2832,112
1752860294,510,7880,91221,2824,109
1752860595,424,7163,91233,2817,112
1752860895,389,7312,91221,2812,111
1752861195,295,8300,91219,2805,112
1752861496,278,7873,91207,2798,109
1752861796,262,7699,91213,2791,112
1752862096,297,7668,91205,2784,111
1752862397,212,8036,91223,2777,112
1752862697,174,7709,91223,2769,111
1752862997,128,7510,91200,2761,112
1752863297,108,7476,91215,2754,112
1752863598,96,7766,91233,2746,111
1752863898,62,7720,91228,2737,112
1752864198,68,7750,91229,2729,112
1752864499,49,7403,91236,2722,112
1752864799,40,7801,91245,2713,112
1752865099,26,8069,91251,2706,111
1752865399,17,7464,91268,2698,111
1752865700,14,7781,91278,2691,111
1752866000,10,8150,91278,2683,112
1752866300,8,7791,91299,2676,112
1752866601,6,7489,91306,2670,111
1752866901,10,7737,91314,2664,112
1752867201,5,7773,91313,2658,112
1752867502,8,7527,91319,2653,112
1752867802,5,7733,91320,2648,112
1752868102,6,7771,91317,2642,112
1752868402,9,7877,91315,2635,109
1752868703,7,7680,91322,2630,112
1752869003,10,7498,91335,2625,111
1752869303,11,7353,91346,2621,111
1752869604,5,7873,91353,2617,112
1752869904,8,8126,91350,2612,111
1752870204,9,7710,91361,2608,111
1752870505,6,7727,91367,2604,112
1752870805,6,8261,91360,2600,111
1752871105,10,8100,91365,2596,109
1752871405,8,8095,91387,2592,112
1752871706,8,8242,91390,2587,112
1752872006,12,7927,91392,2581,112
1752872306,7,8230,91396,2578,111
1752872607,8,8149,91395,2575,111
1752872907,10,8165,91395,2573,111
1752873207,8,8168,91400,2570,112
1752873508,11,7740,91386,2567,112
1752873808,10,8228,91394,2564,111
1752874108,12,8168,91380,2560,112
1752874408,5,7425,91389,2557,111
1752874709,8,7999,91394,2554,112
1752875009,8,8320,91412,2551,112
1752875309,7,7841,91403,2548,111
1752875610,10,8350,91411,2545,112
1752875910,12,8050,91416,2542,112
1752876210,5,8221,91414,2540,112
1752876511,9,8074,91424,2537,111
1752876811,7,8166,91406,2535,112
1752877111,8,8671,91428,2533,111
1752877411,9,7731,91436,2530,111
1752877712,10,7896,91426,2527,112
1752878012,8,8304,91428,2525,109
1752878312,10,7464,91424,2522,112
1752878613,9,8084,91423,2520,111
1752878913,12,8521,91406,2517,112
1752879213,8,8222,91414,2514,111
1752879513,10,8403,91421,2512,111
1752879814,7,8183,91424,2510,112
1752880114,10,7952,91419,2507,112
1752880414,7,7920,91424,2505,111
1752880715,8,7740,91443,2502,112
1752881015,6,8101,91438,2500,111
1752881315,9,8472,91439,2498,111
1752881616,7,8042,91437,2496,112
1752881916,6,8123,91434,2494,112
1752882216,10,8175,91433,2492,112
1752882516,10,8222,91428,2490,111
1752882817,9,8613,91418,2489,112
1752883117,7,8294,91401,2488,112
1752883417,6,8093,91408,2487,111
1752883718,10,8007,91410,2485,112
1752884018,9,7952,91413,2484,112
1752884318,10,8405,91412,2482,112
1752884619,9,7852,91413,2481,112
1752884919,7,7942,91400,2479,112
1752885219,10,8321,91390,2478,112
1752885519,7,8433,91398,2476,111
1752885820,10,7843,91409,2474,112
1752886120,12,7910,91403,2473,112
1752886420,10,8283,91392,2472,112
1752886721,11,7691,91372,2470,112
1752887021,11,8136,91394,2469,112
1752887321,9,7734,91378,2467,112
1752887622,6,7895,91379,2466,111
1752887922,9,7663,91378,2465,112
1752888222,8,7599,91382,2463,112
1752888522,7,7531,91383,2461,112
1752888823,6,8254,91386,2459,112
1752889123,7,7845,91390,2459,111
1752889423,10,7958,91389,2459,112
1752889724,12,7789,91372,2458,112
1752890024,7,7592,91372,2457,111
1752890324,12,8306,91346,2456,112
1752890624,8,8306,91360,2455,112
1752890925,8,7999,91351,2454,112
1752891225,11,7915,91359,2453,109
1752891525,4,8188,91353,2452,112
1752891826,10,7625,91345,2451,112
1752892126,7,7852,91349,2450,112
1752892426,12,8020,91370,2449,112
1752892727,9,8050,91347,2448,111
1752893027,10,7930,91350,2447,112
1752893327,10,7897,91355,2446,112
1752893627,7,8411,91342,2444,112
1752893928,8,8041,91355,2444,112
1752894228,9,8966,91358,2443,112
1752894528,9,8372,91342,2442,112
1752894829,9,8184,91340,2441,112
1752895129,9,7727,91339,2440,112
1752895429,7,7882,91310,2439,112
1752895730,7,8089,91309,2439,112
1752896030,7,8183,91309,2437,112
1752896330,7,8177,91316,2437,111
1752896630,11,8094,91309,2436,112
1752896931,8,8329,91320,2435,109
1752897231,8,7986,91310,2434,112
1752897531,9,7956,91313,2432,112
1752897832,9,7929,91314,2431,109
1752898132,5,8078,91316,2430,110
1752898432,10,8466,91306,2428,112
1752898732,3,8150,91317,2427,112
1752899033,12,8105,91314,2425,112
1752899333,10,7557,91327,2424,111
1752899633,10,8145,91321,2423,112
1752899934,6,8356,91315,2422,112
1752900234,7,7722,91317,2421,109
1752900534,7,8085,91325,2420,112
1752900835,8,7789,91329,2419,109
1752901135,10,9035,91344,2418,112
1752901435,9,8000,91346,2417,112
1752901735,13,8445,91343,2416,112
1752902036,18,8185,91345,2414,112
1752902336,23,7928,91344,2413,109
1752902636,27,8663,91338,2411,112
1752902937,42,7995,91346,2410,112
1752903237,63,8208,91366,2409,112
1752903537,84,7791,91359,2407,112
1752903838,88,8273,91362,2406,112
1752904138,73,8657,91368,2405,112
1752904438,88,9182,91359,2404,112
1752904738,123,9110,91367,2403,112
1752905039,101,8297,91365,2402,110
1752905339,73,8498,91373,2401,112
1752905639,71,9278,91360,2401,110
1752905940,90,8174,91360,2400,112
1752906240,94,8414,91365,2399,112
1752906540,86,8487,91364,2398,112
1752906841,75,8695,91366,2397,112
1752907141,77,8787,91372,2396,109
1752907441,89,9059,91370,2396,112
1752907741,72,9072,91374,2395,112
1752908042,93,9181,91374,2395,109
1752908342,148,9174,91365,2395,112
1752908642,221,9470,91355,2395,109
1752908943,282,9620,91351,2396,112
1752909243,307,9164,91371,2396,112
1752909543,314,9117,91378,2395,110
1752909843,450,9092,91370,2395,112
1752910144,483,8666,91393,2396,112
1752910444,567,9091,91379,2397,110
1752910744,382,8516,91368,2399,109
1752911045,522,9895,91371,2403,112
1752911345,669,9854,91367,2406,112
1752911645,1167,9337,91370,2408,112
1752911946,614,9840,91374,2411,110
1752912246,863,9076,91373,2415,112
1752912546,1512,9173,91374,2419,109
1752912846,1441,10180,91365,2424,112
1752913147,1454,9828,91356,2432,112
1752913447,1621,10506,91354,2439,112
1752913747,1021,10216,91358,2447,112
1752914048,633,11065,91360,2455,112
1752914348,596,9911,91353,2462,110
1752914648,369,10673,91359,2465,110
1752914949,588,10222,91359,2467,112
1752915249,524,9828,91367,2471,107
1752915549,655,10821,91374,2478,107
1752915849,382,10689,91375,2487,112
1752916150,512,10698,91370,2497,112
1752916450,507,10239,91379,2507,109
1752916750,674,11036,91366,2519,112
1752917051,735,10536,91362,2532,112
1752917351,1033,9883,91370,2544,112
1752917651,847,10391,91376,2552,112
1752917952,603,9675,91370,2561,110
1752918252,402,10714,91357,2570,112
1752918552,278,10500,91360,2580,110
1752918852,65,11000,91369,2591,112
1752919153,114,10900,91350,2600,110
1752919453,314,10015,91342,2608,112
1752919753,128,10815,91354,2613,112
1752920054,143,10777,91342,2617,112
1752920354,108,10503,91326,2621,112
1752920654,423,11429,91332,2624,107
1752920954,637,11184,91341,2626,112
1752921255,754,11440,91335,2629,107
1752921555,833,11260,91328,2638,109
1752921855,809,11129,91311,2647,109
1752922156,806,10713,91315,2653,112
1752922456,495,11525,91325,2658,112
1752922756,1375,10595,91316,2664,109
1752923057,1008,11346,91307,2673,107
1752923357,1398,10691,91309,2683,109
1752923657,273,11669,91304,2692,112
1752923957,215,11798,91302,2698,110
1752924258,1475,12122,91295,2703,112
1752924558,274,11274,91291,2712,112
1752924858,1778,11147,91281,2718,112
1752925159,1667,11505,91276,2718,112
1752925459,1673,10613,91261,2725,110
1752925759,364,12289,91257,2737,112
1752926060,2100,10736,91255,2746,112
1752926360,1714,11264,91246,2755,112
1752926660,1687,11517,91248,2768,112
1752926960,1369,12000,91236,2783,112
1752927261,1130,12004,91229,2796,112
1752927561,366,11666,91221,2807,110
1752927861,1161,11905,91213,2814,112
1752928162,905,11251,91199,2818,112
1752928462,749,11448,91184,2822,109
1752928762,601,11318,91180,2830,107
1752929063,586,12242,91179,2832,112
1752929363,411,11086,91178,2831,110
1752929663,539,11398,91160,2833,107
1752929963,450,12020,91148,2833,112
1752930264,165,12106,91146,2840,112
1752930564,209,10850,91135,2850,109
1752930864,165,12021,91122,2857,110
1752931165,245,12272,91124,2858,112
1752931465,271,12400,91111,2863,112
1752931765,423,11965,91100,2871,112
1752932066,322,12806,91091,2879,112
1752932366,299,12047,91073,2886,110
1752932666,218,12474,91062,2893,110
1752932966,190,12648,91045,2901,112
1752933267,152,12759,91051,2910,110
1752933567,220,12836,91038,2919,110
1752933867,231,11684,91040,2924,110
1752934168,183,12417,91029,2932,110
1752934468,114,11611,91033,2939,110
1752934768,117,12709,91014,2944,110
1752935069,155,12672,91011,2950,110
1752935369,154,12420,90998,2957,109
1752935669,148,11621,90985,2964,109
1752935969,128,12847,90979,2969,109
1752936270,126,12661,90979,2972,110
1752936570,159,12544,90968,2978,110
1752936870,213,12432,90970,2983,109
1752937171,246,12796,90948,2987,110
1752937471,278,12136,90937,2989,110
1752937771,266,12435,90925,2992,110
1752938071,251,12669,90920,2996,110
1752938372,269,11791,90913,2998,112
1752938672,222,12707,90899,2999,110
1752938972,180,12717,90898,3001,110
1752939273,154,11859,90901,2999,110
1752939573,143,11836,90886,2997,110
1752939873,135,12797,90890,2993,107
1752940174,175,11832,90888,2992,110
1752940474,169,12486,90878,2990,107
1752940774,246,11957,90878,2989,110
1752941074,218,12813,90864,2985,110
1752941375,190,12570,90868,2982,110
1752941675,136,12395,90854,2980,109
1752941975,94,12681,90846,2973,110
1752942276,136,12643,90846,2966,110
1752942576,149,12439,90822,2962,107
1752942876,133,12396,90846,2954,110
1752943177,128,11560,90834,2947,110
1752943477,92,12617,90825,2939,110
1752943777,86,12456,90791,2925,110
1752944077,108,12417,90806,2917,110
1752944378,149,11761,90807,2909,110
1752944678,111,12317,90788,2900,110
1752944978,126,12533,90790,2897,110
1752945279,96,12514,90790,2894,110
1752945579,130,12387,90793,2887,110
1752945879,159,12330,90791,2880,110
1752946180,81,12506,90793,2874,110
1752946480,76,12285,90792,2867,110
1752946780,68,11414,90795,2859,109
1752947080,65,12761,90808,2848,110
1752947381,59,12793,90811,2837,107
1752947681,70,12190,90824,2829,109
1752947981,64,11883,90827,2821,110
1752948282,67,12590,90819,2811,110
1752948582,58,13042,90824,2803,110
1752948882,64,12136,90831,2795,107
1752949183,50,13765,90830,2790,109
1752949483,37,12661,90824,2783,110
1752949783,29,12717,90828,2775,109
1752950083,27,12775,90840,2768,107
1752950384,17,12701,90838,2761,109
1752950684,18,12024,90842,2753,110
1752950984,16,13363,90858,2746,107
1752951285,10,12261,90851,2739,109
1752951585,11,12513,90862,2733,109
1752951885,12,12750,90870,2727,110
1752952186,10,12318,90886,2721,110
1752952486,7,10653,90873,2716,109
1752952786,8,11457,90883,2711,108
1752953086,12,13306,90882,2705,109
1752953387,9,12123,90906,2699,109
1752953687,11,11475,90902,2694,109
1752953987,8,12199,90915,2688,109
1752954288,10,12077,90920,2682,109
1752954588,10,11866,90934,2677,108
1752954888,11,11993,90936,2671,107
1752955188,6,12129,90932,2665,108
1752955489,6,11387,90940,2659,108
1752955789,8,11427,90967,2655,109
1752956089,11,11323,90968,2651,109
1752956390,13,11716,90984,2647,109
1752956690,8,11636,90990,2642,107
1752956990,7,12198,91001,2638,108
1752957291,11,12275,91001,2633,109
1752957591,11,11270,90998,2628,109
1752957891,9,11509,91015,2624,107
1752958191,10,12057,91007,2622,109
1752958492,8,11522,90994,2617,109
1752958792,10,12167,90985,2613,108
1752959092,7,11863,90986,2609,109
1752959393,7,12039,90987,2606,109
1752959693,7,12102,90965,2602,109
1752959993,11,11762,90972,2598,109
1752960294,8,11546,91006,2594,109
1752960594,7,11912,91001,2590,109
1752960894,11,11774,91007,2587,109
1752961194,9,12057,91005,2584,109
1752961495,12,11352,91026,2582,107
1752961795,10,10880,91030,2579,109
1752962095,4,11993,91022,2576,107
1752962396,9,11413,91025,2573,109
1752962696,11,11448,91038,2570,107
1752962996,10,10823,91027,2567,109
1752963297,7,11864,91030,2563,108
1752963597,10,12092,91055,2559,109
1752963897,7,12056,91067,2554,107
1752964197,10,11073,91081,2552,108
1752964498,6,11873,91089,2550,109
1752964798,9,12139,91072,2547,107
1752965098,7,12007,91057,2544,107
1752965399,5,11077,91081,2541,107
1752965699,5,11753,91078,2537,108
1752965999,7,11700,91061,2535,107
1752966300,7,11148,91063,2531,107
1752966600,11,11621,91075,2528,107
1752966900,7,11094,91086,2526,108
1752967200,7,11682,91089,2523,108
1752967501,9,11083,91085,2520,107
1752967801,9,11746,91047,2516,107
1752968101,8,11832,91034,2514,108
1752968402,7,11075,91059,2512,108
1752968702,6,11694,91054,2509,108
1752969002,9,10671,91056,2506,108
1752969302,7,11150,91048,2504,108
1752969603,7,11543,91079,2502,108
1752969903,8,11445,91087,2500,108
1752970203,4,11330,91085,2498,108
1752970504,8,10552,91103,2497,109
1752970804,6,11122,91114,2495,107
1752971104,4,11966,91137,2493,108
1752971405,7,11315,91142,2492,107
1752971705,8,11390,91143,2490,108
1752972005,5,11233,91127,2489,107
1752972305,9,10904,91104,2487,108
1752972606,8,10242,91117,2486,107
1752972906,9,11184,91110,2485,108
1752973206,9,11118,91102,2483,108
1752973507,7,9890,91088,2482,108
1752973807,9,10849,91100,2481,107
1752974107,8,10887,91105,2480,107
1752974408,9,11053,91113,2479,108
1752974708,8,11455,91123,2476,107
1752975008,9,9972,91119,2475,108
1752975308,8,10157,91134,2474,108
1752975609,8,11248,91158,2472,108
1752975909,10,10332,91185,2471,108
1752976209,7,10831,91202,2469,107
1752976510,10,11191,91204,2467,108
1752976810,9,10958,91215,2466,108
1752977110,6,11386,91215,2465,108
1752977410,8,11292,91238,2464,107
1752977711,9,11042,91220,2462,107
1752978011,10,10617,91224,2461,108
1752978311,8,9981,91233,2459,107
1752978612,7,10606,91232,2458,108
1752978912,9,11692,91265,2455,108
1752979212,10,11497,91269,2453,107
1752979513,12,11016,91279,2452,107
1752979813,11,10654,91284,2449,108
1752980113,8,11582,91301,2447,108
1752980413,9,11021,91322,2446,108
1752980714,9,12643,91366,2444,107
1752981014,7,11680,91396,2444,108
1752981314,11,10182,91440,2443,108
1752981615,6,10919,91478,2442,108
1752981915,9,10627,91527,2441,108
1752982215,8,10134,91558,2440,107
1752982516,8,10177,91565,2438,107
1752982816,8,9801,91586,2437,107
1752983116,9,9448,91681,2434,108
1752983416,8,8454,91749,2432,107
1752983717,5,6189,91807,2430,107
1752984017,7,4220,91877,2428,108
1752984317,8,4000,91969,2427,108
1752984618,7,3724,91996,2426,108
1752984918,7,3802,92040,2426,108
1752985218,5,4350,92091,2425,108
1752985519,8,3695,92113,2426,108
1752985819,9,3959,92166,2428,107
1752986119,6,3462,92178,2432,108
1752986419,12,3394,92262,2433,108
1752986720,8,3441,92183,2434,107
1752987020,3,3477,92251,2435,108
1752987320,11,3821,92290,2436,108
1752987621,11,3594,92270,2438,108
1752987921,7,3796,92310,2439,108
1752988221,12,3401,92228,2438,107
1752988522,7,3443,92190,2435,107
1752988822,7,3358,92203,2431,108
1752989122,12,3422,92230,2427,107
1752989422,11,3425,92139,2422,107
1752989723,12,3458,92122,2416,108
1752990023,9,3397,92031,2410,108
1752990323,9,3574,92084,2404,108
1752990624,9,3630,92084,2399,108
1752990924,7,3421,92046,2394,107
1752991224,12,3403,92015,2390,108
1752991524,7,3545,92014,2386,108
1752991825,12,3509,91980,2383,108
1752992125,9,3471,91962,2379,108
1752992425,7,3493,91932,2377,108
1752992726,9,3658,91912,2374,107
1752993026,10,3656,91904,2371,107
1752993326,16,3521,91874,2368,108
1752993627,21,3439,91844,2367,108
1752993927,19,3459,91844,2365,107
1752994227,26,3526,91826,2363,108
1752994527,26,3779,91799,2362,108
1752994828,26,3854,91805,2360,108
1752995128,34,3744,91759,2359,107
1752995428,37,3976,91771,2357,108
1752995729,36,3900,91784,2355,108
1752996029,38,3829,91741,2354,107
1752996329,53,3863,91759,2352,108
1752996630,66,4349,91730,2352,107
1752996930,53,4102,91737,2350,107
1752997230,70,4259,91744,2350,107
1752997530,97,4375,91692,2350,108
1752997831,139,4147,91686,2350,108
1752998131,187,4239,91663,2351,108
1752998431,222,4460,91688,2352,108
1752998732,255,4227,91622,2352,107
1752999032,258,4540,91678,2353,108
1752999332,240,4556,91682,2354,107
1752999633,123,4609,91666,2357,108
1752999933,124,4769,91658,2359,108
1753000233,113,4666,91630,2361,108
1753000533,108,4554,91642,2364,108
1753000834,109,4743,91654,2368,108
1753001134,103,4910,91652,2372,107
1753001434,107,4869,91627,2374,108
1753001735,110,4882,91638,2377,108
1753002035,122,5296,91629,2379,108
1753002335,164,5347,91627,2383,108
1753002635,187,4935,91601,2387,108
1753002936,170,5704,91599,2390,108
1753003236,205,4984,91612,2392,107
1753003536,238,5132,91601,2395,107
1753003837,265,5399,91605,2399,107
1753004137,280,5630,91629,2402,108
1753004437,346,5470,91630,2405,108
1753004738,317,5687,91631,2408,107
1753005038,338,5228,91621,2411,107
1753005338,282,5667,91607,2414,107
1753005638,294,5648,91609,2416,108
1753005939,158,5913,91614,2418,108
1753006239,276,5732,91612,2419,107
1753006539,381,5873,91602,2421,107
1753006840,348,6307,91600,2425,107
1753007140,339,6267,91597,2427,107
1753007440,337,6002,91561,2430,108
1753007741,301,6232,91584,2433,105
1753008041,344,6207,91577,2433,107
1753008341,508,6549,91570,2436,107
1753008641,542,6298,91557,2438,108
1753008942,544,6529,91558,2442,107
1753009242,394,6412,91542,2445,108
1753009542,421,6918,91543,2448,108
1753009843,541,6915,91542,2449,107
1753010143,659,7272,91524,2452,107
1753010443,640,7495,91525,2458,107
1753010743,878,6918,91522,2463,107
1753011044,685,7317,91530,2468,107
1753011344,502,7129,91503,2474,107
1753011644,752,7448,91510,2479,108
1753011945,829,7343,91505,2483,107
1753012245,1531,7760,91503,2488,108
1753012545,617,7701,91488,2494,105
1753012846,1126,7895,91469,2503,108
1753013146,1471,8304,91477,2513,105
1753013446,1250,8510,91470,2524,105
1753013746,1012,8585,91457,2535,108
1753014047,1650,7677,91454,2543,108
1753014347,1925,7565,91443,2553,105
1753014647,1436,7865,91434,2564,105
1753014948,1209,8378,91425,2572,108
1753015248,677,7793,91419,2583,105
1753015548,337,8956,91413,2588,105
1753015849,538,7816,91418,2586,108
1753016149,393,8509,91402,2584,108
1753016449,434,8329,91401,2581,107
1753016749,658,8336,91400,2578,108
1753017050,835,8012,91378,2578,108
1753017350,843,8174,91375,2579,108
1753017650,783,8805,91372,2580,108
1753017951,748,9182,91369,2582,108
1753018251,848,9029,91351,2584,108
1753018551,871,9103,91342,2586,107
1753018852,894,9028,91343,2588,108
1753019152,1122,8786,91331,2590,108
1753019452,1140,9102,91326,2594,108
1753019752,1280,8717,91323,2598,107
1753020053,1302,8994,91303,2601,108
1753020353,1172,8770,91313,2607,108
1753020653,841,9642,91305,2611,108
1753020954,916,10146,91290,2612,107
1753021254,995,8951,91287,2614,107
1753021554,960,8930,91293,2614,105
1753021855,887,9120,91265,2617,108
1753022155,760,8556,91265,2619,105
1753022455,633,8768,91252,2623,106
1753022755,623,8989,91232,2629,108
1753023056,802,9014,91229,2630,108
1753023356,717,9721,91231,2633,108
1753023656,911,9291,91223,2636,108
1753023957,810,9766,91213,2639,108
1753024257,626,11155,91209,2641,108
1753024557,685,9777,91207,2644,108
1753024857,687,9092,91200,2644,108
1753025158,596,9753,91191,2642,107
1753025458,454,9997,91207,2640,108
1753025758,355,10050,91211,2638,108
1753026059,415,8894,91178,2636,106
1753026359,401,9095,91184,2634,108
1753026659,495,9985,91175,2629,108
1753026960,319,9869,91168,2625,108
1753027260,778,9576,91148,2623,105
1753027560,510,9886,91137,2621,108
1753027860,519,10276,91151,2619,108
1753028161,580,9747,91145,2615,108
1753028461,247,10304,91163,2610,105
1753028761,243,11503,91144,2605,106
1753029062,393,9649,91143,2603,106
1753029362,340,10011,91131,2598,108
1753029662,340,10331,91129,2596,106
1753029963,390,9811,91130,2593,108
1753030263,430,9633,91116,2591,106
1753030563,376,10123,91127,2589,106
1753030863,411,9767,91127,2588,105
1753031164,324,9950,91140,2585,108
1753031464,342,9483,91142,2580,103
1753031764,372,9952,91161,2576,105
1753032065,280,9840,91166,2572,107
1753032365,215,10565,91158,2569,103
1753032665,201,10124,91164,2565,108
1753032965,223,10032,91167,2560,103
1753033266,255,9846,91155,2557,107
1753033566,233,10052,91145,2553,105
1753033866,162,11052,91153,2550,108
1753034167,167,10517,91146,2547,106
1753034467,127,11107,91148,2544,106
1753034767,117,10962,91158,2542,108
1753035068,113,10523,91140,2538,108
1753035368,89,11420,91137,2535,108
1753035668,80,9844,91135,2532,107
1753035968,51,11415,91154,2530,108
1753036269,43,11812,91147,2525,105
1753036569,38,9872,91140,2522,108
1753036869,29,9756,91151,2518,108
1753037170,22,10691,91169,2515,103
1753037470,16,10709,91169,2511,108
1753037770,11,10331,91177,2508,108
1753038071,13,9841,91178,2504,106
1753038371,10,9869,91170,2501,108
1753038671,7,10592,91182,2498,105
1753038971,7,9850,91188,2494,106
1753039272,8,10820,91188,2492,106
1753039572,7,10128,91197,2488,105
1753039872,6,10040,91202,2484,106
1753040173,9,10566,91214,2481,106
1753040473,12,9730,91212,2478,106
1753040773,8,11949,91220,2474,106
1753041074,11,10819,91230,2472,106
1753041374,7,10148,91224,2469,103
1753041674,10,11211,91218,2467,106
1753041974,9,10128,91241,2464,106
1753042275,11,9912,91250,2461,106
1753042575,9,11218,91256,2458,103
1753042875,10,10141,91261,2456,106
1753043176,9,11030,91263,2454,106
1753043476,5,10110,91274,2451,106
1753043776,11,10781,91291,2449,106
1753044077,8,10321,91299,2446,106
1753044377,9,10710,91313,2444,103
1753044677,8,11690,91328,2442,106
1753044977,7,10637,91328,2441,103
1753045278,8,10863,91332,2437,106
1753045578,9,11620,91345,2436,106
1753045878,9,11368,91356,2435,103
1753046179,10,11026,91336,2433,103
1753046479,9,10312,91348,2431,106
1753046779,8,10352,91347,2429,106
1753047080,8,10052,91355,2428,106
1753047380,9,12276,91366,2425,106
1753047680,7,10614,91382,2424,105
1753047980,13,10485,91373,2422,106
1753048281,12,10761,91383,2420,106
1753048581,9,11366,91387,2418,106
1753048881,11,10679,91382,2416,103
1753049182,9,11016,91393,2414,106
1753049482,9,10276,91395,2413,106
1753049782,8,13125,91391,2411,103
1753050082,13,10213,91393,2408,106
1753050383,8,12092,91393,2407,106
1753050683,9,10617,91408,2405,106
1753050983,11,11731,91387,2404,106
1753051284,7,11283,91400,2403,106
1753051584,5,10529,91388,2401,106
1753051884,9,11594,91398,2399,106
1753052185,11,10864,91406,2397,105
1753052485,12,13021,91417,2396,103
1753052785,9,10546,91402,2395,106
1753053085,5,11681,91417,2393,106
1753053386,9,10583,91433,2392,106
1753053686,9,10563,91433,2391,103
1753053986,8,11977,91437,2390,103
1753054287,12,11357,91447,2388,103
1753054587,8,10718,91442,2387,106
1753054887,13,10698,91440,2387,105
1753055188,12,11196,91431,2385,103
1753055488,7,11242,91431,2384,106
1753055788,6,10867,91439,2383,105
1753056088,11,12938,91433,2382,106
1753056389,8,12329,91433,2381,103
1753056689,5,10673,91441,2380,103
1753056989,7,10620,91434,2379,105
1753057290,10,11641,91431,2379,106
1753057590,8,11579,91427,2378,103
1753057890,10,11514,91441,2377,106
1753058191,8,10438,91428,2376,103
1753058491,9,11836,91425,2375,105
1753058791,11,11918,91427,2375,106
1753059091,11,10272,91429,2374,103
1753059392,5,10909,91421,2374,103
1753059692,4,11575,91421,2373,106
1753059992,6,12157,91425,2372,105
1753060293,5,11856,91427,2372,106
1753060593,11,10858,91417,2371,103
1753060893,10,10897,91415,2370,106
1753061193,8,11044,91425,2369,105
1753061494,9,11322,91424,2368,106
1753061794,13,10494,91411,2368,103
1753062094,4,11792,91425,2366,106
1753062395,10,10961,91421,2366,106
1753062695,7,10593,91418,2365,103
1753062995,9,11389,91405,2363,106
1753063296,8,12215,91421,2362,105
1753063596,8,10547,91407,2362,103
1753063896,10,12190,91411,2361,103
1753064196,8,10734,91406,2361,106
1753064497,9,10219,91407,2359,103
1753064797,8,12958,91406,2358,105
1753065097,4,12638,91411,2358,106
1753065398,10,10988,91410,2357,106
1753065698,10,12690,91410,2357,106
1753065998,8,10829,91407,2356,105
1753066299,10,13100,91407,2355,103
1753066599,8,13251,91407,2354,103
1753066899,4,11634,91411,2354,106
1753067199,10,11061,91408,2353,103
1753067500,6,13041,91394,2353,103
1753067800,8,11299,91399,2352,106
1753068100,9,10456,91400,2351,106
1753068401,5,11035,91399,2351,105
1753068701,10,11539,91411,2350,105
1753069001,11,11362,91413,2350,103
1753069301,7,11952,91422,2349,103
1753069602,9,13258,91414,2348,103
1753069902,7,11365,91413,2347,103
1753070202,7,12405,91414,2346,106
1753070503,11,10637,91425,2345,103
1753070803,10,12489,91421,2345,103
1753071103,13,10468,91414,2344,106
1753071404,11,12460,91419,2343,105
1753071704,9,12615,91419,2342,103
1753072004,8,10409,91426,2341,103
1753072304,9,12423,91434,2340,105
1753072605,6,12507,91425,2338,105
1753072905,8,12183,91440,2337,106
1753073205,8,11534,91446,2336,103
1753073506,7,12131,91431,2335,103
1753073806,8,13500,91444,2334,103
1753074106,6,12006,91448,2333,103
1753074407,8,10859,91437,2332,103
1753074707,8,10698,91445,2331,103
1753075007,10,11083,91455,2329,103
1753075307,16,10995,91457,2328,103
1753075608,17,11950,91455,2327,106
1753075908,25,11852,91468,2326,103
1753076208,25,12639,91465,2325,105
1753076509,35,12114,91475,2324,105
1753076809,46,11484,91479,2323,106
1753077109,53,11117,91479,2323,103
1753077410,66,11046,91478,2322,103
1753077710,44,13212,91487,2322,106
1753078010,56,12357,91490,2321,103
1753078310,61,12245,91495,2321,105
1753078611,97,12271,91496,2320,103
1753078911,92,12620,91507,2321,105
1753079211,83,12121,91504,2320,103
1753079512,98,12377,91524,2320,103
1753079812,103,12331,91518,2319,103
1753080112,86,11608,91537,2319,105
1753080412,78,12338,91540,2319,105
1753080713,139,11013,91547,2319,103
1753081013,175,12032,91544,2319,105
1753081313,153,13229,91559,2320,103
1753081614,198,12567,91551,2321,103
1753081914,169,11644,91552,2321,105
1753082214,192,11692,91559,2322,105
1753082515,243,11734,91577,2323,103
1753082815,179,11876,91566,2324,105
1753083115,280,12392,91582,2325,104
1753083415,135,11689,91580,2326,105
1753083716,282,11448,91593,2327,103
1753084016,312,11878,91603,2329,103
1753084316,335,12022,91611,2331,103
1753084617,224,12461,91597,2332,104
1753084917,262,11916,91623,2334,105
1753085217,360,11748,91607,2335,103
1753085518,403,12132,91609,2339,103
1753085818,423,11917,91615,2342,103
1753086118,456,11758,91629,2345,103
1753086418,184,13619,91621,2348,105
1753086719,211,13358,91622,2351,104
1753087019,331,12974,91620,2353,105
1753087319,289,13360,91632,2356,104
1753087620,348,13226,91634,2361,103
1753087920,557,11756,91628,2365,104
1753088220,438,12023,91637,2369,103
1753088521,325,12441,91634,2373,103
1753088821,305,12545,91635,2378,104
1753089121,294,12937,91635,2382,103
1753089421,338,12398,91643,2386,103
1753089722,393,11829,91638,2390,103
1753090022,214,12334,91631,2395,105
1753090322,135,12144,91640,2401,104
1753090623,76,12015,91638,2406,104
1753090923,48,13202,91645,2411,104
1753091223,55,12204,91642,2415,104
1753091523,58,12805,91632,2419,104
1753091824,58,12355,91644,2424,103
1753092124,75,12353,91616,2429,104
1753092424,108,12667,91627,2433,104
1753092725,174,12133,91614,2438,104
1753093025,130,14057,91624,2444,103
1753093325,397,12437,91609,2450,103
1753093626,495,12464,91606,2456,104
1753093926,311,13741,91612,2463,104
1753094226,322,13844,91604,2473,104
1753094526,573,12241,91599,2480,104
1753094827,471,12688,91604,2487,104
1753095127,617,12439,91593,2494,104
1753095427,978,12230,91587,2502,104
1753095728,758,13609,91578,2509,104
1753096028,787,12917,91584,2519,104
1753096328,640,12936,91570,2528,104
1753096629,317,15930,91552,2537,104
1753096929,263,14772,91552,2543,104
1753097229,317,13120,91539,2548,104
1753097529,1306,12750,91531,2554,104
1753097830,977,12542,91517,2562,104
1753098130,1462,12476,91530,2575,104
1753098430,685,15506,91510,2590,104
1753098731,221,11970,91509,2601,103
1753099031,252,12233,91501,2605,103
1753099331,192,14130,91508,2605,104
1753099632,231,12600,91493,2603,104
1753099932,237,12599,91492,2600,104
1753100232,173,14739,91484,2601,103
1753100532,194,14863,91484,2605,104
1753100833,283,12945,91470,2608,104
1753101133,410,12338,91463,2612,104
1753101433,218,12701,91453,2613,104
1753101734,192,13968,91447,2612,104
1753102034,510,12583,91426,2611,104
1753102334,315,13548,91418,2617,104
1753102634,437,12585,91417,2630,103
1753102935,340,13296,91408,2640,103
1753103235,241,13664,91395,2652,103
1753103535,364,12710,91388,2663,104
1753103836,305,12792,91366,2674,104
1753104136,167,13456,91367,2692,104
1753104436,177,12995,91344,2711,103
1753104737,126,13906,91337,2720,103
1753105037,230,13637,91330,2725,104
1753105337,359,12514,91320,2731,104
1753105637,258,12641,91319,2743,103
1753105938,139,14608,91315,2752,103
1753106238,202,13889,91307,2761,104
1753106538,178,14146,91313,2768,103
1753106839,275,12969,91288,2776,103
1753107139,272,13066,91273,2784,104
1753107439,279,12889,91275,2791,104
1753107740,191,14011,91258,2796,104
1753108040,379,12377,91257,2796,103
1753108340,307,12939,91251,2796,103
1753108640,318,12553,91250,2792,103
1753108941,286,12733,91240,2789,101
1753109241,204,13306,91237,2786,103
1753109541,221,14168,91230,2786,103
1753109842,539,12470,91210,2787,103
1753110142,418,12808,91208,2792,103
1753110442,246,13017,91214,2798,101
1753110743,63,14083,91230,2800,104
1753111043,92,14062,91235,2793,103
1753111343,89,12569,91185,2786,104
1753111643,33,15276,91202,2779,101
1753111944,52,12982,91186,2769,103
1753112244,80,13191,91183,2760,103
1753112544,53,13302,91186,2753,103
1753112845,69,12844,91187,2748,104
1753113145,52,13144,91200,2743,103
1753113445,41,13436,91199,2739,104
1753113746,81,12869,91186,2733,104
1753114046,87,12886,91178,2730,104
1753114346,61,13160,91185,2725,104
1753114646,63,13039,91181,2719,103
1753114947,67,13100,91169,2712,104
1753115247,69,13146,91170,2706,104
1753115547,61,13861,91181,2699,103
1753115848,94,12933,91159,2694,103
1753116148,83,13374,91175,2688,103
1753116448,79,13432,91177,2682,104
1753116749,93,13303,91162,2677,103
1753117049,103,12822,91173,2672,103
1753117349,87,12895,91167,2668,104
1753117649,92,13001,91177,2663,104
1753117950,96,12818,91187,2659,103
1753118250,87,13213,91189,2654,104
1753118550,56,14432,91187,2649,104
1753118851,96,12506,91174,2644,104
1753119151,62,13267,91170,2639,103
1753119451,78,12861,91184,2635,102
1753119752,66,13229,91187,2630,104
1753120052,74,12876,91195,2626,104
1753120352,56,13294,91232,2621,104
1753120652,65,13561,91569,2616,103
1753120953,43,16654,91745,2609,104
1753121253,55,12632,91801,2602,104
1753121553,30,15774,91791,2594,104
1753121854,14,15429,91778,2586,102
1753122154,11,15665,91728,2579,104
1753122454,7,15215,91719,2570,104
1753122754,8,13996,91694,2559,104
1753123055,8,13222,91684,2547,104
1753123355,6,13493,91664,2537,99
1753123655,10,13685,91675,2529,104
1753123956,9,16828,91731,2523,104
1753124256,9,17113,91763,2517,104
1753124556,11,16989,91757,2511,104
1753124857,7,14416,91802,2507,104
1753125157,7,17561,91812,2502,104
1753125457,10,17314,91842,2498,104
1753125757,11,15986,91812,2496,104
1753126058,8,17460,91797,2493,104
1753126358,8,19065,91801,2491,104
1753126658,8,20465,91761,2488,104
1753126959,10,17387,91744,2486,104
1753127259,10,16879,91745,2483,102
1753127559,10,17433,91734,2480,104
1753127860,6,16158,91725,2477,104
1753128160,9,15628,91702,2474,104
1753128460,10,16752,91696,2470,104
1753128760,9,17152,91686,2468,104
1753129061,7,16280,91668,2465,104
1753129361,11,17294,91675,2463,104
1753129661,10,20177,91679,2460,102
1753129962,12,17860,91680,2458,104
1753130262,9,17809,91669,2456,102
1753130562,11,18246,91665,2455,104
1753130863,8,17874,91661,2452,104
1753131163,11,16459,91637,2451,104
1753131463,11,16251,91652,2449,102
1753131763,9,16674,91650,2447,104
1753132064,12,17398,91644,2445,104
1753132364,10,16515,91644,2444,104
1753132664,6,16632,91623,2443,102
1753132965,8,17631,91641,2441,102
1753133265,9,16594,91645,2440,104
1753133565,10,16831,91640,2439,104
1753133866,10,16680,91638,2437,104
1753134166,10,17266,91623,2437,104
1753134466,14,16244,91620,2436,101
1753134766,9,17364,91615,2435,104
1753135067,9,16733,91611,2433,104
1753135367,7,18337,91606,2433,104
1753135667,9,16996,91597,2432,104
1753135968,10,17946,91601,2431,104
1753136268,9,16983,91603,2429,104
1753136568,7,17276,91593,2428,104
1753136868,7,16749,91589,2427,102
1753137169,6,17398,91579,2426,104
1753137469,8,16792,91580,2425,104
1753137769,7,17702,91576,2423,104
1753138070,9,16118,91583,2423,102
1753138370,7,16220,91572,2422,104
1753138670,9,16555,91578,2420,104
1753138971,9,17707,91561,2419,104
1753139271,9,16076,91559,2418,102
1753139571,9,16914,91559,2417,104
1753139871,7,15309,91550,2415,99
1753140172,7,17186,91548,2414,104
1753140472,7,16333,91569,2413,104
1753140772,8,15954,91574,2411,104
1753141073,12,18492,91569,2410,102
1753141373,10,16536,91564,2408,101
1753141673,9,15876,91563,2407,102
1753141974,11,16500,91559,2406,104
1753142274,5,16188,91550,2405,101
1753142574,10,17311,91547,2403,102
1753142874,6,16788,91540,2402,102
1753143175,9,16550,91545,2400,102
1753143475,7,16352,91541,2400,101
1753143775,6,16245,91524,2398,104
1753144076,10,15976,91525,2397,104
1753144376,8,16368,91524,2396,102
1753144676,11,15843,91510,2395,102
1753144977,10,17425,91509,2394,104
1753145277,11,16004,91499,2393,102
1753145577,8,16164,91506,2391,104
1753145877,9,17599,91502,2390,99
1753146178,14,16025,91491,2389,102
1753146478,10,16301,91491,2388,102
1753146778,9,16961,91485,2387,102
1753147079,12,16419,91482,2386,104
1753147379,9,16965,91476,2386,99
1753147679,8,16534,91466,2384,102
1753147979,10,17380,91464,2384,102
1753148280,9,16743,91464,2382,102
1753148580,8,16406,91470,2381,102
1753148880,12,17082,91449,2380,102
1753149181,8,17058,91456,2379,102
1753149481,9,16870,91444,2378,102
1753149781,11,16130,91446,2377,102
1753150082,11,16390,91441,2375,102
1753150382,6,16405,91435,2375,102
1753150682,10,16422,91436,2373,101
1753150982,8,17094,91427,2373,102
1753151283,7,17400,91428,2372,102
1753151583,7,15227,91433,2372,102
1753151883,5,16293,91429,2370,101
1753152184,8,17121,91420,2369,102
1753152484,9,16782,91425,2368,99
1753152784,10,16656,91433,2368,99
1753153085,8,16840,91411,2366,102
1753153385,8,16438,91422,2365,102
1753153685,7,16642,91428,2364,102
1753153985,10,17368,91422,2363,101
1753154286,9,16034,91440,2363,102
1753154586,9,16523,91422,2362,101
1753154886,9,16303,91424,2361,101
1753155187,8,16316,91419,2360,101
1753155487,7,16440,91431,2360,102
1753155787,5,17026,91425,2358,101
1753156088,8,21380,91956,2357,102
1753156388,7,9367,93486,2356,102
1753156688,9,8786,93430,2382,102
1753156988,4,9959,93453,2383,99
1753157289,10,8989,93332,2370,102
1753157589,11,8222,93194,2356,102
1753157889,6,10090,93075,2338,102
1753158190,5,12590,93016,2323,101
1753158490,7,14534,92988,2309,102
1753158790,9,16245,92873,2297,102
1753159091,10,15800,92762,2289,101
1753159391,8,15872,92708,2286,101
1753159691,9,14209,92603,2284,102
1753159991,11,12879,92564,2284,102
1753160292,6,12079,92493,2285,102
1753160592,11,13225,92464,2287,102
1753160892,12,12235,92439,2287,102
1753161193,5,12893,92416,2289,99
1753161493,8,18851,92389,2290,99
1753161793,10,22205,92327,2290,102
1753162093,5,20067,92297,2290,102
1753162394,10,18917,92285,2291,100
1753162694,7,18555,92251,2290,102
1753162994,8,20484,92254,2289,99
1753163295,9,21437,92221,2288,101
1753163595,8,22769,92220,2286,102
1753163895,9,21532,92217,2285,102
1753164196,6,21605,92195,2284,101
1753164496,6,22638,92182,2282,102
1753164796,9,23268,92154,2281,101
1753165096,8,24165,92139,2280,102
1753165397,6,23256,92118,2278,100
1753165697,5,21386,92092,2277,102
1753165997,8,19965,92087,2276,101
1753166298,8,18799,92081,2275,101
1753166598,11,17603,92057,2273,101
1753166898,6,19685,92069,2273,101
1753167199,7,18825,92160,2272,99
1753167499,10,21011,92204,2272,99
1753167799,8,18594,92402,2270,101
1753168099,9,10606,93150,2266,101
1753168400,7,10638,93373,2260,101
1753168700,9,12798,93397,2255,101
1753169000,8,14803,93338,2248,99
1753169301,9,14785,93225,2242,99
1753169601,9,15210,93182,2237,100
1753169901,9,15642,93079,2234,101
1753170201,4,14379,93064,2234,99
1753170502,4,14490,92948,2234,99
1753170802,7,11755,92905,2235,99
1753171102,10,11197,92839,2236,101
1753171403,10,11587,92835,2238,99
1753171703,11,11950,92858,2239,101
1753172003,10,11591,92811,2241,99
1753172304,8,10892,92815,2242,100
1753172604,7,10597,92801,2244,101
1753172904,7,10473,92776,2245,99
1753173204,9,11179,92782,2248,99
1753173505,11,9467,92747,2251,99
1753173805,9,9489,92728,2254,101
1753174105,10,9766,92716,2258,100
1753174406,7,9342,92711,2262,101
1753174706,6,9580,92642,2269,100
1753175006,7,9644,92588,2274,100
1753175307,10,9192,92609,2280,100
1753175607,11,9553,92576,2285,101
1753175907,6,9836,92526,2291,100
1753176207,6,9580,92508,2295,100
1753176508,8,9681,92482,2299,100
1753176808,11,10500,92432,2308,100
1753177108,10,9372,92464,2317,100
1753177409,9,9210,92411,2327,100
1753177709,11,9084,92406,2334,100
1753178009,7,8921,92389,2344,100
1753178310,10,9899,92356,2353,100
1753178610,9,9417,92332,2361,100
1753178910,9,9868,92332,2371,100
1753179210,7,10360,92289,2381,100
1753179511,9,9353,92318,2390,100
1753179811,8,10840,92309,2397,100
1753180111,11,9570,92255,2406,99
1753180412,7,9369,92240,2416,100
1753180712,9,10095,92209,2427,99
1753181012,11,9401,92195,2435,100
1753181312,9,10401,92216,2442,100
1753181613,9,9709,92187,2448,100
1753181913,13,10495,92163,2453,100
1753182213,15,9786,92156,2461,100
1753182514,16,10294,92108,2468,99
1753182814,17,9419,92082,2476,100
1753183114,27,9563,92041,2488,100
1753183415,29,9943,92026,2500,100
1753183715,35,9451,91996,2511,100
1753184015,30,9691,91962,2521,100
1753184315,38,10431,91943,2531,99
1753184616,56,10695,91938,2543,100
1753184916,80,9783,91930,2555,100
1753185216,66,9510,91907,2567,100
1753185517,73,10805,91888,2578,100
1753185817,86,11434,91858,2589,99
1753186117,77,10930,91852,2600,99
1753186418,64,11882,91835,2612,99
1753186718,54,11684,91799,2623,99
1753187018,54,10818,91804,2636,99
1753187318,16,10936,91775,2650,99
1753187619,24,12026,91766,2656,97
1753187919,17,11675,91740,2657,99
1753188219,18,11073,91730,2660,97
1753188520,26,11450,91714,2664,97
1753188820,21,11286,91687,2669,97
1753189120,21,11800,91671,2672,97
1753189421,28,12116,91653,2670,100
1753189721,17,11241,91644,2673,100
1753190021,23,11811,91621,2673,97
1753190321,32,12109,91596,2673,100
1753190622,45,11994,91583,2673,99
1753190922,60,12336,91576,2673,97
1753191222,68,11589,91562,2675,100
1753191523,96,10984,91555,2676,100
1753191823,91,11674,91534,2678,99
1753192123,74,13328,91538,2688,97
1753192423,98,11903,91509,2694,97
1753192724,110,11981,91501,2696,97
1753193024,73,11787,91477,2698,97
1753193324,40,12912,91455,2700,97
1753193625,62,12032,91459,2705,97
1753193925,66,12456,91445,2710,99
1753194225,75,11880,91424,2718,97
1753194526,56,12171,91411,2726,97
1753194826,66,11949,91415,2727,97
1753195126,68,12204,91402,2722,100
1753195426,50,13617,91376,2718,97
1753195727,64,12318,91373,2716,97
1753196027,71,12527,91359,2715,97
1753196327,105,12365,91359,2715,97
1753196628,88,11971,91348,2714,97
1753196928,122,12261,91340,2710,97
1753197228,118,12505,91327,2707,97
1753197529,114,12400,91328,2704,97
1753197829,106,12272,91307,2702,100
1753198129,119,12637,91309,2700,97
1753198429,121,12279,91288,2698,97
1753198730,91,13351,91277,2696,100
1753199030,141,12711,91264,2694,100
1753199330,149,12338,91254,2695,97
1753199631,138,12029,91238,2695,99
1753199931,131,12159,91228,2693,99
1753200231,104,12385,91224,2692,97
1753200532,103,12718,91224,2690,97
1753200832,59,13123,91212,2691,97
1753201132,99,11926,91203,2688,97
1753201432,63,12867,91204,2685,97
1753201733,43,12709,91182,2681,97
1753202033,59,12145,91186,2676,100
1753202333,68,12933,91165,2673,97
1753202634,71,12442,91139,2670,97
1753202934,57,13748,91129,2668,99
1753203234,60,12678,91129,2665,99
1753203535,50,13326,91120,2660,99
1753203835,43,13152,91128,2657,97
1753204135,36,12691,91132,2655,97
1753204435,49,12089,91134,2652,97
1753204736,49,12286,91127,2651,97
1753205036,51,12948,91141,2650,97
1753205336,56,13545,91149,2649,97
1753205637,73,12183,91152,2650,97
1753205937,79,12757,91159,2649,99
1753206237,70,13557,91163,2648,97
1753206538,97,12836,91169,2646,99
1753206838,69,13098,91178,2645,99
1753207138,66,12936,91181,2642,97
1753207438,47,12615,91190,2639,99
1753207739,9,13677,91207,2636,100
1753208039,10,14574,91222,2633,97
1753208339,11,13875,91226,2630,97
1753208640,11,13414,91214,2627,99
1753208940,16,13644,91213,2623,100
1753209240,13,13560,91202,2619,97
1753209540,14,13618,91203,2616,97
1753209841,17,14099,91210,2614,100
1753210141,9,14529,91217,2611,97
1753210441,13,13349,91233,2607,100
1753210742,11,13683,91227,2604,100
1753211042,10,12759,91226,2600,99
1753211342,8,12485,91230,2597,99
1753211643,12,13366,91247,2594,100
1753211943,10,13565,91229,2592,100
1753212243,12,14220,91235,2589,100
1753212543,9,14006,91242,2587,97
1753212844,7,13473,91239,2584,100
1753213144,12,13511,91255,2580,97
1753213444,12,12927,91268,2576,99
1753213745,6,13426,91271,2574,97
1753214045,8,14087,91284,2570,100
1753214345,9,13686,91282,2568,100
1753214646,10,13592,91272,2566,95
1753214946,9,12931,91281,2563,95
1753215246,9,13870,91276,2561,100
1753215546,11,14849,91289,2558,95
1753215847,9,13821,91276,2556,97
1753216147,10,13450,91274,2554,99
1753216447,9,12793,91276,2551,100
1753216748,8,14195,91284,2549,97
1753217048,4,13139,91286,2545,97
1753217348,7,12994,91305,2543,100
1753217649,7,13318,91308,2541,95
1753217949,10,13602,91307,2538,95
1753218249,7,13987,91311,2536,95
1753218549,10,13796,91319,2534,95
1753218850,7,13150,91340,2532,95
1753219150,9,13508,91355,2529,95
1753219450,10,12621,91364,2526,95
1753219751,6,13442,91371,2524,95
1753220051,9,14230,91369,2521,98
1753220351,8,13262,91387,2519,95
1753220651,9,14144,91396,2517,95
1753220952,5,14586,91383,2514,95
1753221252,8,14036,91370,2511,100
1753221552,9,14017,91372,2509,95
1753221853,10,13281,91387,2506,95
1753222153,10,12617,91376,2504,100
1753222453,9,13680,91381,2502,100
1753222754,8,13852,91383,2501,95
1753223054,9,13257,91370,2499,98
1753223354,8,12812,91382,2497,98
1753223654,6,13254,91386,2495,95
1753223955,10,14100,91379,2492,98
1753224255,11,13780,91368,2490,98
1753224555,13,13189,91357,2488,95
1753224856,6,12458,91344,2485,95
1753225156,11,13098,91343,2483,100
1753225456,9,12973,91352,2481,95
1753225757,9,13788,91340,2479,98
1753226057,8,14117,91350,2477,95
1753226357,11,12132,91354,2475,95
1753226657,4,12724,91342,2473,98
1753226958,9,13253,91339,2471,95
1753227258,9,13200,91327,2470,98
1753227558,6,12496,91331,2468,95
1753227859,7,14192,91335,2466,98
1753228159,8,13702,91326,2465,95
1753228459,8,13832,91311,2463,98
1753228760,7,12761,91305,2461,95
1753229060,9,12102,91303,2459,97
1753229360,10,13251,91294,2458,98
1753229660,7,12685,91292,2456,98
1753229961,8,11784,91286,2454,98
1753230261,9,13788,91299,2451,98
1753230561,11,12243,91283,2450,98
1753230862,8,12438,91297,2448,95
1753231162,8,13566,91308,2446,95
1753231462,9,12503,91302,2444,95
1753231763,10,12092,91295,2442,95
1753232063,10,13278,91294,2439,95
1753232363,7,12962,91309,2439,95
1753232663,8,12940,91291,2437,98
1753232964,7,12413,91296,2435,98
1753233264,8,13188,91306,2434,95
1753233564,11,12550,91301,2432,98
1753233865,8,14003,91284,2431,98
1753234165,10,12787,91292,2431,95
1753234465,8,13018,91279,2429,95
1753234765,7,13444,91279,2428,95
1753235066,6,12023,91281,2426,98
1753235366,10,11654,91262,2425,95
1753235666,10,12428,91255,2423,98
1753235967,12,11964,91275,2422,98
1753236267,10,12937,91278,2420,98
1753236567,7,12251,91271,2418,95
1753236868,11,13162,91263,2417,98
1753237168,8,11964,91260,2416,98
1753237468,11,12985,91245,2414,98
1753237768,6,12269,91244,2413,98
1753238069,9,12434,91242,2411,95
1753238369,10,13170,91242,2410,98
1753238669,11,12083,91241,2408,98
1753238970,7,12750,91252,2406,98
1753239270,12,12004,91248,2405,95
1753239570,9,12277,91244,2403,98
1753239871,8,13163,91249,2402,98
1753240171,6,12474,91248,2400,98
1753240471,5,12084,91249,2398,95
1753240771,10,12229,91240,2397,98
1753241072,7,12293,91245,2395,95
1753241372,10,11377,91243,2394,95
1753241672,7,13087,91244,2392,95
1753241973,11,12158,91237,2391,95
1753242273,10,13700,91238,2389,95
1753242573,7,12269,91236,2388,97
1753242873,10,11711,91235,2387,95
1753243174,7,11650,91230,2385,95
1753243474,8,12119,91231,2384,95
1753243774,7,11469,91224,2383,98
1753244075,9,11769,91231,2381,98
1753244375,5,11950,91217,2380,98
1753244675,11,11580,91238,2379,98
1753244976,9,12563,91230,2377,98
1753245276,7,12952,91234,2376,98
1753245576,8,11493,91229,2375,98
1753245876,7,13047,91232,2373,98
1753246177,9,11018,91233,2371,98
1753246477,10,12644,91231,2370,98
1753246777,12,12543,91240,2368,97
1753247078,9,11982,91244,2367,98
1753247378,7,12380,91238,2365,98
1753247678,7,11745,91242,2364,97
1753247979,12,11969,91241,2363,95
1753248279,8,12167,91234,2361,95
1753248579,12,11612,91237,2360,95
1753248879,12,11809,91244,2359,95
1753249180,13,13306,91250,2358,95
1753249480,17,11978,91262,2356,95
1753249780,38,11422,91265,2355,95
1753250081,46,11436,91272,2354,95
1753250381,46,12200,91272,2353,95
1753250681,86,11574,91280,2352,95
1753250982,88,11818,91298,2350,95
1753251282,40,12771,91299,2350,95
1753251582,110,11734,91298,2349,95
1753251882,148,12266,91325,2349,95
1753252183,113,12514,91324,2348,95
1753252483,64,13387,91331,2348,95
1753252783,151,12179,91332,2348,95
1753253084,180,12702,91315,2347,96
1753253384,296,11976,91332,2347,95
1753253684,111,13574,91355,2348,95
1753253985,84,11989,91353,2349,97
1753254285,95,12775,91363,2349,95
1753254585,146,12012,91368,2349,96
1753254885,189,12186,91360,2350,97
1753255186,151,12006,91368,2351,95
1753255486,131,13559,91365,2352,96
1753255786,352,11972,91375,2354,95
1753256087,435,11921,91360,2357,95
1753256387,488,12171,91367,2360,95
1753256687,345,12798,91364,2364,95
1753256987,173,13096,91366,2368,95
1753257288,383,13329,91371,2372,95
1753257588,159,13184,91371,2375,96
1753257888,269,12644,91362,2378,95
1753258189,683,12214,91359,2382,96
1753258489,478,12378,91354,2387,96
1753258789,498,12129,91348,2391,95
1753259090,467,11886,91328,2395,96
1753259390,600,11672,91323,2398,96
1753259690,356,12712,91319,2403,96
1753259990,551,12597,91324,2411,96
1753260291,301,13007,91310,2422,96
1753260591,548,11698,91305,2432,95
1753260891,408,12008,91302,2441,95
1753261192,528,12464,91298,2450,95
1753261492,143,13703,91299,2462,95
1753261792,144,13128,91295,2472,95
1753262093,223,12752,91290,2477,95
1753262393,189,12402,91286,2482,95
1753262693,210,13178,91279,2487,95
1753262993,146,13212,91277,2491,95
1753263294,913,12521,91269,2494,95
1753263594,1460,12609,91274,2500,95
1753263894,1459,12066,91275,2513,95
1753264195,1528,12058,91284,2527,95
1753264495,1554,12356,91282,2538,96
1753264795,1435,13274,91270,2551,95
1753265096,2288,11771,91261,2567,96
1753265396,2584,12528,91255,2579,96
1753265696,761,13267,91243,2589,95
1753265996,1820,12413,91248,2599,96
1753266297,1995,11709,91233,2606,96
1753266597,1579,12043,91235,2616,95
1753266897,647,11863,91236,2626,96
1753267198,2542,12016,91222,2635,95
1753267498,1504,12707,91224,2646,96
1753267798,3095,12285,91213,2657,95
1753268099,1715,13185,91208,2668,96
1753268399,2900,12272,91198,2679,95
1753268699,1404,13104,91197,2688,95
1753268999,1988,12299,91198,2699,96
1753269300,2348,11867,91192,2709,95
1753269600,2222,12244,91186,2717,95
1753269900,1308,13193,91192,2723,96
1753270201,2253,11890,91186,2726,94
1753270501,1740,12804,91183,2732,96
1753270801,2526,11696,91188,2739,96
1753271101,616,11841,91179,2747,96
1753271402,682,11719,91173,2751,96
1753271702,458,12513,91161,2754,96
1753272002,1738,12674,91162,2758,96
1753272303,475,11351,91158,2761,96
1753272603,1247,12382,91150,2763,96
1753272903,527,11536,91138,2768,96
1753273204,1353,11472,91143,2773,96
1753273504,339,11892,91138,2776,96
1753273804,276,12580,91134,2777,96
1753274104,328,11711,91118,2776,96
1753274405,302,11348,91113,2774,95
1753274705,226,12118,91104,2772,95
1753275005,394,11589,91104,2768,95
1753275306,593,11806,91087,2765,95
1753275606,567,11725,91083,2765,94
1753275906,494,11331,91090,2768,96
1753276207,250,11876,91088,2773,94
1753276507,167,11340,91075,2774,94
1753276807,189,11711,91067,2769,94
1753277107,193,14503,91063,2765,94
1753277408,262,11859,91050,2764,96
1753277708,248,11795,91051,2767,94
1753278008,98,11762,91053,2768,96
1753278309,54,11709,91061,2766,96
1753278609,76,11591,91057,2761,96
1753278909,114,11594,91049,2754,96
1753279210,100,11790,91032,2747,96
1753279510,54,11922,91044,2740,95
1753279810,48,11777,91051,2733,96
1753280110,62,11965,91039,2725,96
1753280411,57,11646,91032,2717,95
1753280711,165,11784,91022,2711,94
1753281011,169,12103,91024,2708,94
1753281312,151,12237,91013,2705,95
1753281612,195,12001,91011,2701,95
1753281912,187,11477,91001,2698,95
1753282213,123,12792,91020,2694,94
1753282513,149,12166,91028,2693,94
1753282813,151,11685,91035,2694,94
1753283113,160,11720,91043,2693,94
1753283414,118,11740,91041,2691,94
1753283714,156,11897,91036,2689,94
1753284014,179,12526,91045,2687,94
1753284315,164,12605,91033,2685,94
1753284615,91,13256,91036,2684,96
1753284915,77,12801,91010,2683,96
1753285216,108,11834,91011,2683,96
1753285516,127,12584,91011,2682,94
1753285816,171,12092,91014,2680,96
1753286116,134,14046,91022,2678,95
1753286417,309,11733,91032,2676,95
1753286717,200,12239,91039,2674,96
1753287017,200,12172,91136,2673,95
1753287318,205,11919,91245,2671,95
1753287618,232,12004,91292,2668,95
1753287918,206,11797,91284,2664,95
1753288218,256,11663,91265,2661,95
1753288519,221,12426,91242,2659,96
1753288819,263,11419,91223,2662,94
1753289119,177,11527,91202,2663,96
1753289420,135,12216,91201,2664,96
1753289720,135,11587,91179,2665,95
1753290020,127,11427,91148,2662,95
1753290321,135,13534,91135,2659,95
1753290621,138,11574,91115,2657,95
1753290921,125,11480,91105,2656,95
1753291221,131,11897,91089,2655,95
1753291522,123,11811,91091,2653,95
1753291822,112,11723,91070,2651,95
1753292122,97,11559,91056,2647,95
1753292423,54,11752,91041,2643,94
1753292723,67,11860,91042,2639,95
1753293023,61,11761,91031,2636,94
1753293324,63,11701,91031,2634,94
1753293624,45,11608,91018,2632,94
1753293924,37,11691,91003,2628,94
1753294224,40,11771,91014,2625,94
1753294525,34,11649,91009,2621,94
1753294825,22,13308,91002,2616,93
1753295125,20,11870,91009,2613,94
1753295426,15,11751,91012,2610,94
1753295726,17,11495,90993,2607,94
1753296026,17,11487,90998,2603,94
1753296327,15,11704,90994,2599,94
1753296627,13,11554,90998,2595,94
1753296927,11,11859,90993,2591,94
1753297227,13,11628,90993,2586,94
1753297528,7,11970,90999,2582,94
1753297828,11,11850,90999,2579,94
1753298128,7,11628,91004,2577,93
1753298429,8,11676,91016,2575,93
1753298729,8,11481,91017,2573,94
1753299029,8,12211,91028,2571,93
1753299329,12,11471,91030,2569,94
1753299630,12,11634,91044,2566,93
1753299930,6,11599,91056,2564,93
1753300230,12,13230,91063,2562,93
1753300531,14,11629,91069,2559,93
1753300831,11,14014,91068,2557,93
1753301131,7,11686,91080,2555,93
1753301432,13,18742,91090,2552,93
1753301732,6,14565,91089,2551,93
1753302032,11,19519,91097,2549,93
1753302333,8,12012,91094,2548,93
1753302633,10,12154,91111,2545,93
1753302933,11,11897,91115,2543,93
1753303233,10,11902,91123,2541,93
1753303534,12,11709,91127,2539,93
1753303834,11,12258,91135,2537,93
1753304134,11,11320,91140,2535,93
1753304435,8,11840,91144,2532,93
1753304735,9,11659,91159,2530,93
1753305035,9,11720,91163,2527,93
1753305335,10,11534,91161,2525,93
1753305636,5,13524,91169,2523,93
1753305936,9,11951,91166,2521,93
1753306236,12,11727,91174,2519,93
1753306537,7,11533,91178,2517,93
1753306837,11,11543,91173,2515,93
1753307137,8,11797,91183,2513,93
1753307438,6,12618,91179,2510,92
1753307738,10,11867,91183,2508,92
1753308038,11,12508,91185,2506,92
1753308338,15,13519,91187,2504,92
1753308639,8,12047,91176,2502,92
1753308939,7,12261,91180,2500,92
1753309239,6,12180,91188,2498,92
1753309540,12,11629,91206,2496,92
1753309840,11,11574,91200,2493,92
1753310140,10,11973,91202,2491,92
1753310441,7,11583,91196,2489,92
1753310741,7,12104,91196,2488,92
1753311041,12,11799,91201,2486,92
1753311341,12,11790,91199,2484,92
1753311642,6,11707,91196,2482,92
1753311942,8,11743,91194,2481,92
1753312242,12,11545,91187,2479,92
1753312543,9,12367,91186,2478,92
1753312843,6,11636,91181,2476,92
1753313143,13,11790,91175,2475,92
1753313443,9,11600,91175,2473,92
1753313744,12,11837,91177,2472,92
1753314044,11,11757,91173,2470,92
1753314344,9,12175,91165,2469,92
1753314645,8,11587,91163,2467,92
1753314945,7,12103,91154,2465,92
1753315245,10,11785,91151,2463,92
1753315546,12,11496,91149,2462,92
1753315846,10,11375,91142,2460,92
1753316146,11,11665,91143,2458,92
1753316446,11,11765,91135,2457,92
1753316747,6,12132,91131,2455,92
1753317047,7,11596,91137,2453,92
1753317347,7,11313,91124,2452,92
1753317648,10,11670,91124,2450,92
1753317948,8,12896,91122,2448,92
1753318248,11,11631,91108,2447,92
1753318549,13,11798,91097,2446,92
1753318849,10,11649,91099,2444,92
1753319149,9,11717,91085,2442,92
1753319449,10,11597,91079,2440,92
1753319750,9,11518,91064,2438,92
1753320050,9,11831,91059,2437,92
1753320350,9,11395,91052,2435,92
1753320651,8,11549,91060,2434,92
1753320951,9,11585,91047,2432,92
1753321251,9,11586,91048,2431,92
1753321552,8,11416,91032,2429,92
1753321852,11,11547,91022,2427,92
1753322152,9,11364,91019,2426,92
1753322452,7,11576,91009,2424,92
1753322753,8,11430,90989,2422,92
1753323053,8,11440,90980,2420,92
1753323353,10,11626,90980,2419,92
1753323654,10,11304,90970,2417,92
1753323954,8,11449,90972,2416,92
1753324254,10,11498,90975,2414,92
1753324555,8,11516,90962,2413,92
1753324855,9,11410,90960,2411,92
1753325155,10,11561,90957,2410,92
1753325455,8,11503,90957,2409,92
1753325756,11,11522,90941,2407,92
1753326056,9,11492,90931,2406,92
1753326356,11,11393,90933,2404,92
1753326657,9,11936,90928,2402,92
1753326957,8,11189,90933,2401,92
1753327257,12,11577,90931,2399,92
1753327557,7,11504,90934,2398,92
1753327858,8,11611,90931,2396,92
1753328158,3,11366,90922,2395,92
1753328458,7,11339,90923,2393,92
1753328759,11,11445,90918,2391,92
1753329059,8,11447,90923,2390,92
1753329359,8,11611,90917,2389,92
1753329660,10,11452,90917,2387,92
1753329960,6,11393,90921,2386,92
1753330260,6,11594,90916,2384,92
1753330560,9,11460,90918,2383,92
1753330861,8,11579,90918,2381,92
1753331161,10,11481,90924,2379,92
1753331461,11,11741,90918,2377,92
1753331762,10,11730,90919,2376,92
1753332062,8,11734,90926,2374,92
1753332362,13,11615,90917,2373,92
1753332663,10,11304,90922,2372,92
1753332963,7,11450,90926,2370,92
1753333263,11,11437,90925,2369,92
1753333563,7,11414,90929,2368,92
1753333864,8,11581,90919,2366,92
1753334164,9,11334,90935,2365,92
1753334464,8,11731,90933,2364,92
1753334765,11,11392,90932,2363,92
1753335065,13,11501,90948,2361,92
1753335365,19,11427,90936,2360,92
1753335666,19,11370,90940,2359,92
1753335966,23,11374,90931,2358,92
1753336266,18,11330,90935,2357,92
1753336566,31,11345,90938,2356,92
1753336867,39,11440,90938,2356,92
1753337167,42,11553,90941,2355,92
1753337467,43,11222,90946,2355,92
1753337768,35,11493,90953,2355,92
1753338068,63,11271,90960,2354,92
1753338368,76,11236,90954,2353,92
1753338668,43,11509,90959,2352,92
1753338969,49,11332,90960,2352,92
1753339269,119,11498,90962,2351,92
1753339569,161,11442,90967,2350,92
1753339870,177,11325,90971,2351,92
1753340170,103,11402,90979,2352,92
1753340470,207,11677,91002,2354,92
1753340771,222,11440,90995,2355,92
