If found, please contact tlang@live.unc.edu
Firmware updated: 2025/07/17
OpenOBS SN:470

time,ambient_light,backscatter,pressure,water_temp,battery
1753357331,10230,10861,85726,2897,159
1753357331,10930,10851,85736,2897,136
1753357333,4135,10837,85733,2897,159
1753357334,4259,10835,85740,2897,136
1753357335,3916,10838,85737,2897,136
1753357336,3948,10836,85735,2897,136
1753357337,4025,10838,85738,2897,136
1753357338,4041,10834,85738,2897,136
1753357339,4230,10839,85738,2897,136
1753357339,15207,10837,85737,2897,136
1753357340,15224,10833,85737,2896,136
1753357341,13894,10835,85739,2895,136
1753357344,13660,10837,85729,2894,155
1753357345,13428,10842,85734,2894,136
1753357346,12074,10838,85738,2894,136
1753357346,14285,10834,85733,2893,136
1753357347,13760,10836,85734,2893,136
1753357348,13879,10840,85734,2893,136
1753357349,13413,10833,85740,2893,136
1753357350,12491,10843,85738,2893,136
1753357351,12387,10839,85740,2892,136
1753357352,12837,10835,85738,2892,136
1753357353,13129,10835,85735,2892,136
1753357354,13280,10836,85737,2892,136
1753357354,13210,10836,85740,2892,136
1753357355,14488,10833,85735,2891,136
1753357356,15177,10837,85737,2891,136
1753357357,15316,10835,85734,2891,136
1753357358,14414,10834,85735,2890,136
1753357359,14197,10840,85734,2890,136
1753357360,14094,10839,85739,2890,136
1753357361,14200,10834,85731,2890,136
1753357362,14051,10838,85733,2889,136
1753357362,15506,10837,85731,2889,136
1753357363,15223,10835,85730,2889,136
1753357364,16097,10839,85731,2888,136
1753357365,16679,10834,85732,2888,136
1753357366,15916,10836,85737,2888,136
1753357367,16373,10836,85736,2888,136
1753357368,16353,10837,85732,2888,136
1753357369,16445,10841,85727,2888,136
1753357370,16198,10840,85737,2888,136
1753357371,16498,10836,85729,2888,136
1753357371,16492,10835,85729,2888,136
1753357372,16690,10832,85730,2888,136
1753357373,16531,10838,85731,2888,136
1753357374,15588,10832,85729,2888,136
1753357375,15973,10838,85732,2888,136
1753357376,15547,10839,85735,2888,136
1753357403,16033,10834,85737,2888,155
1753357703,65535,10828,85743,3091,136
1753358003,1909,11217,85712,3043,117
1753358304,1324,2774,91009,2987,117
1753358604,8595,2779,91013,2927,116
1753358905,8056,2786,90994,2914,116
1753359205,1627,2792,90990,2918,116
1753359505,4003,2812,90966,2921,116
1753359806,1479,2800,90956,2926,116
1753360106,2714,2833,90945,2930,116
1753360407,3876,2822,90934,2931,116
1753360707,2548,2828,90935,2937,116
1753361007,2467,2850,90919,2950,116
1753361308,2154,2858,90913,2964,116
1753361608,1316,2852,90911,2977,116
1753361909,1012,2872,90915,2984,116
1753362209,1286,2893,90907,2986,116
1753362509,876,2908,90907,2985,116
1753362810,900,2931,90895,2985,116
1753363110,122,3028,90886,2983,116
1753363411,506,2953,90876,2978,116
1753363711,576,3120,90867,2973,116
1753364011,342,3101,90870,2976,116
1753364312,553,3022,90869,2978,116
1753364612,194,3617,90838,2974,116
1753364913,579,3473,90835,2973,116
1753365213,498,3223,90837,2973,116
1753365513,485,3087,90838,2973,115
1753365814,638,3266,90812,2970,117
1753366114,842,3096,90824,2975,115
1753366415,1064,3240,90819,2984,115
1753366715,827,3419,90821,2984,115
1753367015,619,3145,90791,2977,116
1753367316,787,3395,90780,2972,116
1753367616,920,3471,90768,2969,116
1753367917,999,3507,90758,2972,114
1753368217,1421,3376,90758,2980,115
1753368517,1809,3842,90757,2988,115
1753368818,1647,3456,90760,2989,115
1753369118,1601,3550,90758,2987,115
1753369419,1379,3806,90746,2985,115
1753369719,1497,3391,90727,2978,115
1753370019,1383,4275,90733,2965,114
1753370320,1318,3320,90720,2957,115
1753370620,1221,3332,90698,2953,115
1753370921,1025,3485,90700,2951,114
1753371221,1308,3879,90689,2950,114
1753371522,1278,3389,90691,2949,114
1753371822,1165,3422,90675,2947,115
1753372122,1280,4149,90683,2943,114
1753372423,1529,3469,90683,2941,114
1753372723,1446,3724,90682,2939,115
1753373024,1473,4245,90675,2936,115
1753373324,1609,3707,90678,2929,115
1753373624,1685,3514,90666,2924,115
1753373925,1593,3914,90664,2924,114
1753374225,1492,3846,90676,2925,114
1753374526,1331,3655,90677,2928,115
1753374826,1237,3545,90661,2921,115
1753375126,927,3934,90659,2916,115
1753375427,547,3666,90663,2907,114
1753375727,664,4333,90667,2899,115
1753376028,658,3963,90669,2893,115
1753376328,428,4417,90669,2883,114
1753376628,364,4574,90671,2873,115
1753376929,540,4202,90666,2866,114
1753377229,652,4225,90678,2861,114
1753377530,663,4248,90682,2859,114
1753377830,675,3991,90635,2854,115
1753378130,639,4557,90646,2849,115
1753378431,494,4599,90641,2842,115
1753378731,488,5390,90638,2834,114
1753379032,471,4536,90651,2826,114
1753379332,405,4203,90653,2817,114
1753379632,225,4206,90658,2805,114
1753379933,224,4250,90649,2794,114
1753380233,241,4097,90649,2786,113
1753380534,158,4352,90661,2780,113
1753380834,112,4236,90679,2773,115
1753381134,97,4222,90676,2763,113
1753381435,88,4403,90676,2756,113
1753381735,85,4495,90686,2751,114
1753382036,70,4144,90691,2748,113
1753382336,51,4203,90703,2744,113
1753382636,40,4126,90712,2739,113
1753382937,27,4361,90707,2733,113
1753383237,17,4095,90709,2728,114
1753383538,12,4160,90709,2722,112
1753383838,10,4395,90717,2717,113
1753384138,9,4356,90724,2712,112
1753384439,8,4343,90727,2707,115
1753384739,7,4141,90724,2702,112
1753385040,7,4579,90720,2697,112
1753385340,8,4433,90723,2691,112
1753385640,7,4232,90733,2686,112
1753385941,8,4564,90732,2681,111
1753386241,8,4180,90749,2676,112
1753386542,7,4446,90756,2672,112
1753386842,8,4233,90764,2667,112
1753387142,7,4199,90781,2663,112
1753387443,7,4284,90784,2659,112
1753387743,7,4517,90797,2655,111
1753388044,8,4280,90815,2652,112
1753388344,7,4215,90814,2650,112
1753388644,8,4238,90809,2646,112
1753388945,7,4361,90823,2642,112
1753389245,7,4554,90831,2638,112
1753389546,8,4315,90844,2634,113
1753389846,7,4296,90856,2630,112
1753390146,7,4354,90866,2624,112
1753390447,8,4578,90872,2622,112
1753390747,7,4548,90877,2619,115
1753391048,6,4451,90884,2615,112
1753391348,8,4445,90887,2612,112
1753391648,7,4430,90896,2609,112
1753391949,7,4661,90892,2606,112
1753392249,8,4929,90902,2603,112
1753392550,7,4495,90925,2600,112
1753392850,7,4465,90932,2597,112
1753393150,7,4726,90926,2595,112
1753393451,7,4931,90945,2592,112
1753393751,7,4493,90945,2589,113
1753394052,8,4594,90952,2586,112
1753394352,7,4978,90965,2582,112
1753394652,9,4511,90949,2578,112
1753394953,7,4749,90935,2572,112
1753395253,8,4805,90944,2572,113
1753395554,7,4752,90945,2571,112
1753395854,7,4501,90953,2569,111
1753396155,7,4957,90957,2566,113
1753396455,7,4478,90953,2564,112
1753396755,8,4527,90954,2562,113
1753397056,7,4564,90954,2559,112
1753397356,7,4579,90958,2557,113
1753397657,8,4921,90957,2554,112
1753397957,7,4645,90953,2552,113
1753398257,7,4590,90944,2549,112
1753398558,8,4947,90943,2546,112
1753398858,7,4636,90940,2544,112
1753399159,7,4718,90943,2541,112
1753399459,7,4802,90936,2538,113
1753399759,7,4661,90952,2536,113
1753400060,8,5050,90947,2533,115
1753400360,7,5098,90954,2531,112
1753400661,8,4732,90949,2527,112
1753400961,8,4805,90951,2524,113
1753401261,6,4578,90946,2522,113
1753401562,8,4861,90936,2519,113
1753401862,7,5175,90924,2516,111
1753402163,7,4738,90936,2514,113
1753402463,8,4668,90933,2511,112
1753402763,7,4523,90940,2509,113
1753403064,7,4755,90929,2507,114
1753403364,7,4958,90934,2505,111
1753403665,7,4890,90939,2503,113
1753403965,7,4758,90933,2500,113
1753404265,7,4721,90928,2498,111
1753404566,7,4834,90926,2496,112
1753404866,8,4915,90923,2494,112
1753405167,7,4631,90926,2492,111
1753405467,7,4656,90916,2490,113
1753405767,6,4629,90908,2487,113
1753406068,7,5399,90910,2485,113
1753406368,8,4725,90912,2483,112
1753406669,6,4769,90902,2481,113
1753406969,7,5053,90904,2479,111
1753407269,7,4707,90889,2478,112
1753407570,8,4716,90891,2476,113
1753407870,6,5162,90880,2473,111
1753408171,6,4606,90876,2471,111
1753408471,6,4938,90872,2469,111
1753408771,7,4818,90868,2467,111
1753409072,6,5083,90868,2466,113
1753409372,6,4730,90861,2464,112
1753409673,7,4695,90866,2462,111
1753409973,7,4659,90857,2459,111
1753410273,7,4693,90838,2457,111
1753410574,6,4884,90844,2454,111
1753410874,6,4696,90840,2451,113
1753411175,8,4707,90828,2449,113
1753411475,7,4770,90819,2447,113
1753411775,7,4590,90814,2445,111
1753412076,6,4594,90814,2444,113
1753412376,7,4713,90799,2442,111
1753412677,6,4662,90791,2440,111
1753412977,7,4535,90773,2439,111
1753413277,6,4609,90767,2437,111
1753413578,7,4554,90768,2435,111
1753413878,7,4577,90775,2433,112
1753414179,7,4639,90785,2432,111
1753414479,7,4594,90798,2430,113
1753414779,7,4581,90791,2428,111
1753415080,8,4587,90797,2427,111
1753415380,6,4605,90807,2425,111
1753415681,7,4597,90809,2423,111
1753415981,7,4726,90809,2421,111
1753416281,7,4572,90808,2419,111
1753416582,7,4544,90811,2417,113
1753416882,7,4508,90812,2415,111
1753417183,6,4491,90805,2414,111
1753417483,7,4540,90811,2413,111
1753417783,6,4591,90809,2411,111
1753418084,6,4561,90811,2409,111
1753418384,7,4663,90817,2408,111
1753418685,7,4599,90828,2406,111
1753418985,6,4562,90840,2405,111
1753419285,6,4572,90847,2403,111
1753419586,7,4726,90841,2401,112
1753419886,8,4557,90850,2399,111
1753420187,10,4589,90870,2398,111
1753420487,14,4623,90871,2396,111
1753420787,29,4650,90871,2395,111
1753421088,53,4846,90859,2394,111
1753421388,77,4747,90866,2393,111
1753421689,139,4826,90857,2391,111
1753421989,192,4768,90855,2390,112
1753422289,219,4731,90862,2388,112
1753422590,294,4829,90868,2387,111
1753422890,341,4745,90855,2386,111
1753423191,288,4896,90864,2385,112
1753423491,221,4875,90872,2384,111
1753423791,341,4889,90877,2382,112
1753424092,409,4839,90886,2381,111
1753424392,369,4980,90891,2381,112
1753424693,320,4947,90890,2379,111
1753424993,323,5013,90881,2380,111
1753425294,526,5089,90912,2379,112
1753425594,387,5059,90894,2379,111
1753425894,325,5073,90902,2379,112
1753426195,679,5088,90896,2377,110
1753426495,887,5245,90901,2377,111
1753426796,1031,5348,90898,2379,111
1753427096,917,5151,90891,2379,111
1753427396,1160,5412,90902,2380,112
1753427697,1381,5227,90905,2382,111
1753427997,1549,5364,90923,2385,111
1753428298,1805,5370,90924,2385,112
1753428598,2137,5365,90941,2387,111
1753428898,2921,5406,90946,2392,110
1753429199,1900,5579,90970,2398,111
1753429499,1677,5563,90972,2402,111
1753429800,3855,5716,90977,2405,110
1753430100,4881,5660,90977,2411,111
1753430400,3778,5854,90990,2418,111
1753430701,1119,5725,90979,2423,112
1753431001,1653,5829,90976,2425,111
1753431302,2135,5834,90980,2426,111
1753431602,1969,5847,90989,2429,113
1753431902,1789,5878,90981,2434,113
1753432203,2071,5994,90993,2439,110
1753432503,1730,6081,90995,2447,112
1753432804,1333,5971,90993,2454,111
1753433104,1449,5965,91004,2462,111
1753433404,1178,6175,91012,2471,111
1753433705,1096,6112,91028,2478,111
1753434005,1340,6439,91023,2482,110
1753434306,1231,6459,91014,2487,112
1753434606,1248,6433,91015,2494,110
1753434906,941,6296,91015,2502,111
1753435207,463,6219,91026,2510,111
1753435507,419,6796,91043,2518,111
1753435808,365,6542,91042,2529,111
1753436108,193,6559,91035,2542,111
1753436408,192,6510,91034,2554,111
1753436709,267,6626,91035,2566,111
1753437009,289,6305,91042,2579,111
1753437310,352,6351,91045,2596,111
1753437610,111,6417,91043,2611,111
1753437910,116,6553,91053,2624,113
1753438211,205,6168,91032,2629,111
1753438511,240,6217,91031,2633,111
1753438812,287,6440,91011,2637,112
1753439112,653,6524,91020,2643,111
1753439412,447,6391,91015,2642,113
1753439713,862,6277,91014,2640,113
1753440013,1201,6477,91018,2640,113
1753440314,1461,6574,91012,2643,111
1753440614,2195,6276,91019,2648,111
1753440914,1705,6438,91022,2653,111
1753441215,1262,6787,91009,2658,113
1753441515,1908,6703,91007,2660,113
1753441816,1905,6300,90999,2666,111
1753442116,1035,6472,91001,2671,111
1753442416,2330,6681,90985,2675,113
1753442717,1540,6490,90967,2675,111
1753443017,1216,6651,90962,2677,112
1753443318,1229,6842,90947,2680,111
1753443618,1130,6892,90945,2682,111
1753443918,1141,6475,90936,2684,111
1753444219,1024,6736,90934,2685,111
1753444519,902,6734,90942,2687,113
1753444820,897,6810,90954,2688,113
1753445120,4002,6836,90940,2689,112
1753445420,3537,6959,90939,2697,112
1753445721,2283,6949,90930,2712,113
1753446021,2629,6921,90921,2727,111
1753446322,2019,6960,90910,2738,112
1753446622,2492,7056,90895,2752,113
1753446922,2206,6859,90888,2768,113
1753447223,1917,6787,90886,2783,112
1753447523,1938,6785,90873,2795,110
1753447824,1582,6743,90857,2809,112
1753448124,1254,6928,90847,2820,111
1753448425,1147,6942,90842,2833,113
1753448725,1195,6886,90831,2845,113
1753449025,752,6920,90825,2858,110
1753449326,1053,7044,90813,2864,110
1753449626,1060,7022,90802,2864,112
1753449927,823,6943,90796,2866,110
1753450227,1151,7048,90785,2874,113
1753450527,1355,7059,90772,2887,112
1753450828,1005,7028,90766,2898,112
1753451128,1248,7199,90765,2907,111
1753451429,728,7219,90756,2909,112
1753451729,889,7199,90752,2910,110
1753452029,745,7252,90748,2908,112
1753452330,808,7181,90752,2905,112
1753452630,714,7135,90741,2903,110
1753452931,815,7240,90735,2901,112
1753453231,647,7302,90719,2901,113
1753453531,851,7310,90718,2903,112
1753453832,898,7249,90698,2916,111
1753454132,613,7362,90686,2934,112
1753454433,533,7259,90661,2951,111
1753454733,552,7214,90664,2962,111
1753455033,333,7316,90654,2970,111
1753455334,509,7441,90631,2971,112
1753455634,682,7423,90625,2975,111
1753455935,582,7646,90607,2978,112
1753456235,993,7683,90607,2979,110
1753456535,1269,7555,90585,2983,111
1753456836,1055,7961,90592,2981,110
1753457136,1102,7634,90571,2977,112
1753457437,1123,7680,90577,2972,112
1753457737,943,8156,90569,2971,112
1753458037,964,7577,90570,2973,110
1753458338,752,7686,90564,2976,112
1753458638,715,7837,90532,2976,111
1753458939,645,7825,90557,2973,112
1753459239,583,7740,90559,2969,112
1753459539,382,7718,90551,2964,112
1753459840,445,7730,90548,2959,112
1753460140,394,7759,90557,2953,110
1753460441,238,8148,90564,2948,111
1753460741,287,7724,90564,2945,110
1753461041,278,7573,90554,2941,113
1753461342,304,7804,90557,2931,112
1753461642,419,7828,90559,2920,112
1753461943,373,7709,90567,2909,112
1753462243,383,7740,90566,2901,110
1753462543,399,7727,90567,2894,112
1753462844,262,7968,90583,2889,112
1753463144,285,7984,90586,2879,111
1753463445,338,7858,90603,2870,112
1753463745,319,7863,90622,2865,112
1753464045,270,7869,90678,2859,112
1753464346,242,8249,90710,2854,113
1753464646,208,7630,90730,2848,112
1753464947,163,7321,90765,2842,112
1753465247,123,7311,90765,2835,113
1753465547,100,7251,90759,2828,112
1753465848,69,7429,90792,2821,111
1753466148,65,7089,90830,2813,113
1753466449,20,7199,90869,2803,113
1753466749,8,7534,90927,2791,113
1753467050,8,7909,90949,2779,111
1753467350,10,7808,90975,2769,113
1753467650,14,7712,90985,2760,111
1753467951,15,7853,90998,2750,112
1753468251,12,7674,91004,2740,111
1753468552,13,7496,90995,2731,112
1753468852,10,7389,91004,2724,111
1753469152,11,7318,91022,2718,111
1753469453,10,7142,91031,2711,113
1753469753,8,7207,91049,2705,111
1753470054,8,7258,91074,2698,111
1753470354,9,7245,91081,2691,111
1753470654,8,6680,91111,2685,110
1753470955,7,7078,91149,2680,111
1753471255,8,6781,91183,2673,111
1753471556,7,4950,91588,2666,111
1753471856,7,6942,93270,2643,110
1753472156,8,7414,93507,2623,111
1753472457,6,7684,93337,2613,111
1753472757,8,8066,93408,2633,111
1753473058,7,8930,93174,2657,111
1753473358,8,9308,93013,2659,112
1753473658,7,22099,93045,2638,112
1753473959,7,10942,92993,2613,110
1753474259,8,11900,92858,2589,113
1753474560,7,16592,92900,2569,112
1753474860,7,13684,92715,2551,112
1753475160,6,13617,92609,2537,112
1753475461,8,13392,92676,2526,112
1753475761,7,19225,92590,2519,111
1753476062,7,19169,92526,2515,111
1753476362,6,25013,92505,2511,112
1753476662,7,10013,92422,2508,112
1753476963,6,8774,92330,2505,110
1753477263,6,14342,92372,2504,112
1753477564,7,9680,92333,2501,112
1753477864,6,8922,92210,2498,111
1753478164,7,13115,92299,2496,112
1753478465,6,9228,92237,2496,112
1753478765,7,11119,92123,2496,112
1753479066,7,25502,92141,2496,112
1753479366,8,8656,92083,2496,112
1753479666,8,19232,92073,2495,112
1753479967,7,7677,91968,2493,112
1753480267,7,23992,92001,2491,110
1753480568,8,18649,92002,2489,113
1753480868,6,19428,91942,2487,110
1753481168,7,17239,91929,2485,113
1753481469,6,13210,91908,2483,112
1753481769,8,9877,91852,2481,112
1753482070,6,19576,91851,2479,112
1753482370,7,7644,91839,2477,111
1753482670,7,10235,91832,2476,110
1753482971,6,12774,91763,2475,112
1753483271,7,16713,91778,2472,112
1753483572,6,13017,91752,2470,110
1753483872,6,10920,91713,2468,112
1753484172,7,9925,91731,2467,110
1753484473,7,16237,91699,2464,110
1753484773,7,14995,91692,2463,110
1753485074,7,14215,91672,2461,110
1753485374,7,14965,91649,2460,111
1753485674,6,15597,91638,2458,110
1753485975,7,14524,91607,2455,110
1753486275,6,14058,91609,2454,110
1753486576,7,15524,91584,2452,112
1753486876,7,15663,91569,2450,110
1753487176,6,16448,91542,2448,112
1753487477,6,14903,91555,2446,112
1753487777,6,16509,91535,2445,112
1753488078,7,13955,91516,2443,112
1753488378,7,15614,91505,2441,110
1753488678,7,14484,91500,2440,110
1753488979,6,13960,91480,2438,110
1753489279,7,18708,91497,2436,112
1753489580,7,14920,91464,2435,112
1753489880,7,15111,91469,2434,112
1753490180,6,17043,91477,2432,112
1753490481,6,14319,91451,2431,110
1753490781,6,17248,91453,2429,112
1753491082,6,17752,91446,2428,112
1753491382,6,19736,91437,2426,112
1753491683,7,19272,91397,2425,112
1753491983,7,17938,91413,2424,112
1753492283,7,19325,91410,2422,111
1753492584,7,20911,91423,2421,110
1753492884,6,19796,91398,2419,112
1753493185,6,17347,91385,2417,112
1753493485,6,19564,91364,2416,112
1753493785,6,20045,91351,2414,110
1753494086,6,21861,91329,2413,112
1753494386,6,20347,91326,2411,112
1753494687,6,18773,91328,2409,112
1753494987,6,22384,91324,2408,112
1753495287,6,18586,91314,2407,111
1753495588,6,22180,91308,2406,110
1753495888,6,23993,91293,2404,112
1753496189,7,18266,91277,2402,110
1753496489,6,22202,91290,2400,112
1753496789,6,23662,91274,2400,110
1753497090,7,21711,91279,2398,110
1753497390,7,22430,91262,2396,112
1753497691,6,22764,91241,2395,110
1753497991,7,21516,91240,2393,110
1753498291,6,24609,91227,2392,112
1753498592,7,24226,91227,2391,110
1753498892,7,23486,91211,2389,110
1753499193,7,24343,91205,2387,110
1753499493,6,24413,91197,2385,112
1753499793,6,24622,91193,2384,110
1753500094,6,24945,91178,2382,113
1753500394,6,24355,91186,2380,110
1753500695,6,24099,91170,2378,112
1753500995,7,24690,91178,2376,112
1753501295,6,24894,91169,2374,112
1753501596,6,24946,91165,2373,111
1753501896,7,25498,91147,2371,110
1753502197,7,25472,91130,2370,112
1753502497,6,25055,91131,2368,110
1753502797,6,25847,91106,2366,112
1753503098,6,24337,91109,2365,112
1753503398,6,25231,91101,2363,112
1753503699,6,25497,91087,2362,110
1753503999,6,24800,91097,2361,112
1753504299,6,25742,91093,2360,110
1753504600,5,25869,91080,2359,112
1753504900,6,26315,91086,2358,110
1753505201,6,25946,91080,2357,112
1753505501,7,25764,91082,2355,112
1753505801,5,25757,91076,2354,112
1753506102,6,25431,91082,2352,112
1753506402,7,25740,91079,2351,112
1753506703,6,25807,91089,2350,110
1753507003,6,26197,91094,2348,112
1753507303,6,25595,91100,2347,112
1753507604,6,25841,91105,2346,112
1753507904,6,26176,91100,2344,112
1753508205,6,26760,91102,2343,110
1753508505,6,25170,91109,2341,112
1753508805,6,26493,91127,2340,111
1753509106,6,25992,91123,2339,110
1753509406,7,26757,91113,2339,110
1753509707,7,26423,91126,2338,111
1753510007,7,26001,91139,2337,112
1753510307,6,26383,91144,2337,111
1753510608,6,26703,91163,2337,111
1753510908,6,26393,91173,2336,112
1753511209,6,26321,91175,2336,110
1753511509,6,26436,91188,2336,111
1753511809,5,27011,91201,2337,111
1753512110,6,27377,91199,2337,111
1753512410,7,26575,91210,2338,111
1753512711,6,26595,91221,2338,111
1753513011,6,27249,91227,2339,111
1753513311,6,26951,91229,2339,111
1753513612,6,26790,91238,2340,110
1753513912,6,26592,91239,2341,111
1753514213,6,26415,91249,2342,110
1753514513,6,26516,91256,2343,110
1753514813,6,26551,91252,2344,111
1753515114,7,28099,91257,2345,111
1753515414,6,26965,91252,2346,111
1753515715,7,26769,91261,2348,110
1753516015,6,27061,91258,2350,109
1753516315,6,27105,91265,2352,111
1753516616,7,26873,91261,2354,110
1753516916,6,27634,91251,2358,110
1753517217,6,27833,91249,2362,109
1753517517,6,27006,91234,2367,110
1753517817,7,27372,91226,2372,109
1753518118,7,27231,91232,2378,111
1753518418,6,27648,91240,2382,110
1753518719,6,27448,91238,2386,110
1753519019,6,27495,91240,2389,111
1753519319,6,27414,91246,2393,109
1753519620,6,27657,91238,2397,109
1753519920,6,27580,91246,2402,109
1753520221,7,27602,91246,2407,109
1753520521,6,27446,91252,2412,110
1753520821,7,27583,91260,2418,110
1753521122,7,27798,91251,2426,109
1753521422,6,28145,91244,2436,110
1753521723,6,28068,91262,2449,109
1753522023,7,28640,91271,2464,109
1753522323,7,28154,91268,2479,109
1753522624,7,28426,91275,2495,109
1753522924,7,28313,91288,2507,109
1753523225,7,28160,91286,2519,110
1753523525,7,28586,91284,2531,109
1753523825,7,28151,91294,2539,108
1753524126,7,28405,91296,2544,111
1753524426,6,28392,91289,2544,109
1753524727,6,28323,91270,2544,109
1753525027,7,28230,91262,2544,111
1753525328,7,28383,91237,2546,109
1753525628,7,28503,91231,2550,110
1753525928,7,28470,91234,2555,109
1753526229,6,28558,91235,2561,109
1753526529,6,28698,91225,2570,109
1753526830,8,28443,91222,2584,109
1753527130,8,28347,91210,2600,109
1753527430,7,28544,91205,2616,108
1753527731,6,28617,91187,2630,109
1753528031,7,28713,91185,2643,109
1753528332,8,28765,91175,2656,108
1753528632,8,28722,91164,2671,109
1753528932,8,28615,91163,2686,109
1753529233,8,27613,91158,2700,108
1753529533,7,28822,91154,2707,109
1753529834,8,28758,91139,2710,109
1753530134,8,28776,91143,2712,109
1753530434,8,28745,91138,2708,109
1753530735,7,28332,91126,2703,108
1753531035,8,28777,91115,2701,109
1753531336,7,28096,91117,2699,108
1753531636,8,28754,91113,2698,109
1753531936,8,28794,91109,2697,109
1753532237,7,28900,91104,2698,108
1753532537,8,28932,91087,2700,109
1753532838,8,28850,91074,2701,109
1753533138,8,28890,91076,2704,108
1753533438,8,28904,91077,2705,109
1753533739,7,28908,91063,2706,108
1753534039,7,28796,91066,2706,108
1753534340,7,28949,91055,2708,108
1753534640,8,28919,91049,2709,108
1753534940,8,28896,91042,2708,111
1753535241,8,28660,91037,2707,109
1753535541,8,28809,91025,2706,108
1753535842,8,28696,91015,2706,108
1753536142,8,28872,91002,2705,111
1753536442,7,28849,90991,2703,109
1753536743,8,28869,90984,2702,108
1753537043,8,28828,90977,2700,108
1753537344,8,28841,90962,2698,109
1753537644,8,28478,90960,2698,108
1753537944,7,27964,90957,2700,108
1753538245,7,28512,90950,2703,111
1753538545,8,27975,90934,2708,109
1753538846,8,27723,90928,2712,108
1753539146,8,27777,90931,2712,108
1753539446,6,28021,90922,2712,109
1753539747,8,27680,90918,2710,108
1753540047,7,28052,90909,2707,108
1753540348,8,27843,90903,2706,108
1753540648,8,27808,90902,2706,108
1753540948,8,27767,90884,2706,111
1753541249,7,28217,90884,2706,108
1753541549,8,28609,90877,2708,111
1753541850,8,28547,90876,2709,109
1753542150,8,28568,90864,2710,109
1753542450,8,28569,90854,2709,108
1753542751,8,28496,90849,2708,108
1753543051,8,28515,90849,2707,109
1753543352,7,28556,90848,2706,108
1753543652,7,28475,90858,2704,109
1753543952,8,28372,90852,2700,108
1753544253,9,28462,90855,2696,108
1753544553,8,28147,90833,2691,109
1753544854,8,28342,90830,2686,108
1753545154,8,28184,90832,2681,108
1753545454,8,28238,90816,2680,108
1753545755,9,27889,90810,2680,108
1753546055,8,27790,90799,2681,109
1753546356,8,28052,90781,2686,108
1753546656,8,27647,90776,2691,111
1753546956,7,27691,90768,2693,111
1753547257,8,27425,90743,2689,109
1753547557,8,27334,90752,2686,108
1753547858,8,27306,90750,2683,108
1753548158,8,27269,90754,2684,108
1753548459,7,27322,90751,2684,108
1753548759,7,27263,90741,2679,108
1753549059,7,27322,90753,2674,108
1753549360,8,27291,90750,2672,108
1753549660,8,27328,90754,2670,108
1753549961,8,27426,90747,2668,109
1753550261,8,27335,90756,2666,108
1753550561,8,27319,90764,2662,108
1753550862,8,27513,90765,2658,108
1753551162,8,27370,90759,2655,108
1753551463,8,27376,90754,2652,108
1753551763,7,27373,90762,2649,109
1753552063,7,27417,90760,2646,109
1753552364,8,27472,90762,2643,108
1753552664,8,27406,90759,2640,108
1753552965,7,27441,90760,2638,111
1753553265,8,27477,90756,2635,108
1753553565,7,27443,90759,2630,108
1753553866,8,27394,90768,2627,109
1753554166,8,27337,90770,2623,110
1753554467,7,27401,90781,2619,108
1753554767,7,27443,90785,2616,108
1753555067,7,27336,90782,2612,108
1753555368,8,27334,90785,2608,109
1753555668,6,27315,90793,2603,108
1753555969,7,27239,90815,2599,109
1753556269,7,27353,90815,2595,108
1753556569,8,27233,90828,2591,109
1753556870,6,27206,90840,2587,109
1753557170,7,27194,90849,2584,108
1753557471,8,27188,90854,2580,108
1753557771,8,27187,90865,2577,109
1753558071,8,27194,90869,2573,108
1753558372,7,27168,90870,2569,108
1753558672,7,27082,90870,2565,108
1753558973,7,27129,90878,2561,108
1753559273,8,27087,90883,2557,108
1753559573,7,27030,90900,2553,108
1753559874,8,27051,90890,2550,108
1753560174,7,27024,90882,2544,108
1753560475,8,26981,90898,2541,109
1753560775,7,26967,90905,2538,108
1753561075,7,26984,90907,2535,109
1753561376,7,26945,90921,2533,109
1753561676,7,26902,90947,2531,108
1753561977,7,26962,90964,2529,109
1753562277,7,26885,90971,2526,108
1753562577,7,26857,90985,2523,108
1753562878,7,26914,90993,2520,109
1753563178,8,26813,91012,2519,108
1753563479,8,26901,91008,2517,108
1753563779,7,27016,91018,2515,108
1753564079,7,26861,91039,2513,108
1753564380,6,26786,91039,2511,108
1753564680,7,26760,91043,2509,108
1753564981,7,26736,91050,2507,108
1753565281,7,26825,91046,2505,108
1753565581,8,26729,91060,2503,108
1753565882,6,26734,91070,2501,108
1753566182,7,26848,91065,2499,108
1753566483,8,26789,91073,2497,108
1753566783,8,26783,91076,2495,108
1753567084,7,26808,91068,2493,108
1753567384,8,26751,91083,2492,108
1753567684,7,26708,91094,2489,108
1753567985,7,26707,91087,2487,109
1753568285,8,26726,91099,2486,109
1753568586,6,26695,91101,2483,109
1753568886,7,26639,91105,2482,108
1753569186,8,26649,91111,2480,108
1753569487,7,26601,91106,2479,108
1753569787,6,26566,91113,2476,108
1753570088,7,26511,91117,2475,108
1753570388,8,26539,91129,2473,109
1753570688,7,26503,91127,2471,109
1753570989,7,26508,91119,2469,108
1753571289,8,26448,91120,2468,109
1753571590,7,26457,91116,2465,108
1753571890,7,26457,91107,2464,108
1753572190,8,26360,91110,2462,108
1753572491,8,26438,91103,2460,109
1753572791,6,26617,91111,2459,109
1753573092,7,26522,91101,2457,108
1753573392,6,26386,91110,2455,108
1753573692,7,26420,91098,2453,108
1753573993,6,26383,91104,2452,109
1753574293,7,26440,91101,2450,108
1753574594,7,26371,91100,2448,109
1753574894,7,26339,91103,2446,108
1753575194,7,26338,91090,2445,108
1753575495,6,26363,91085,2443,108
1753575795,7,26524,91076,2441,108
1753576096,7,26405,91091,2440,109
1753576396,6,26348,91082,2438,108
1753576696,6,26365,91091,2436,108
1753576997,7,26388,91080,2435,109
1753577297,7,26262,91074,2433,108
1753577598,7,26225,91074,2431,109
1753577898,7,26421,91068,2430,108
1753578198,6,26287,91059,2428,108
1753578499,7,26124,91057,2427,108
1753578799,7,26127,91060,2425,108
1753579100,7,26145,91045,2424,109
1753579400,6,26159,91042,2422,108
1753579700,7,26178,91046,2420,109
1753580001,7,26142,91037,2418,108
1753580301,6,26088,91043,2417,109
1753580602,6,26158,91032,2416,109
1753580902,6,26124,91026,2414,108
1753581202,6,26073,91020,2412,108
1753581503,7,26018,91026,2411,109
1753581803,7,26012,91031,2410,108
1753582104,7,25953,91035,2408,109
1753582404,7,26024,91031,2406,108
1753582704,6,26022,91035,2405,108
1753583005,7,25978,91038,2404,109
1753583305,6,25989,91039,2402,108
1753583606,7,26029,91037,2400,109
1753583906,6,25990,91038,2398,108
1753584206,6,25957,91032,2397,109
1753584507,7,25923,91042,2395,109
1753584807,6,25949,91030,2393,109
1753585108,6,25906,91029,2392,109
1753585408,7,25927,91030,2390,109
1753585709,6,25953,91023,2389,109
1753586009,6,25878,91024,2388,108
1753586309,6,25896,91021,2386,108
1753586610,6,25855,91014,2385,108
1753586910,6,25932,91020,2384,108
1753587211,7,25871,91006,2383,108
1753587511,7,25800,91000,2381,108
1753587811,7,25837,91009,2380,109
1753588112,7,25798,91010,2378,108
1753588412,7,25744,91006,2377,108
1753588713,7,25745,91012,2376,108
1753589013,7,25737,91010,2374,108
1753589313,7,25795,91009,2374,108
1753589614,6,25849,91011,2372,108
1753589914,7,25793,90995,2371,109
1753590215,7,25710,90993,2370,109
1753590515,7,25658,90990,2369,108
1753590815,6,25697,90984,2368,109
1753591116,6,25751,90990,2367,109
1753591416,7,25649,90991,2366,109
1753591717,7,25698,90987,2364,109
1753592017,6,25704,90993,2363,109
1753592317,6,25613,91008,2361,109
1753592618,6,25621,91013,2359,108
1753592918,6,25631,91012,2358,108
1753593219,7,25738,91008,2356,108
1753593519,7,25593,91012,2354,108
1753593819,7,25599,91025,2353,109
1753594120,6,25545,91019,2351,108
1753594420,7,25594,91011,2350,108
1753594721,7,25561,91016,2347,108
1753595021,6,25405,91027,2346,108
1753595321,7,25410,91032,2344,109
1753595622,7,25483,91035,2343,109
1753595922,7,25435,91051,2342,107
1753596223,6,25454,91057,2341,109
1753596523,6,25413,91056,2339,109
1753596823,7,25377,91061,2339,108
1753597124,7,25266,91063,2338,108
1753597424,6,25325,91065,2337,109
1753597725,6,25288,91070,2337,109
1753598025,6,25272,91067,2337,108
1753598325,7,25227,91081,2336,108
1753598626,5,25262,91075,2337,108
1753598926,6,25159,91077,2337,109
1753599227,6,25186,91086,2337,109
1753599527,7,25188,91085,2338,109
1753599827,6,25127,91087,2338,109
1753600128,7,25178,91083,2339,108
1753600428,6,25100,91088,2340,108
1753600729,6,25140,91092,2340,109
1753601029,7,25057,91077,2341,109
1753601329,6,25047,91073,2341,107
1753601630,6,25008,91076,2342,107
1753601930,6,25037,91069,2343,107
1753602231,6,24934,91071,2345,107
1753602531,6,24827,91069,2346,108
1753602831,6,24833,91075,2348,108
1753603132,7,24853,91063,2350,108
1753603432,6,24858,91066,2352,107
1753603733,7,24836,91053,2354,107
1753604033,6,24835,91062,2356,109
1753604333,7,24859,91067,2358,107
1753604634,7,24891,91061,2359,107
1753604934,7,24807,91065,2362,107
1753605235,6,24781,91080,2364,107
1753605535,6,25008,91086,2368,106
1753605835,7,25055,91087,2371,106
1753606136,7,25004,91090,2375,107
1753606436,7,24911,91082,2378,107
1753606737,7,24941,91073,2382,107
1753607037,6,24883,91073,2385,107
1753607337,6,24924,91072,2388,106
1753607638,7,24868,91076,2392,107
1753607938,7,24922,91072,2395,107
1753608239,7,24789,91078,2399,107
1753608539,6,24837,91078,2402,107
1753608839,7,24754,91089,2405,107
1753609140,6,24815,91066,2408,107
1753609440,7,24457,91061,2411,107
1753609741,6,24470,91056,2414,106
1753610041,6,24393,91037,2417,107
1753610341,6,24323,91032,2420,107
1753610642,7,24308,91027,2423,106
1753610942,6,24202,91011,2426,106
1753611243,8,24209,91004,2429,106
1753611543,7,24177,91003,2432,107
1753611843,8,24111,91007,2435,106
1753612144,7,24071,91002,2438,106
1753612444,7,24021,91010,2442,107
1753612745,7,23958,91004,2446,106
1753613045,7,23989,90997,2449,106
1753613345,7,23871,90993,2453,107
1753613646,7,23824,90993,2457,106
1753613946,7,23777,91001,2461,107
1753614247,7,23733,91002,2465,106
1753614547,6,23699,91000,2469,106
1753614847,6,23652,90997,2474,106
1753615148,6,23572,90997,2477,106
1753615448,6,23462,90988,2481,106
1753615749,7,23412,91000,2484,107
1753616049,7,23394,91001,2488,106
1753616349,7,23273,91000,2491,106
1753616650,8,23308,91000,2494,106
1753616950,7,23196,90999,2497,106
1753617251,7,23096,90997,2500,106
1753617551,7,23085,90990,2503,106
1753617851,7,23004,90985,2506,106
1753618152,8,22847,90984,2509,106
1753618452,7,22779,90975,2512,106
1753618753,7,22694,90973,2515,106
1753619053,7,22568,90973,2519,106
1753619353,7,22553,90963,2524,106
1753619654,7,22436,90979,2529,106
1753619954,7,22316,90977,2533,106
1753620255,8,22283,90961,2538,106
1753620555,7,22184,90953,2543,106
1753620856,6,22079,90946,2546,106
1753621156,7,22020,90929,2549,106
1753621456,8,21889,90935,2552,106
1753621757,7,21829,90923,2554,106
1753622057,7,21706,90909,2556,106
1753622358,7,21629,90899,2557,106
1753622658,8,21553,90891,2559,106
1753622958,8,21434,90879,2562,106
1753623259,8,21318,90873,2565,106
1753623559,8,21211,90853,2569,106
1753623860,7,21117,90863,2573,106
1753624160,7,21034,90853,2576,106
1753624460,8,20906,90853,2581,106
1753624761,7,20827,90844,2586,107
1753625061,7,20689,90843,2593,106
1753625362,7,20566,90840,2602,106
1753625662,8,20470,90828,2611,107
1753625962,8,20394,90830,2623,107
1753626263,7,20292,90821,2633,106
1753626563,7,20205,90811,2643,107
1753626864,8,20126,90793,2655,106
1753627164,8,20035,90786,2668,107
1753627464,8,19953,90779,2679,106
1753627765,8,19848,90758,2689,106
1753628065,8,19768,90742,2698,106
1753628366,9,19688,90742,2704,106
1753628666,8,19599,90731,2711,107
1753628966,8,19511,90722,2716,106
1753629267,8,19427,90709,2718,107
1753629567,8,19320,90705,2720,106
1753629868,7,19213,90697,2720,106
1753630168,8,19114,90692,2721,106
1753630468,7,19010,90696,2722,107
1753630769,7,18899,90690,2725,106
1753631069,9,18798,90675,2728,106
1753631370,8,18690,90661,2732,106
1753631670,8,18576,90657,2736,106
1753631970,8,18475,90646,2740,106
1753632271,9,18375,90645,2743,106
1753632571,7,18267,90637,2747,106
1753632872,7,18174,90629,2751,106
1753633172,7,18072,90621,2755,106
1753633472,9,17979,90626,2758,106
1753633773,8,17880,90626,2761,107
1753634073,9,17785,90616,2762,106
1753634374,8,17722,90623,2757,106
1753634674,9,17543,90662,2750,106
1753634974,9,17241,90637,2743,106
1753635275,9,17222,90634,2738,106
1753635575,9,17259,90639,2734,106
1753635876,7,17244,90651,2731,106
1753636176,8,17261,90630,2728,106
1753636476,8,17248,90641,2725,107
1753636777,8,17227,90638,2723,107
1753637077,8,17213,90636,2721,105
1753637378,8,17183,90634,2721,105
1753637678,8,17174,90632,2720,106
1753637978,9,17159,90640,2717,106
1753638279,7,17136,90652,2714,105
1753638579,8,17116,90660,2709,105
1753638880,7,17089,90653,2702,106
1753639180,8,17065,90656,2696,106
1753639481,8,17040,90667,2691,107
1753639781,7,17011,90664,2685,106
1753640081,7,16988,90687,2679,105
1753640382,8,16954,90691,2673,105
1753640682,8,16930,90702,2666,106
1753640983,8,16914,90710,2661,105
1753641283,7,16882,90717,2655,105
1753641583,8,16857,90721,2649,105
1753641884,8,16821,90731,2642,107
1753642184,8,16792,90743,2635,105
1753642485,8,16765,90748,2629,105
1753642785,8,16733,90754,2623,105
1753643085,8,16702,90767,2617,105
1753643386,8,16679,90779,2611,107
1753643686,7,16644,90794,2605,107
1753643987,7,16611,90812,2599,106
1753644287,7,16565,90813,2592,104
1753644587,7,16521,90823,2585,105
1753644888,7,16483,90828,2578,105
1753645188,8,16450,90837,2572,105
1753645489,7,16414,90837,2567,107
1753645789,7,16388,90845,2563,105
1753646089,7,16347,90855,2558,105
1753646390,8,16315,90849,2552,104
1753646690,8,16280,90855,2546,105
1753646991,7,16247,90863,2543,104
1753647291,8,16224,90876,2539,105
1753647591,7,16195,90875,2536,105
1753647892,7,16181,90884,2532,105
1753648192,7,16154,90887,2528,104
1753648493,6,16135,90903,2524,107
1753648793,7,16114,90899,2520,104
1753649093,7,16098,90920,2516,104
1753649394,7,16088,90963,2512,104
1753649694,8,16082,90955,2509,104
1753649995,7,16078,90952,2506,107
1753650295,7,16076,90953,2503,104
1753650595,7,16056,90952,2498,104
1753650896,7,16041,90955,2494,105
1753651196,8,16042,90960,2491,104
1753651497,7,16018,90969,2489,104
1753651797,7,16009,90984,2486,104
1753652097,8,15989,90996,2484,104
1753652398,7,15980,90998,2481,105
1753652698,7,15978,91004,2478,105
1753652999,7,15958,91009,2475,104
1753653299,7,15936,91011,2472,105
1753653599,7,15930,91021,2469,104
1753653900,8,15934,91022,2467,104
1753654200,7,15898,91031,2465,105
1753654501,7,15894,91034,2463,105
1753654801,8,15893,91036,2461,104
1753655101,7,15875,91027,2460,104
1753655402,7,15859,91030,2458,104
1753655702,7,15858,91017,2457,104
1753656003,7,15837,91024,2455,104
1753656303,7,15826,91026,2453,104
1753656603,7,15821,91017,2452,104
1753656904,6,15777,91020,2450,105
1753657204,8,15774,91022,2449,104
1753657505,8,15752,91017,2447,104
1753657805,6,15731,91022,2445,105
1753658105,7,15715,91014,2444,104
1753658406,6,15723,91015,2442,107
1753658706,7,15695,91003,2440,104
1753659007,7,15684,91011,2439,105
1753659307,7,15662,91004,2437,105
1753659607,6,15644,91010,2436,104
1753659908,7,15617,91012,2434,105
1753660208,6,15603,90995,2432,104
1753660509,8,15588,91000,2431,104
1753660809,7,15562,91005,2429,104
1753661109,7,15551,90996,2427,104
1753661410,7,15527,91001,2425,104
1753661710,7,15513,91001,2424,104
1753662011,6,15498,91001,2421,104
1753662311,7,15479,91002,2419,104
1753662612,7,15466,91002,2416,104
1753662912,7,15435,91008,2415,104
1753663212,6,15429,91005,2412,106
1753663513,7,15401,91008,2410,104
1753663813,7,15375,91009,2409,104
1753664114,7,15360,91053,2406,104
1753664414,7,15363,91089,2406,104
1753664714,6,15367,91114,2403,104
1753665015,7,15336,91107,2400,105
1753665315,6,15337,91111,2396,104
1753665616,6,15318,91104,2393,104
1753665916,6,15326,91125,2390,104
1753666216,7,15324,91136,2387,104
1753666517,7,15343,91175,2384,104
1753666817,7,15342,91238,2381,104
1753667118,6,15515,91301,2379,104
1753667418,7,15490,91370,2375,104
1753667718,6,15724,91422,2372,105
1753668019,7,15945,91443,2369,104
1753668319,6,16254,91503,2366,104
1753668620,7,16420,91615,2362,105
1753668920,7,16240,91685,2358,105
1753669220,7,16235,91722,2352,105
1753669521,7,16356,91766,2347,104
1753669821,6,16468,91835,2343,105
1753670122,7,17227,91969,2340,107
1753670422,7,8645,92199,2338,104
1753670722,7,9141,92480,2336,105
1753671023,6,11162,92862,2332,104
1753671323,7,9201,93041,2320,105
1753671624,6,14773,93310,2320,105
1753671924,6,14858,93390,2321,104
1753672224,6,20007,93263,2325,107
1753672525,6,21238,93409,2322,105
1753672825,7,23991,93336,2312,105
1753673126,6,18075,93439,2306,105
1753673426,6,20448,93449,2304,107
1753673726,7,14489,93569,2304,104
1753674027,7,14679,93675,2309,105
1753674327,7,9296,94192,2318,107
1753674628,7,9045,93691,2316,105
1753674928,7,9015,93271,2306,104
1753675228,7,8648,93672,2297,105
1753675529,6,8240,93518,2290,104
1753675829,7,7955,93277,2286,107
1753676130,6,8136,92943,2283,105
1753676430,7,8309,93155,2280,105
1753676730,6,8455,93142,2277,105
1753677031,6,8855,92817,2273,105
1753677331,6,8964,93202,2270,105
1753677632,6,8745,92733,2267,105
1753677932,6,8408,93270,2265,104
1753678232,7,8207,92992,2263,105
1753678533,6,7799,92937,2262,106
1753678833,7,8971,93211,2261,105
1753679134,6,8209,93087,2260,105
1753679434,7,8269,92782,2259,105
1753679734,7,7812,92794,2257,105
1753680035,6,7282,92829,2257,105
1753680335,7,7406,92887,2256,104
1753680636,7,16576,92715,2256,107
1753680936,7,17865,92790,2255,105
1753681236,5,20213,92620,2253,105
1753681537,6,18833,92725,2253,105
1753681837,6,16362,92588,2252,105
1753682138,5,20121,92541,2252,105
1753682438,6,11491,92541,2251,105
1753682738,6,16067,92536,2250,104
1753683039,6,15294,92486,2250,105
1753683339,7,10416,92475,2250,105
1753683640,7,17020,92447,2249,105
1753683940,5,9916,92427,2250,104
1753684240,7,14683,92410,2249,104
1753684541,6,13948,92407,2249,104
1753684841,6,18096,92363,2249,105
1753685142,7,12222,92312,2249,105
1753685442,7,17098,92388,2248,105
1753685742,6,11690,92328,2248,104
1753686043,6,13881,92362,2248,104
1753686343,6,12354,92401,2247,105
1753686644,7,11296,92435,2247,105
1753686944,6,10672,92395,2248,104
1753687244,6,14305,92510,2248,105
1753687545,5,15744,92558,2249,105
1753687845,6,13348,92591,2250,104
1753688146,6,15475,92594,2251,105
1753688446,6,11151,92635,2252,105
1753688746,6,12567,92657,2252,104
1753689047,7,13446,92615,2253,105
1753689347,6,16559,92781,2254,105
1753689648,6,11453,92691,2255,104
1753689948,6,18317,92761,2256,105
1753690248,6,20044,92934,2257,105
1753690549,6,17791,92868,2257,105
1753690849,6,16930,92826,2256,105
1753691150,5,21156,92924,2256,105
1753691450,6,17926,92917,2257,105
1753691750,6,15233,92629,2256,105
1753692051,7,8453,93028,2256,105
1753692351,6,4427,92840,2255,105
1753692652,6,4337,92868,2258,105
1753692952,6,4313,92900,2259,104
1753693252,7,4357,92864,2261,105
1753693553,6,4358,93231,2263,105
1753693853,6,4361,92893,2265,105
1753694154,6,4552,93185,2267,104
1753694454,7,5040,93231,2271,104
1753694754,6,5705,93182,2276,105
1753695055,6,5828,93300,2278,105
1753695355,7,5348,93377,2276,105
1753695656,7,5057,93373,2275,105
1753695956,6,4946,93089,2274,105
1753696257,7,4875,93298,2274,105
1753696557,7,4840,93482,2275,105
1753696857,6,4963,93438,2276,105
1753697158,5,4630,93441,2277,104
1753697458,6,4746,93083,2279,105
1753697759,6,4485,93361,2280,105
1753698059,7,4566,93037,2282,104
1753698359,6,4839,93464,2283,105
1753698660,7,4688,93125,2284,104
1753698960,7,5058,93106,2286,105
1753699261,6,5521,93039,2288,104
1753699561,7,5511,92530,2290,104
1753699861,7,5442,93277,2292,105
1753700162,7,5229,93232,2294,105
1753700462,6,4985,92949,2297,105
1753700763,6,4817,93161,2300,104
1753701063,6,4694,92836,2302,105
1753701363,6,4912,92842,2305,104
1753701664,6,5097,92846,2307,105
1753701964,6,4618,92916,2310,104
1753702265,6,4513,92586,2312,104
1753702565,7,4521,92866,2314,104
1753702865,7,4490,92871,2317,104
1753703166,6,4500,92973,2319,104
1753703466,7,4498,92578,2322,105
1753703767,6,4428,92849,2324,104
1753704067,6,4399,92482,2326,104
1753704367,7,4275,92335,2329,104
1753704668,7,4268,92762,2332,104
1753704968,7,4278,92628,2335,104
1753705269,7,4160,92788,2338,105
1753705569,6,4086,92554,2341,104
1753705869,7,4527,92369,2344,104
1753706170,7,4063,92482,2347,104
1753706470,7,4040,92398,2349,104
1753706771,7,3963,92297,2353,104
1753707071,6,3991,92476,2355,103
1753707371,7,3930,92506,2359,103
1753707672,7,3976,92308,2362,104
1753707972,6,3978,92322,2366,104
1753708273,7,4006,92416,2369,104
1753708573,7,4185,92412,2374,104
1753708873,6,3949,92363,2378,104
1753709174,8,3912,92322,2381,104
1753709474,7,3872,92199,2383,105
1753709775,7,3894,92154,2385,104
1753710075,7,3805,92170,2386,104
1753710375,6,3791,92244,2386,104
1753710676,6,3750,92027,2387,104
1753710976,6,3816,92246,2388,104
1753711277,6,3834,92272,2389,104
1753711577,6,3760,92144,2391,104
1753711877,6,3912,92082,2392,104
1753712178,7,3751,92252,2393,103
1753712478,7,3650,91993,2395,105
1753712779,6,3604,92188,2396,104
1753713079,7,3557,92149,2397,103
1753713379,7,3550,92121,2399,102
1753713680,7,3653,92114,2400,103
1753713980,7,3798,92165,2403,102
1753714281,7,3953,92138,2405,103
1753714581,7,3849,92236,2408,105
1753714881,7,3728,92193,2410,102
1753715182,7,3788,92154,2413,103
1753715482,7,3673,92148,2415,103
1753715783,7,3611,92283,2417,103
1753716083,8,3632,92331,2418,103
1753716383,7,3771,92320,2420,103
1753716684,7,3773,92358,2422,103
1753716984,7,3889,92306,2425,103
1753717285,7,4077,92194,2428,102
1753717585,6,4169,92306,2430,103
1753717885,7,4155,92283,2434,103
1753718186,6,4045,92340,2438,103
1753718486,7,3961,92000,2440,103
1753718787,8,3892,92219,2441,103
1753719087,8,3788,92108,2441,102
1753719387,8,3671,91910,2441,103
1753719688,8,3695,92034,2442,103
1753719988,7,3648,92105,2441,103
1753720289,8,3623,92166,2441,103
1753720589,8,3636,92020,2440,103
1753720889,6,3626,92096,2439,103
1753721190,7,3649,92098,2439,102
1753721490,7,3591,92034,2437,103
1753721791,7,3594,92052,2436,102
1753722091,7,3578,92050,2434,102
1753722391,7,3578,92140,2433,102
1753722692,7,3566,91987,2431,103
1753722992,7,3556,91986,2430,102
1753723293,7,3510,92065,2429,102
1753723593,6,3612,92010,2428,102
1753723893,7,3552,92072,2427,103
1753724194,7,3527,91940,2426,102
1753724494,7,3587,91912,2426,103
1753724795,7,3492,91954,2424,102
1753725095,7,4123,92103,2423,102
1753725395,7,3680,92139,2422,103
1753725696,7,3598,92043,2420,103
1753725996,6,3563,92115,2418,102
1753726297,8,3522,92197,2416,102
1753726597,8,3505,92167,2415,102
1753726897,7,3713,92162,2413,103
1753727198,6,3883,92161,2413,103
1753727498,7,3789,92241,2412,103
1753727799,7,3755,92250,2411,103
1753728099,8,3638,92189,2410,102
1753728400,7,3598,92267,2410,102
1753728700,7,3588,92222,2408,102
1753729000,8,3585,92205,2407,103
1753729301,7,3510,92213,2404,102
1753729601,7,3859,92282,2402,103
1753729902,7,3645,92255,2400,103
1753730202,7,3558,92209,2398,103
1753730502,7,3519,92371,2396,102
1753730803,7,3491,92392,2394,103
1753731103,7,3499,92468,2393,103
1753731404,8,3521,92489,2393,103
1753731704,7,3530,92546,2391,102
1753732004,8,3523,92370,2389,102
1753732305,8,3548,92436,2387,102
1753732605,7,3529,92443,2385,102
1753732906,7,3520,92467,2383,102
1753733206,6,3491,92486,2381,103
1753733506,6,3536,92491,2378,101
1753733807,7,3552,92345,2375,103
1753734107,7,3511,92398,2373,102
1753734408,7,3515,92273,2370,103
1753734708,7,3501,92353,2368,102
1753735008,7,3521,92360,2365,103
1753735309,6,3562,92244,2363,101
1753735609,7,3581,92332,2360,103
1753735910,8,3684,92344,2358,103
1753736210,6,3790,92372,2355,103
1753736510,7,3930,92288,2353,103
1753736811,6,4055,92275,2351,103
1753737111,7,4045,92315,2349,101
1753737412,7,4154,92338,2346,101
1753737712,6,4175,92179,2344,103
1753738012,6,4213,92159,2341,101
1753738313,6,4215,92070,2339,103
1753738613,6,4255,92251,2336,101
1753738914,7,4160,92228,2333,101
1753739214,8,4103,92255,2331,103
1753739514,7,4133,92226,2329,101
1753739815,6,4043,92209,2326,103
1753740115,6,4029,92163,2324,101
1753740416,6,4057,92201,2321,101
1753740716,6,4029,92200,2319,102
1753741016,7,4005,92088,2317,103
1753741317,6,4069,92139,2315,103
1753741617,7,4045,92207,2312,101
1753741918,6,4063,92154,2309,103
1753742218,7,4032,92159,2307,103
1753742518,7,4011,92185,2305,103
1753742819,5,3992,91991,2303,101
1753743119,7,4045,92056,2300,103
1753743420,6,3944,92105,2298,103
1753743720,6,3888,92130,2295,101
1753744020,7,3889,92143,2294,101
1753744321,6,3862,92136,2292,103
1753744621,6,3818,92100,2290,103
1753744922,7,3803,92045,2288,101
1753745222,6,3784,92083,2286,101
1753745522,7,3728,92067,2284,103
1753745823,7,3783,92109,2282,101
1753746123,7,3784,92090,2280,103
1753746424,6,3771,92052,2278,103
1753746724,6,3724,92081,2276,101
1753747024,7,3764,92054,2275,101
1753747325,6,3753,92050,2273,103
1753747625,6,3758,92031,2271,101
1753747926,6,3813,91995,2269,103
1753748226,6,3790,91990,2268,101
1753748526,6,3746,91970,2266,101
1753748827,6,3774,91982,2265,101
1753749127,6,3811,91935,2263,103
1753749428,6,3852,91963,2262,101
1753749728,7,3965,91958,2261,101
1753750028,7,3880,91908,2259,101
1753750329,6,3903,91904,2258,101
1753750629,6,3897,91916,2257,101
1753750930,6,3968,91938,2255,103
1753751230,6,3931,91915,2254,101
1753751530,6,4015,91901,2253,101
1753751831,6,4073,91898,2251,103
1753752131,6,4034,91850,2250,103
1753752432,6,4059,91905,2248,101
1753752732,7,4074,91853,2247,101
1753753032,7,4049,91833,2246,101
1753753333,6,3973,91872,2244,101
1753753633,7,4849,91896,2243,103
1753753934,7,4037,91907,2242,103
1753754234,6,4032,91866,2241,103
1753754534,6,4077,91892,2240,101
1753754835,6,4077,91863,2239,103
1753755135,6,4004,91843,2239,103
1753755436,7,4030,91866,2237,101
1753755736,7,4066,91847,2237,103
1753756037,7,3982,91816,2236,101
1753756337,6,4016,91796,2236,101
1753756637,6,3969,91871,2235,103
1753756938,6,3999,91868,2234,101
1753757238,7,4004,91821,2234,101
1753757539,6,4007,91831,2233,103
1753757839,6,3972,91800,2233,101
1753758139,6,4017,91822,2232,101
1753758440,6,3989,91746,2231,101
1753758740,6,3991,91797,2231,101
1753759041,6,3955,91788,2230,103
1753759341,6,4000,91766,2230,103
1753759641,6,4003,91769,2229,101
1753759942,6,3997,91804,2228,101
1753760242,6,3958,91771,2227,101
1753760543,6,3996,91734,2226,101
1753760843,6,4003,91745,2226,103
1753761143,6,3999,91769,2225,101
1753761444,6,3993,91755,2223,100
1753761744,5,4002,91718,2223,103
1753762045,7,4010,91731,2223,101
1753762345,6,4002,91741,2222,103
1753762645,6,3949,91761,2221,101
1753762946,7,4011,91725,2221,101
1753763246,6,4031,91719,2220,101
1753763547,6,4037,91733,2219,101
1753763847,6,4004,91733,2219,101
1753764147,6,4019,91735,2218,101
1753764448,6,4010,91767,2217,101
1753764748,5,4039,91746,2217,101
1753765049,7,4083,91732,2216,103
1753765349,6,4077,91683,2215,102
1753765649,6,4079,91697,2216,102
1753765950,7,4048,91717,2215,101
1753766250,7,4075,91721,2214,103
1753766551,8,4088,91746,2213,101
1753766851,9,4206,91707,2213,101
1753767151,15,4122,91726,2212,100
1753767452,21,4104,91707,2211,101
1753767752,26,4196,91731,2211,101
1753768053,34,4166,91710,2210,101
1753768353,51,4147,91743,2210,101
1753768653,70,4143,91715,2209,101
1753768954,74,4199,91745,2209,101
1753769254,60,4225,91727,2209,101
1753769555,43,4277,91731,2209,101
1753769855,54,4277,91745,2210,101
1753770155,72,4285,91749,2211,100
1753770456,87,4243,91783,2211,101
1753770756,106,4248,91753,2211,100
1753771057,104,4354,91755,2212,101
1753771357,136,4297,91796,2213,100
1753771657,165,4316,91757,2213,101
1753771958,191,4360,91761,2214,101
1753772258,123,4356,91780,2215,100
1753772559,154,4323,91799,2216,102
1753772859,145,4355,91792,2217,101
1753773159,164,4351,91778,2218,100
1753773460,214,4392,91809,2219,100
1753773760,233,4329,91780,2220,101
1753774061,211,4439,91816,2221,100
1753774361,188,4443,91822,2222,100
1753774661,176,4526,91815,2224,100
1753774962,226,4487,91812,2225,100
1753775262,210,4519,91801,2227,101
1753775563,158,4554,91832,2228,100
1753775863,132,4621,91815,2230,101
1753776163,154,4532,91835,2232,100
1753776464,203,4736,91817,2234,101
1753776764,282,4677,91851,2238,101
1753777065,269,4694,91858,2243,101
1753777365,348,4714,91839,2249,101
1753777665,416,4629,91850,2254,101
1753777966,345,4731,91840,2259,101
1753778266,466,4723,91826,2264,101
1753778567,401,4836,91816,2269,101
1753778867,368,4837,91857,2273,101
1753779167,401,4745,91843,2276,100
1753779468,458,4923,91835,2279,101
1753779768,510,4951,91829,2282,100
1753780069,514,4907,91833,2285,101
1753780369,463,4984,91820,2288,100
1753780669,482,4969,91832,2292,100
1753780970,651,5003,91829,2296,100
1753781270,494,5029,91833,2300,100
1753781571,598,4942,91809,2303,101
1753781871,584,4997,91840,2306,101
1753782171,703,5044,91812,2309,100
1753782472,639,5086,91812,2314,100
1753782772,744,5055,91817,2318,100
1753783073,696,5084,91801,2323,100
1753783373,582,5061,91800,2328,101
1753783673,635,5094,91804,2332,100
1753783974,1184,5075,91780,2336,101
1753784274,2331,5045,91753,2341,98
1753784575,2095,5181,91776,2349,98
1753784875,2059,5116,91775,2359,100
1753785175,1858,5120,91760,2367,98
1753785476,1033,5217,91761,2375,100
1753785776,1201,5236,91745,2386,100
1753786077,846,5256,91743,2395,100
1753786377,1402,5263,91742,2404,98
1753786678,2030,5295,91725,2411,99
1753786978,1409,5233,91729,2420,101
1753787278,1587,5313,91704,2428,101
1753787579,1100,5223,91725,2437,101
1753787879,1173,5351,91706,2446,99
1753788180,1624,5298,91681,2453,98
1753788480,1783,5294,91674,2461,101
1753788780,1075,5323,91700,2468,98
1753789081,5848,5399,91689,2474,101
1753789381,5384,5366,91622,2484,100
1753789682,2870,5430,91646,2498,100
1753789982,1408,5407,91672,2515,98
1753790282,546,5492,91637,2524,98
1753790583,1041,5573,91624,2526,99
1753790883,831,5440,91619,2531,101
1753791184,409,5466,91606,2536,100
1753791484,614,5412,91620,2538,100
1753791784,460,5562,91606,2533,99
1753792085,875,5543,91585,2528,99
1753792385,428,5516,91610,2528,101
1753792686,527,5510,91611,2528,101
1753792986,610,5513,91588,2527,99
1753793286,467,5531,91597,2524,99
1753793587,588,5533,91580,2522,99
1753793887,1226,5559,91592,2521,99
1753794188,1017,5555,91577,2524,99
1753794488,462,5514,91571,2532,98
1753794788,276,5594,91542,2539,98
1753795089,199,5550,91526,2541,98
1753795389,60,5536,91534,2540,99
1753795690,30,5553,91536,2539,99
1753795990,36,5595,91527,2539,98
1753796290,35,5770,91536,2537,99
1753796591,135,5681,91543,2535,98
1753796891,332,5746,91499,2531,99
1753797192,365,5740,91519,2533,98
1753797492,771,5772,91504,2537,99
1753797792,768,5700,91509,2542,99
1753798093,444,5726,91476,2546,98
1753798393,348,5665,91488,2547,99
1753798694,746,5812,91470,2548,98
1753798994,705,5741,91492,2553,99
1753799294,639,5698,91480,2558,99
1753799595,313,5717,91512,2563,99
1753799895,220,5761,91499,2561,99
1753800196,141,5834,91530,2557,98
1753800496,178,5867,91453,2556,99
1753800796,274,5943,91463,2557,99
1753801097,347,5851,91474,2561,98
1753801397,189,5900,91480,2564,98
1753801698,236,5869,91513,2561,99
1753801998,86,5927,91517,2557,99
1753802298,270,5786,91539,2554,98
1753802599,341,5894,91539,2556,98
1753802899,397,5865,91576,2561,99
1753803200,356,5894,91546,2562,98
1753803500,279,5974,91530,2561,98
1753803800,283,5877,91520,2560,99
1753804101,361,5980,91520,2559,98
1753804401,337,5856,91498,2559,99
1753804702,240,5918,91471,2558,98
1753805002,86,6030,91463,2558,98
1753805302,30,6157,91463,2558,98
1753805603,16,6236,91421,2557,98
1753805903,11,6181,91419,2557,99
1753806204,10,6676,91416,2556,98
1753806504,12,7034,91409,2555,98
1753806804,13,6905,91380,2554,98
1753807105,11,7154,91397,2553,98
1753807405,12,7438,91397,2552,98
1753807706,13,7960,91387,2549,98
1753808006,20,7030,91400,2546,98
1753808306,30,7617,91407,2545,98
1753808607,32,7587,91412,2543,98
1753808907,37,7806,91403,2541,98
1753809208,78,7411,91397,2539,99
1753809508,84,7433,91417,2537,98
1753809808,86,6821,91417,2535,98
1753810109,88,6492,91431,2534,98
1753810409,106,6571,91404,2532,98
1753810710,54,6638,91414,2530,98
1753811010,49,6754,91402,2528,98
1753811310,44,6860,91414,2526,98
1753811611,24,6844,91428,2524,98
1753811911,26,6980,91429,2522,99
1753812212,57,6820,91420,2520,98
1753812512,58,6928,91418,2518,98
1753812813,50,6925,91440,2516,98
1753813113,32,6897,91430,2514,98
1753813413,16,6851,91446,2512,98
1753813714,26,6860,91453,2510,98
1753814014,20,6892,91443,2509,98
1753814315,15,7000,91446,2506,98
1753814615,9,6947,91447,2504,99
1753814915,9,7091,91461,2502,98
1753815216,9,7012,91462,2499,99
1753815516,7,7005,91449,2497,98
1753815817,7,7111,91458,2494,98
1753816117,8,7179,91475,2491,98
1753816417,7,7086,91476,2489,98
1753816718,8,6850,91488,2486,98
1753817018,7,7198,91481,2484,98
1753817319,7,7126,91520,2481,98
1753817619,7,7188,91652,2479,98
1753817919,8,6764,91758,2476,98
1753818220,7,6689,91772,2473,98
1753818520,7,6490,91814,2470,98
1753818821,8,6323,91806,2468,99
1753819121,7,6169,91798,2467,97
1753819421,8,6101,91793,2469,98
1753819722,8,5943,91799,2472,99
1753820022,7,6139,91785,2473,98
1753820323,7,6423,91760,2474,98
1753820623,7,6498,91755,2473,99
1753820923,7,6455,91740,2473,98
1753821224,8,6645,91728,2472,98
1753821524,7,6428,91717,2470,98
1753821825,8,6648,91711,2469,97
1753822125,8,6841,91734,2467,98
1753822425,7,6756,91733,2465,98
1753822726,8,6255,91721,2463,97
1753823026,8,6171,91721,2462,97
1753823327,8,6809,91718,2459,97
1753823627,8,6676,91708,2457,99
1753823927,8,6706,91674,2454,98
1753824228,6,6760,91709,2452,99
1753824528,7,6569,91721,2450,97
1753824829,8,6588,91736,2448,97
1753825129,8,6617,91762,2446,97
1753825429,8,6484,91744,2444,97
1753825730,7,6691,91755,2442,99
1753826030,7,6666,91756,2440,97
1753826331,8,7041,91733,2438,97
1753826631,7,7023,91706,2437,98
1753826931,7,6952,91700,2436,97
1753827232,7,6756,91719,2435,98
1753827532,8,6748,91718,2434,97
1753827833,8,6878,91701,2432,97
1753828133,8,6713,91718,2430,97
1753828433,7,6771,91676,2428,97
1753828734,7,6859,91704,2425,97
1753829034,7,6880,91687,2423,97
1753829335,8,7018,91662,2420,97
1753829635,6,6888,91688,2418,97
1753829935,7,7227,91689,2415,97
1753830236,7,6580,91687,2412,97
1753830536,9,6780,91682,2410,97
1753830837,8,7111,91657,2407,97
1753831137,7,7163,91649,2404,97
1753831437,8,7217,91657,2401,97
1753831738,7,7127,91654,2398,99
1753832038,8,7109,91644,2395,97
1753832339,6,6958,91641,2393,98
1753832639,8,6955,91653,2391,97
1753832939,7,7278,91631,2388,97
1753833240,7,7487,91626,2386,97
1753833540,7,6985,91624,2384,97
1753833841,7,7278,91629,2381,96
1753834141,6,7464,91622,2379,97
1753834442,7,7222,91615,2377,97
1753834742,7,7968,91607,2375,97
1753835042,8,7699,91605,2373,97
1753835343,7,7821,91602,2371,96
1753835643,7,8101,91591,2368,97
1753835944,7,8111,91610,2366,97
1753836244,6,7919,91577,2363,96
1753836544,6,8518,91593,2361,97
1753836845,7,8446,91570,2359,96
1753837145,7,8434,91574,2357,96
1753837446,7,8143,91565,2355,96
1753837746,7,8460,91557,2353,97
1753838046,7,8185,91550,2351,96
1753838347,7,8588,91553,2348,96
1753838647,8,8672,91520,2346,97
1753838948,6,8863,91536,2344,96
1753839248,8,9229,91522,2342,96
1753839548,7,9086,91527,2340,99
1753839849,6,9121,91533,2338,97
1753840149,6,8655,91520,2336,96
1753840450,7,8784,91522,2334,96
1753840750,6,8616,91527,2332,96
1753841050,7,8756,91512,2330,97
1753841351,6,8730,91517,2328,96
1753841651,6,9364,91506,2327,96
1753841952,7,8987,91496,2325,97
1753842252,7,8909,91475,2323,96
1753842552,6,8569,91487,2321,96
1753842853,7,9134,91485,2319,96
1753843153,6,9217,91489,2318,97
1753843454,7,9073,91498,2317,99
1753843754,7,9378,91489,2316,96
1753844054,6,8844,91505,2314,96
1753844355,6,9185,91502,2313,97
1753844655,7,9256,91501,2311,97
1753844956,8,9435,91507,2310,97
1753845256,6,9053,91500,2308,96
1753845556,7,9387,91487,2307,96
1753845857,7,9200,91494,2306,96
1753846157,7,8675,91506,2305,98
1753846458,6,9188,91492,2303,97
1753846758,7,9162,91481,2301,96
1753847058,7,9371,91501,2300,96
1753847359,7,9135,91497,2299,96
1753847659,7,9124,91492,2298,96
1753847960,6,9580,91484,2296,96
1753848260,7,9207,91486,2295,96
1753848560,6,9621,91488,2294,96
1753848861,7,9732,91492,2292,96
1753849161,7,9895,91489,2291,96
1753849462,7,9919,91468,2289,96
1753849762,6,9553,91454,2288,97
1753850062,7,9560,91470,2287,96
1753850363,7,9301,91460,2285,96
1753850663,7,9895,91468,2284,97
1753850964,6,9287,91471,2283,97
1753851264,7,9793,91472,2282,97
1753851564,7,9793,91468,2281,96
1753851865,7,9759,91457,2279,96
1753852165,7,9494,91458,2278,97
1753852466,8,9608,91455,2277,96
1753852766,7,9325,91490,2275,97
1753853066,8,9699,91489,2274,96
1753853367,9,9504,91469,2273,96
1753853667,11,9695,91492,2271,96
1753853968,13,9733,91493,2270,97
1753854268,16,9817,91498,2269,96
1753854568,20,9971,91502,2269,97
1753854869,20,9714,91525,2267,97
1753855169,31,9539,91518,2267,97
1753855470,38,9876,91527,2266,96
1753855770,54,9796,91535,2266,96
1753856070,52,9748,91536,2265,96
1753856371,55,9794,91535,2265,97
1753856671,63,9414,91538,2265,95
1753856972,63,9539,91544,2265,97
1753857272,90,9551,91545,2265,97
1753857572,71,9327,91535,2265,97
1753857873,108,9725,91545,2265,96
1753858173,150,9707,91554,2266,97
1753858474,203,8989,91560,2267,97
1753858774,245,9466,91569,2268,96
1753859074,136,10196,91567,2269,97
1753859375,337,9775,91558,2272,97
1753859675,153,9601,91575,2277,96
1753859976,146,8113,91582,2280,97
1753860276,229,9334,91574,2281,97
1753860576,118,9635,91580,2284,97
1753860877,132,9761,91579,2288,97
1753861177,132,8487,91584,2291,97
1753861478,248,9966,91573,2293,97
1753861778,293,9587,91573,2295,97
1753862078,287,9297,91585,2298,97
1753862379,331,9304,91590,2302,97
1753862679,311,9727,91578,2305,95
1753862980,915,9885,91581,2308,97
1753863280,351,9517,91583,2312,97
1753863580,526,9623,91601,2316,97
1753863881,526,9643,91618,2320,97
1753864181,665,9977,91594,2324,96
1753864482,450,9759,91614,2330,96
1753864782,246,9728,91613,2338,97
1753865082,210,10381,91632,2343,96
1753865383,213,9753,91619,2346,96
1753865683,232,10048,91644,2349,97
1753865984,237,9716,91635,2354,96
1753866284,321,9495,91638,2360,97
1753866584,288,9956,91628,2367,97
1753866885,466,9205,91639,2372,97
1753867185,425,9865,91645,2376,97
1753867486,345,9646,91633,2380,96
1753867786,305,9867,91645,2387,96
1753868086,463,9852,91651,2395,97
1753868387,397,9507,91643,2406,97
1753868687,478,10145,91645,2415,97
1753868988,428,9917,91658,2421,94
1753869288,291,10122,91649,2426,95
1753869589,615,9318,91645,2432,94
1753869889,364,9669,91642,2438,94
1753870189,341,9811,91635,2444,94
1753870490,303,10196,91628,2452,94
1753870790,432,9062,91617,2459,95
1753871091,437,9899,91620,2465,95
1753871391,300,10150,91589,2471,94
1753871691,449,10030,91597,2477,94
1753871992,445,9984,91578,2482,94
1753872292,359,10459,91575,2488,95
1753872593,348,10418,91569,2492,94
1753872893,129,10478,91553,2495,95
1753873193,202,10150,91544,2497,94
1753873494,119,10175,91525,2499,96
1753873794,165,10253,91523,2499,95
1753874095,115,10389,91528,2499,95
1753874395,54,9988,91538,2498,95
1753874695,42,9684,91524,2497,95
1753874996,17,10304,91521,2494,95
1753875296,21,10482,91524,2491,95
1753875597,44,10340,91534,2488,95
1753875897,158,10339,91536,2485,95
1753876197,1276,10453,91533,2484,96
1753876498,301,10650,91527,2491,96
1753876798,301,10260,91512,2500,95
1753877099,1515,10793,91527,2504,95
1753877399,1071,10763,91506,2508,95
1753877699,1116,10013,91501,2513,95
1753878000,378,9791,91487,2525,96
1753878300,247,10286,91478,2539,96
1753878601,198,10637,91468,2548,96
1753878901,700,10649,91459,2552,96
1753879201,622,10755,91442,2557,96
1753879502,462,10495,91450,2567,94
1753879802,377,10424,91448,2584,96
1753880103,481,10478,91448,2601,94
1753880403,356,10872,91442,2607,96
1753880703,186,10696,91441,2610,96
1753881004,90,10542,91428,2613,96
1753881304,82,10650,91433,2614,94
1753881605,139,10735,91413,2618,95
1753881905,136,10421,91409,2622,94
1753882205,169,10835,91409,2629,94
1753882506,209,10386,91408,2634,94
1753882806,228,9317,91400,2638,95
1753883107,290,11028,91389,2640,94
1753883407,204,12282,91383,2641,94
1753883707,319,11183,91379,2644,94
1753884008,244,10348,91377,2650,94
1753884308,210,11244,91368,2655,94
1753884609,288,10969,91365,2659,94
1753884909,364,10888,91357,2660,94
1753885209,430,10918,91353,2661,94
1753885510,405,11277,91347,2663,94
1753885810,411,11039,91338,2669,94
1753886111,396,10951,91325,2675,94
1753886411,349,11044,91307,2680,94
1753886711,292,10976,91303,2681,94
1753887012,106,11781,91313,2677,94
1753887312,266,11230,91300,2672,94
1753887613,283,11180,91293,2669,94
1753887913,195,11411,91300,2668,94
1753888213,228,10914,91300,2673,94
1753888514,296,11363,91317,2682,94
1753888814,329,10649,91316,2688,94
1753889115,272,11906,91315,2691,94
1753889415,242,11729,91305,2693,94
1753889716,265,11353,91296,2691,94
1753890016,201,10577,91296,2692,94
1753890316,200,11084,91312,2693,94
1753890617,141,11187,91284,2692,94
1753890917,187,11535,91276,2690,94
1753891218,195,11327,91248,2688,94
1753891518,89,11133,91249,2687,94
1753891818,89,11672,91238,2686,94
1753892119,142,11332,91234,2685,94
1753892419,130,11510,91224,2685,94
1753892720,116,11325,91212,2684,94
1753893020,118,11720,91227,2681,94
1753893320,93,11002,91223,2677,94
1753893621,92,11843,91226,2671,94
1753893921,106,11717,91228,2666,94
1753894222,51,11901,91228,2663,94
1753894522,47,11787,91231,2662,94
1753894822,46,12332,91297,2660,94
1753895123,54,7176,92177,2656,94
1753895423,15,6619,92207,2645,94
1753895724,14,5283,92184,2630,94
1753896024,10,5371,92227,2613,94
1753896324,8,5724,92134,2604,94
1753896625,9,5214,92208,2600,94
1753896925,8,5069,92087,2598,94
1753897226,9,4928,92095,2598,93
1753897526,9,4951,92059,2602,93
1753897826,11,4926,92017,2608,93
1753898127,11,4993,91955,2616,93
1753898427,10,5015,91919,2623,93
1753898728,9,5009,91881,2630,93
1753899028,9,5390,91890,2635,93
1753899328,10,5384,91864,2638,93
1753899629,9,5397,91872,2640,93
1753899929,8,5570,91797,2640,93
1753900230,8,6260,91804,2637,93
1753900530,9,6362,91811,2634,93
1753900830,9,5830,91734,2629,93
1753901131,8,6084,91724,2623,93
1753901431,9,6373,91746,2617,93
1753901732,9,6212,91736,2610,93
1753902032,8,6380,91741,2604,93
1753902332,8,6826,91753,2597,93
1753902633,8,7576,91749,2590,93
1753902933,9,7637,91739,2581,93
1753903234,8,7743,91717,2573,93
1753903534,8,7950,91719,2565,93
1753903834,7,8395,91719,2558,93
1753904135,9,8640,91724,2551,93
1753904435,8,9242,91710,2544,93
1753904736,8,9331,91724,2537,93
1753905036,8,9408,91734,2530,93
1753905336,7,9530,91729,2524,93
1753905637,8,10813,91734,2518,93
1753905937,8,10321,91727,2513,92
1753906238,8,10404,91724,2508,92
1753906538,8,11157,91736,2503,92
1753906838,8,10364,91741,2499,92
1753907139,7,10945,91755,2495,92
1753907439,8,12531,91758,2491,92
1753907740,9,11595,91750,2486,92
1753908040,8,11856,91742,2483,92
1753908341,7,11610,91755,2480,92
1753908641,8,13201,91762,2476,92
1753908941,7,11654,92510,2469,92
1753909242,9,8572,92763,2461,92
1753909542,8,8904,92718,2461,92
1753909843,8,8917,92745,2460,92
1753910143,9,9585,92529,2459,92
1753910443,8,8741,92611,2456,92
1753910744,8,8692,92558,2452,92
1753911044,8,7887,92595,2446,92
1753911345,8,7807,92559,2436,92
1753911645,8,7194,92487,2428,92
1753911945,9,7076,92463,2421,92
1753912246,8,7466,92468,2414,92
1753912546,7,7289,92502,2406,92
1753912847,8,8082,92481,2398,92
1753913147,7,8379,92428,2391,92
1753913447,8,9359,92546,2384,92
1753913748,8,9867,92482,2377,92
1753914048,7,10784,92447,2369,92
1753914349,7,11363,92469,2362,92
1753914649,7,12248,92430,2354,92
1753914949,6,13022,92434,2346,92
1753915250,7,13555,92360,2339,92
1753915550,7,13101,92302,2333,92
1753915851,8,13559,92357,2327,92
1753916151,7,13714,92328,2322,92
1753916451,8,12537,92301,2318,92
1753916752,7,12278,92294,2315,92
1753917052,7,12744,92246,2312,92
1753917353,7,11429,92277,2310,92
1753917653,7,13249,92258,2308,92
1753917953,6,11452,92198,2306,92
1753918254,7,11306,92193,2304,92
1753918554,8,10464,92120,2303,92
1753918855,8,12006,92127,2302,92
1753919155,7,10318,92110,2301,92
1753919455,7,13765,92118,2300,92
1753919756,7,9431,92099,2299,92
1753920056,6,9332,92068,2299,92
1753920357,6,10575,92000,2298,92
1753920657,7,13107,92012,2298,92
1753920957,7,9046,92015,2297,92
1753921258,7,8939,91978,2297,92
1753921558,7,9748,91982,2296,92
1753921859,7,8358,91958,2296,92
1753922159,7,9090,91886,2296,92
1753922459,8,8386,91937,2296,92
1753922760,7,10321,91930,2296,92
1753923060,7,12125,91904,2296,92
1753923361,7,8586,91876,2295,92
1753923661,7,9749,91874,2295,92
1753923961,7,13442,91841,2294,92
1753924262,7,7244,91864,2294,92
1753924562,7,7594,91822,2293,92
1753924863,7,7088,91816,2293,92
1753925163,8,7100,91822,2293,92
1753925463,8,6811,91800,2292,92
1753925764,8,7623,91769,2292,92
1753926064,6,7354,91735,2291,92
1753926365,7,7335,91721,2291,92
1753926665,7,7887,91730,2290,92
1753926965,7,6847,91713,2289,92
1753927266,6,8858,91718,2289,92
1753927566,7,7515,91695,2288,92
1753927867,7,6394,91671,2287,92
1753928167,7,6876,91653,2286,92
1753928467,8,7182,91643,2285,92
1753928768,6,11132,91649,2284,92
1753929068,8,6625,91637,2283,92
1753929369,7,6021,91620,2282,92
1753929669,6,6178,91625,2281,92
1753929969,7,13718,91608,2280,92
1753930270,7,5909,91587,2279,92
1753930570,6,9079,91565,2278,92
1753930871,7,7373,91566,2277,92
1753931171,6,5803,91574,2276,92
1753931471,6,9176,91562,2275,92
1753931772,7,5986,91544,2274,92
1753932072,7,6223,91525,2273,92
1753932373,7,8704,91538,2272,92
1753932673,6,6779,91530,2270,92
1753932973,7,9622,91527,2270,92
1753933274,7,5492,91512,2269,92
1753933574,7,5776,91510,2268,92
1753933875,7,5485,91511,2267,92
1753934175,7,5661,91500,2266,92
1753934475,7,6013,91496,2265,92
1753934776,7,6619,91481,2264,92
1753935076,7,5718,91466,2263,92
1753935377,7,5455,91456,2262,92
1753935677,7,5363,91470,2261,92
1753935977,7,5350,91483,2259,92
1753936278,7,5605,91475,2258,92
1753936578,6,5338,91462,2258,92
1753936879,7,5452,91467,2257,92
1753937179,8,6338,91449,2255,92
1753937479,7,14991,91440,2254,92
1753937780,6,7898,91460,2253,92
1753938080,8,5448,91459,2253,92
1753938381,7,5363,91447,2251,92
1753938681,7,5361,91452,2250,92
1753938981,7,5658,91443,2249,92
1753939282,8,5308,91445,2248,92
1753939582,8,5252,91449,2247,92
1753939883,7,9438,91439,2246,92
1753940183,8,5280,91472,2245,92
1753940483,8,5411,91455,2244,92
1753940784,9,5762,91461,2243,92
1753941084,10,5566,91474,2242,92
