If found, please contact tlang@live.unc.edu
Firmware updated: 2023/03/14
OpenOBS SN:303

time,ambient_light,backscatter,pressure,water_temp,battery
1750032037,21,13219,4501,27289,418
1750032337,21,13224,4499,27289,408
1750032637,21,13239,4501,27289,406
1750032937,21,13252,4498,27289,408
1750033237,20,13245,4498,27289,408
1750033537,21,13239,4502,27289,408
1750033837,21,13242,4499,27289,407
1750034137,21,13244,4500,27289,407
1750034437,20,13247,4500,27289,408
1750034737,21,13240,4499,27289,408
1750035037,20,13245,4499,27289,409
1750035337,21,13250,4498,27289,408
1750035637,21,13254,4499,27289,406
1750035937,21,13250,4499,27289,407
1750036237,21,13258,4500,27289,407
1750036537,20,13258,4500,27289,407
1750036837,21,13254,4499,27289,407
1750037137,21,13259,4498,27289,408
1750037437,21,13250,4499,27289,408
1750037737,21,13254,4500,27289,407
1750038037,21,13257,4498,27289,407
1750038337,20,13258,4498,27289,408
1750038637,21,13259,4499,27289,407
1750038937,21,13269,4499,27289,407
1750039237,21,13274,4499,27289,408
1750039537,20,13268,4500,27289,406
1750039837,21,13273,4500,27289,408
1750040137,21,13271,4500,27289,408
1750040437,21,13272,4500,27289,408
1750040737,21,13272,4500,27289,408
1750041037,20,13280,4500,27289,408
1750041337,21,13276,4499,27289,408
1750041637,21,13267,4499,27289,408
1750041937,21,13277,4499,27289,408
1750042237,21,13278,4500,27289,408
1750042537,21,13277,4498,27289,408
1750042837,21,13272,4500,27289,408
1750043137,21,13276,4499,27289,408
1750043437,21,13275,4498,27289,407
1750043737,21,13278,4499,27289,407
1750044037,21,13276,4498,27289,408
1750044337,21,13280,4497,27289,407
1750044637,20,13281,4500,27289,407
1750044937,21,13277,4498,27289,407
1750045237,21,13281,4499,27289,408
1750045537,21,13282,4500,27289,409
1750045837,20,13283,4499,27289,408
1750046137,21,13281,4501,27289,407
1750046437,21,13282,4499,27289,407
1750046737,21,13282,4498,27289,408
1750047037,21,13273,4498,27289,408
1750047337,20,13282,4499,27289,408
1750047637,21,13279,4501,27289,407
1750047937,21,13285,4499,27289,407
1750048237,22,13284,4499,27289,407
1750048537,21,13280,4499,27289,407
1750048837,21,13280,4498,27289,407
1750049137,21,13278,4497,27289,407
1750049437,21,13280,4496,27289,408
1750049737,21,13277,4499,27289,410
1750050037,21,13281,4499,27289,410
1750050337,22,13279,4500,27289,407
1750050637,20,13282,4500,27289,409
1750050937,21,13293,4503,27289,409
1750051237,21,13281,4500,27289,409
1750051537,21,13284,4501,27289,409
1750051837,20,13278,4497,27289,409
1750052137,21,13282,4500,27289,410
1750052437,21,13283,4501,27289,407
1750052737,21,13283,4499,27289,408
1750053037,21,13287,4497,27289,408
1750053337,20,13276,4498,27289,409
1750053637,21,13283,4500,27289,408
1750053937,21,13283,4500,27289,408
1750054237,20,13278,4499,27289,409
1750054537,20,13291,4500,27289,409
1750054837,20,13292,4499,27289,408
1750055137,20,13283,4499,27289,408
1750055437,20,13292,4499,27289,409
1750055737,21,13283,4502,27289,409
1750056037,21,13286,4499,27289,409
1750056337,21,13289,4498,27289,410
1750056637,19,13286,4499,27289,409
1750056937,20,13291,4498,27289,408
1750057237,21,13286,4499,27289,409
1750057537,21,13292,4499,27289,409
1750057837,20,13298,4501,27289,410
1750058137,21,13296,4500,27289,407
1750058437,20,13297,4500,27289,407
1750058737,21,13296,4499,27289,410
1750059037,20,13293,4499,27289,410
1750059337,21,13297,4501,27289,407
1750059637,21,13298,4498,27289,408
1750059937,19,13300,4499,27289,408
1750060237,20,13303,4498,27289,408
1750060537,20,13302,4497,27289,411
1750060837,21,13305,4498,27289,409
1750061137,20,13306,4498,27289,411
1750061437,20,13301,4499,27289,409
1750061737,21,13303,4499,27289,407
1750062037,20,13306,4499,27289,408
1750062337,21,13308,4498,27289,411
1750062637,21,13314,4498,27289,408
1750062937,21,13327,4498,27289,411
1750063237,21,13319,4501,27289,408
1750063537,20,13330,4498,27289,409
1750063837,21,13326,4499,27289,409
1750064137,21,13333,4500,27289,411
1750064437,21,13336,4498,27289,409
1750064737,21,13327,4499,27289,410
1750065037,21,13327,4498,27289,410
1750065337,21,13326,4500,27289,408
1750065637,22,13332,4499,27289,410
1750065937,21,13334,4499,27289,408
1750066237,21,13330,4499,27289,410
1750066537,21,13336,4497,27289,410
1750066837,21,13337,4500,27289,408
1750067137,21,13336,4498,27289,407
1750067437,21,13339,4498,27289,408
1750067737,21,13343,4497,27289,408
1750068037,21,13344,4501,27289,410
1750068337,21,13349,4500,27289,409
1750068637,21,13351,4500,27289,410
1750068937,22,13358,4499,27289,410
1750069237,22,13346,4499,27289,410
1750069537,22,13352,4498,27289,410
1750069837,21,13348,4497,27289,410
1750070137,22,13357,4499,27289,408
1750070437,21,13358,4500,27289,410
1750070737,22,13357,4500,27289,410
1750071037,23,13364,4498,27289,408
1750071337,22,13364,4498,27289,410
1750071637,23,13365,4499,27289,411
1750071937,22,13375,4501,27289,409
1750072237,22,13376,4498,27289,411
1750072537,23,13382,4497,27289,408
1750072837,22,13374,4498,27289,409
1750073137,22,13383,4498,27289,409
1750073437,22,13381,4499,27289,409
1750073737,23,13375,4499,27289,410
1750074037,23,13383,4500,27289,410
1750074337,23,13381,4500,27289,410
1750074637,23,13393,4500,27289,409
1750074937,23,13385,4499,27289,410
1750075237,24,13401,4499,27289,410
1750075537,23,13398,4500,27289,410
1750075837,22,13399,4498,27289,410
1750076137,24,13397,4499,27289,410
1750076437,24,13400,4498,27289,410
1750076737,23,13415,4498,27289,409
1750077037,24,13422,4499,27289,410
1750077337,24,13417,4502,27289,410
1750077637,24,13423,4500,27289,409
1750077937,24,13426,4499,27289,410
1750078237,25,13433,4499,27289,409
1750078537,25,13429,4498,27289,410
1750078837,25,13436,4501,27289,410
1750079137,25,13439,4498,27289,410
1750079437,25,13440,4500,27289,409
1750079737,25,13442,4499,27289,409
1750080037,25,13450,4498,27289,410
1750080337,26,13455,4499,27289,410
1750080637,25,13457,4500,27289,410
1750080937,26,13456,4498,27289,409
1750081237,26,13457,4500,27289,409
1750081537,26,13467,4499,27289,409
1750081837,26,13472,4501,27289,410
1750082137,26,13474,4501,27289,410
1750082437,26,13482,4497,27289,410
1750082737,26,13484,4498,27289,410
1750083037,27,13485,4501,27289,411
1750083337,26,13491,4497,27289,410
1750083637,27,13490,4499,27289,410
1750083937,27,13487,4500,27289,411
1750084237,25,13489,4496,27289,410
1750084537,26,13476,4501,27289,410
1750084837,25,13486,4500,27289,410
1750085137,25,13479,4498,27289,410
1750085437,26,13493,4499,27289,410
1750085737,25,13491,4498,27289,409
1750086037,25,13479,4498,27289,410
1750086337,25,13478,4499,27289,410
1750086637,25,13480,4499,27289,410
1750086937,25,13489,4499,27289,410
1750087237,24,13489,4498,27289,411
1750087537,24,13487,4498,27289,410
1750087837,24,13480,4500,27289,411
1750088137,25,13486,4497,27289,410
1750088437,25,13493,4498,27289,410
1750088737,25,13493,4499,27289,410
1750089037,25,13488,4500,27289,412
1750089337,25,13491,4499,27289,411
1750089637,25,13497,4499,27289,410
1750089937,24,13487,4500,27289,410
1750090237,25,13500,4499,27289,411
1750090537,25,13488,4498,27289,410
1750090837,24,13503,4500,27289,410
1750091137,25,13495,4498,27289,410
1750091437,25,13499,4501,27289,411
1750091737,26,13506,4500,27289,411
1750092037,25,13507,4499,27289,410
1750092337,24,13505,4500,27289,411
1750092637,26,13508,4499,27289,410
1750092937,25,13519,4498,27289,410
1750093237,25,13512,4499,27289,411
1750093537,26,13512,4502,27289,410
1750093837,26,13515,4499,27289,411
1750094137,26,13513,4502,27289,411
1750094437,25,13517,4500,27289,410
1750094737,26,13519,4499,27289,410
1750095037,26,13522,4499,27289,410
1750095337,26,13524,4498,27289,410
1750095637,26,13525,4498,27289,411
1750095937,26,13527,4501,27289,409
1750096237,25,13521,4500,27289,410
1750096537,26,13529,4499,27289,410
1750096837,26,13539,4498,27289,412
1750097137,26,13533,4498,27289,411
1750097437,25,13535,4498,27289,411
1750097737,26,13529,4500,27289,412
1750098037,26,13531,4498,27289,411
1750098337,26,13542,4499,27289,411
1750098637,26,13545,4499,27289,411
1750098937,26,13531,4500,27289,412
1750099237,26,13537,4500,27289,411
1750099537,26,13541,4499,27289,411
1750099837,26,13536,4499,27289,411
1750100137,26,13537,4498,27289,412
1750100437,26,13539,4498,27289,411
1750100737,26,13533,4498,27289,411
1750101037,26,13541,4498,27289,412
1750101337,26,13549,4500,27289,411
1750101637,26,13536,4500,27289,413
1750101937,26,13545,4498,27289,412
1750102237,25,13553,4500,27289,411
1750102537,25,13548,4501,27289,412
1750102837,26,13540,4499,27289,412
1750103137,27,13548,4500,27289,413
1750103437,26,13548,4499,27289,411
1750103737,26,13547,4498,27289,412
1750104037,25,13552,4501,27289,412
1750104337,25,13548,4500,27289,412
1750104637,25,13555,4499,27289,412
1750104937,26,13556,4500,27289,412
1750105237,25,13555,4500,27289,411
1750105537,25,13556,4500,27289,411
1750105837,26,13549,4499,27289,411
1750106137,26,13546,4499,27289,411
1750106437,26,13554,4500,27289,412
1750106737,25,13553,4499,27289,412
1750107037,26,13553,4497,27289,413
1750107337,25,13554,4501,27289,410
1750107637,26,13560,4498,27289,412
1750107937,26,13556,4500,27289,410
1750108237,25,13557,4501,27289,413
1750108537,25,13554,4499,27289,411
1750108837,26,13558,4499,27289,410
1750109137,25,13555,4499,27289,411
1750109437,26,13097,4500,27289,411
1750109737,25,13321,4498,27289,413
1750110037,25,13312,4499,27289,413
1750110337,26,13314,4500,27289,413
1750110637,25,13306,4500,27289,413
1750110937,24,13311,4498,27289,413
1750111237,25,13311,4500,27289,413
1750111537,25,13310,4499,27289,412
1750111837,26,13306,4500,27289,411
1750112137,25,13319,4499,27289,412
1750112437,25,13322,4500,27289,412
1750112737,25,13319,4499,27289,411
1750113037,25,13322,4499,27289,412
1750113337,24,13317,4501,27289,413
1750113637,25,13327,4500,27289,412
1750113937,26,13327,4500,27289,413
1750114237,25,13324,4498,27289,411
1750114537,25,13148,4498,27289,411
1750114837,25,13147,4499,27289,411
1750115137,24,13148,4498,27289,413
1750115437,24,13152,4497,27289,411
1750115737,24,13153,4499,27289,411
1750116037,25,13151,4499,27289,411
1750116337,25,13150,4498,27289,411
1750116637,24,13154,4499,27289,411
1750116937,25,13154,4498,27289,411
1750117237,24,13154,4498,27289,411
1750117537,25,13157,4498,27289,411
1750117837,25,13159,4501,27289,413
1750118137,25,13152,4499,27289,413
