If found, please contact tlang@live.unc.edu
Firmware updated: 2023/03/14
OpenOBS SN:303

time,ambient_light,backscatter,pressure,water_temp,battery
1753315471,49,5902,4498,27289,418
1753315771,49,5898,4498,27289,406
1753316071,49,5901,4498,27289,407
1753316371,48,5894,4497,27289,407
1753316671,48,5892,4497,27289,407
1753316971,48,5886,4497,27289,408
1753317271,48,5892,4499,27289,408
1753317571,48,5884,4499,27289,407
1753317871,47,5878,4497,27289,408
1753318171,48,5877,4498,27289,407
1753318471,48,5870,4499,27289,408
1753318771,48,5873,4498,27289,408
1753319071,47,5871,4496,27289,408
1753319371,48,5870,4498,27289,407
1753319671,48,5870,4498,27289,407
1753319971,48,5867,4499,27289,408
1753320271,48,5865,4499,27289,408
1753320571,48,5864,4499,27289,408
1753320871,48,5853,4501,27289,408
1753321171,47,5852,4499,27289,408
1753321471,48,5854,4498,27289,407
1753321771,47,5853,4499,27289,407
1753322071,47,5855,4496,27289,407
1753322371,47,5850,4499,27289,407
1753322671,47,5847,4497,27289,409
1753322971,47,5850,4498,27289,409
1753323271,48,5842,4500,27289,409
1753323571,47,5838,4496,27289,409
1753323871,48,5836,4499,27289,409
1753324171,47,5833,4498,27289,407
1753324471,47,5836,4498,27289,410
1753324771,47,5836,4498,27289,409
1753325071,47,5831,4498,27289,408
1753325371,47,5829,4498,27289,410
1753325671,48,5825,4496,27289,408
1753325971,48,5826,4500,27289,408
1753326271,47,5824,4497,27289,409
1753326571,47,5821,4499,27289,409
1753326871,47,5819,4497,27289,409
1753327171,47,5816,4498,27289,409
1753327471,47,5815,4497,27289,409
1753327771,47,5814,4499,27289,409
1753328071,47,5814,4498,27289,409
1753328371,47,5814,4498,27289,407
1753328671,47,5808,4499,27289,408
1753328971,47,5810,4498,27289,410
1753329271,48,5801,4495,27289,409
1753329571,47,5806,4499,27289,408
1753329871,47,5810,4498,27289,408
1753330171,47,5801,4498,27289,407
1753330471,47,5796,4499,27289,407
1753330771,48,5798,4498,27289,407
1753331071,46,5798,4500,27289,409
1753331371,47,5795,4497,27289,409
1753331671,47,5794,4498,27289,409
1753331971,47,5794,4499,27289,409
1753332271,47,5789,4500,27289,409
1753332571,47,5786,4497,27289,409
1753332871,47,5790,4499,27289,408
1753333171,47,5790,4499,27289,409
1753333471,46,5785,4499,27289,408
1753333771,47,5785,4497,27289,407
1753334071,47,5782,4498,27289,409
1753334371,47,5781,4498,27289,409
1753334671,47,5777,4497,27289,409
1753334971,46,5778,4500,27289,409
1753335271,47,5779,4497,27289,409
1753335571,46,5773,4499,27289,408
1753335871,47,5772,4497,27289,409
1753336171,46,5769,4498,27289,409
1753336471,47,5767,4499,27289,408
1753336771,46,5761,4497,27289,408
1753337071,47,5763,4498,27289,409
1753337371,47,5767,4499,27289,410
1753337671,48,5759,4499,27289,409
1753337971,47,5763,4499,27289,409
1753338271,48,5755,4498,27289,409
1753338571,48,5758,4496,27289,407
1753338871,48,5760,4499,27289,409
1753339171,47,5754,4498,27289,407
1753339471,48,5751,4498,27289,409
1753339771,47,5751,4498,27289,408
1753340071,48,5754,4497,27289,409
1753340371,49,5750,4497,27289,410
1753340671,48,5753,4498,27289,410
1753340971,49,5747,4499,27289,410
1753341271,48,5748,4499,27289,409
1753341571,48,5740,4499,27289,409
1753341871,49,5742,4497,27289,410
1753342171,49,5737,4498,27289,409
1753342471,49,5738,4499,27289,409
1753342771,50,5742,4499,27289,409
1753343071,49,5735,4500,27289,410
1753343371,49,5737,4498,27289,410
1753343671,49,5737,4496,27289,408
1753343971,50,5737,4499,27289,409
1753344271,50,5731,4496,27289,410
1753344571,50,5737,4497,27289,408
1753344871,50,5732,4498,27289,410
1753345171,50,5731,4499,27289,409
1753345471,51,5727,4501,27289,409
1753345771,52,5725,4498,27289,410
1753346071,52,5725,4499,27289,409
1753346371,51,5726,4498,27289,410
1753346671,51,5721,4498,27289,410
1753346971,53,5717,4500,27289,409
1753347271,53,5720,4498,27289,409
1753347571,53,5716,4498,27289,409
1753347871,53,5716,4497,27289,409
1753348171,54,5717,4499,27289,410
1753348471,54,5717,4496,27289,410
1753348771,54,5711,4497,27289,410
1753349071,55,5714,4499,27289,411
1753349371,55,5713,4497,27289,409
1753349671,55,5712,4499,27289,409
1753349971,56,5712,4498,27289,409
1753350271,56,5715,4499,27289,409
1753350571,56,5706,4499,27289,409
1753350871,56,5704,4498,27289,409
1753351171,57,5707,4496,27289,410
1753351471,57,5702,4498,27289,410
1753351771,57,5703,4498,27289,411
1753352071,59,5703,4498,27289,409
1753352371,58,5703,4498,27289,409
1753352671,59,5705,4500,27289,409
1753352971,59,5704,4497,27289,410
1753353271,60,5698,4496,27289,412
1753353571,60,5702,4498,27289,410
1753353871,61,5697,4498,27289,409
1753354171,61,5693,4497,27289,410
1753354471,62,5693,4499,27289,411
1753354771,62,5691,4496,27289,410
1753355071,62,5694,4498,27289,411
1753355371,63,5692,4496,27289,411
1753355671,63,5688,4496,27289,409
1753355971,64,5692,4495,27289,411
1753356271,65,5684,4497,27289,410
1753356571,65,5687,4499,27289,411
1753356871,66,5686,4496,27289,411
1753357171,66,5684,4498,27289,406
1753357471,66,5681,4495,27289,411
1753357771,67,5678,4497,27289,410
1753358071,67,5677,4497,27289,410
1753358371,68,5680,4497,27289,406
1753358671,68,5679,4499,27289,409
1753358971,69,5677,4496,27289,409
1753359271,70,5678,4496,27289,411
1753359571,70,5673,4497,27289,411
1753359871,70,5670,4497,27289,409
1753360171,71,5672,4496,27289,409
1753360471,70,5676,4498,27289,410
1753360771,71,5671,4497,27289,412
1753361071,71,5667,4498,27289,412
1753361371,70,5662,4495,27289,411
1753361671,70,5661,4498,27289,411
1753361971,69,5657,4497,27289,411
1753362271,70,5656,4497,27289,410
1753362571,69,5652,4497,27289,410
1753362871,69,5652,4497,27289,410
1753363171,69,5647,4497,27289,410
1753363471,69,5648,4498,27289,411
1753363771,68,5640,4498,27289,412
1753364071,69,5639,4496,27289,411
1753364371,68,5642,4496,27289,410
1753364671,69,5640,4497,27289,412
1753364971,68,5636,4497,27289,412
1753365271,70,5632,4496,27289,412
1753365571,69,5637,4497,27289,411
1753365871,70,5631,4496,27289,410
1753366171,70,5632,4496,27289,412
1753366471,70,5625,4497,27289,412
1753366771,70,5627,4498,27289,412
1753367071,70,5629,4494,27289,412
1753367371,70,5631,4496,27289,412
1753367671,70,5625,4496,27289,412
1753367971,71,5623,4497,27289,410
1753368271,72,5620,4497,27289,410
1753368571,72,5620,4495,27289,413
1753368871,72,5620,4495,27289,410
1753369171,71,5613,4497,27289,410
1753369471,71,5612,4496,27289,410
1753369771,70,5614,4496,27289,410
1753370071,70,5612,4499,27289,410
1753370371,70,5611,4498,27289,411
1753370671,71,5615,4499,27289,412
1753370971,70,5607,4496,27289,411
1753371271,69,5603,4496,27289,411
1753371571,70,5598,4495,27289,412
1753371871,69,5598,4497,27289,412
1753372171,69,5597,4497,27289,412
1753372471,69,5591,4495,27289,410
1753372771,69,5594,4495,27289,412
1753373071,70,5595,4498,27289,412
1753373371,70,5585,4497,27289,413
1753373671,70,5582,4495,27289,410
1753373971,70,5582,4497,27289,412
1753374271,70,5578,4497,27289,410
1753374571,70,5573,4494,27289,414
1753374871,70,5568,4496,27289,411
1753375171,70,5571,4499,27289,413
1753375471,69,5565,4498,27289,410
1753375771,68,5562,4496,27289,410
1753376071,68,5561,4498,27289,412
1753376371,67,5556,4496,27289,412
1753376671,67,5561,4498,27289,410
1753376971,66,5557,4497,27289,414
1753377271,66,5555,4497,27289,412
1753377571,65,5556,4498,27289,412
1753377871,66,5547,4498,27289,412
1753378171,64,5546,4498,27289,412
1753378471,65,5546,4498,27289,411
1753378771,65,5548,4496,27289,412
1753379071,63,5542,4497,27289,412
1753379371,63,5540,4498,27289,412
1753379671,64,5540,4497,27289,411
1753379971,63,5536,4497,27289,412
1753380271,63,5540,4500,27289,412
1753380571,62,5537,4496,27289,412
1753380871,63,5530,4496,27289,411
1753381171,62,5536,4497,27289,410
1753381471,62,5536,4498,27289,412
1753381771,62,5527,4498,27289,411
1753382071,62,5530,4497,27289,412
1753382371,62,5525,4499,27289,413
1753382671,62,5522,4498,27289,413
1753382971,61,5524,4498,27289,413
1753383271,61,5528,4497,27289,412
1753383571,61,5518,4498,27289,412
1753383871,61,5522,4498,27289,413
1753384171,61,5521,4498,27289,411
1753384471,61,5519,4499,27289,411
1753384771,61,5518,4499,27289,412
1753385071,60,5516,4497,27289,412
1753385371,61,5510,4500,27289,411
1753385671,60,5507,4499,27289,411
1753385971,60,5509,4497,27289,414
1753386271,60,5514,4498,27289,413
1753386571,59,5509,4498,27289,411
1753386871,58,5507,4497,27289,411
1753387171,59,5505,4498,27289,412
1753387471,59,5505,4497,27289,411
1753387771,58,5498,4499,27289,412
1753388071,58,5506,4498,27289,411
1753388371,59,5500,4498,27289,411
1753388671,60,5503,4498,27289,411
1753388971,58,5499,4499,27289,412
1753389271,58,5496,4499,27289,411
1753389571,57,5498,4498,27289,411
1753389871,58,5497,4499,27289,411
1753390171,58,5496,4499,27289,411
1753390471,59,5495,4499,27289,413
1753390771,58,5491,4497,27289,413
1753391071,57,5491,4497,27289,411
1753391371,58,5484,4496,27289,412
1753391671,57,5488,4497,27289,411
1753391971,57,5491,4500,27289,412
1753392271,57,5487,4498,27289,412
1753392571,56,5483,4499,27289,414
1753392871,57,5487,4499,27289,414
1753393171,57,5479,4500,27289,413
1753393471,57,5476,4497,27289,411
1753393771,57,5479,4499,27289,411
1753394071,57,5478,4498,27289,412
1753394371,56,5477,4498,27289,411
1753394671,57,5479,4496,27289,413
1753394971,56,5477,4498,27289,412
1753395271,57,5473,4499,27289,413
1753395571,56,5471,4498,27289,413
1753395871,56,5471,4498,27289,413
1753396171,56,5467,4499,27289,412
1753396471,56,5463,4498,27289,411
1753396771,56,5468,4497,27289,412
1753397071,56,5464,4500,27289,413
1753397371,56,5464,4500,27289,413
1753397671,55,5455,4499,27289,413
1753397971,57,5456,4499,27289,413
1753398271,55,5459,4499,27289,411
1753398571,56,5458,4499,27289,413
1753398871,55,5455,4496,27289,411
1753399171,55,5459,4496,27289,412
1753399471,54,5456,4500,27289,413
1753399771,55,5453,4497,27289,413
1753400071,55,5448,4499,27289,413
1753400371,55,5451,4498,27289,413
1753400671,55,5450,4498,27289,414
1753400971,55,5445,4497,27289,411
1753401271,55,5449,4498,27289,411
1753401571,54,5446,4501,27289,411
