If found, please contact tlang@live.unc.edu
Firmware updated: 2023/03/14
OpenOBS SN:303

time,ambient_light,backscatter,pressure,water_temp,battery
1752105879,41,11569,4499,27289,434
1752106179,42,11567,4497,27289,425
1752106479,41,11491,4497,27289,425
1752106779,41,11438,4499,27289,425
1752107079,40,11471,4499,27289,425
1752107379,40,11416,4498,27289,424
1752107679,40,11317,4497,27289,424
1752107979,38,11358,4500,27289,425
1752108279,39,11395,4499,27289,425
1752108579,39,11528,4496,27289,424
1752108879,39,11577,4498,27289,423
1752109179,39,11588,4498,27289,424
1752109479,39,11786,4495,27289,424
1752109779,39,11834,4497,27289,424
1752110079,39,11887,4498,27289,424
1752110379,39,11842,4497,27289,424
1752110679,37,11731,4500,27289,425
1752110979,38,11654,4499,27289,425
1752111279,38,11362,4497,27289,425
1752111579,37,11225,4499,27289,425
1752111879,37,11118,4498,27289,425
1752112179,37,11018,4499,27289,423
1752112479,37,11155,4500,27289,423
1752112779,36,11054,4498,27289,424
1752113079,36,10896,4499,27289,423
1752113379,37,10978,4498,27289,424
1752113679,36,10702,4498,27289,424
1752113979,35,10497,4498,27289,424
1752114279,35,9691,4496,27289,423
1752114579,36,9720,4499,27289,423
1752114879,36,9480,4498,27289,423
1752115179,35,9347,4498,27289,423
1752115479,34,9112,4498,27289,424
1752115779,35,9066,4498,27289,423
1752116079,35,8962,4498,27289,423
1752116379,35,8931,4498,27289,424
1752116679,35,8845,4500,27289,423
1752116979,35,8769,4497,27289,423
1752117279,36,8702,4498,27289,423
1752117579,35,8687,4498,27289,424
1752117879,35,8608,4498,27289,423
1752118179,34,8653,4497,27289,422
1752118479,33,13570,4500,27289,424
1752118779,35,7102,4498,27289,422
1752119079,34,6846,4499,27289,424
1752119379,35,6909,4498,27289,422
1752119679,34,6894,4497,27289,425
1752119979,34,6938,4499,27289,425
1752120279,34,6769,4498,27289,424
1752120579,33,6880,4498,27289,425
1752120879,33,6802,4499,27289,424
1752121179,34,6741,4497,27289,424
1752121479,34,6631,4498,27289,423
1752121779,33,6602,4497,27289,426
1752122079,34,6476,4496,27289,423
1752122379,33,6429,4497,27289,423
1752122679,33,6424,4497,27289,426
1752122979,33,6624,4496,27289,426
1752123279,33,6162,4498,27289,426
1752123579,33,6121,4498,27289,426
1752123879,34,6120,4497,27289,424
1752124179,33,6013,4499,27289,426
1752124479,32,6023,4495,27289,424
1752124779,33,5892,4500,27289,425
1752125079,34,5909,4498,27289,423
1752125379,33,5852,4496,27289,425
1752125679,33,5912,4498,27289,423
1752125979,33,5863,4497,27289,424
1752126279,33,5851,4497,27289,425
1752126579,33,5790,4499,27289,425
1752126879,34,5733,4496,27289,425
1752127179,32,5739,4497,27289,425
1752127479,33,5809,4499,27289,425
1752127779,33,5760,4496,27289,425
1752128079,33,5626,4498,27289,425
1752128379,32,5646,4499,27289,425
1752128679,32,5621,4497,27289,425
1752128979,32,5548,4498,27289,425
1752129279,33,5644,4497,27289,425
1752129579,33,5575,4497,27289,423
1752129879,33,5570,4494,27289,423
1752130179,32,5625,4496,27289,423
1752130479,32,5598,4497,27289,423
1752130779,33,5518,4498,27289,424
1752131079,33,5577,4496,27289,423
1752131379,33,5519,4498,27289,423
1752131679,33,5478,4499,27289,423
1752131979,34,5466,4499,27289,425
1752132279,33,5506,4498,27289,424
1752132579,34,5492,4499,27289,423
1752132879,32,5476,4498,27289,425
1752133179,33,5500,4497,27289,425
1752133479,33,5458,4498,27289,425
1752133779,34,5460,4498,27289,425
1752134079,34,5527,4497,27289,425
1752134379,34,5488,4500,27289,424
1752134679,33,5472,4498,27289,425
1752134979,34,5509,4498,27289,425
1752135279,35,5468,4499,27289,425
1752135579,35,5463,4500,27289,423
1752135879,35,5472,4499,27289,424
1752136179,34,5457,4496,27289,424
1752136479,35,5485,4500,27289,425
1752136779,36,5484,4499,27289,424
1752137079,35,5504,4498,27289,425
1752137379,36,5438,4498,27289,424
1752137679,36,5454,4500,27289,424
1752137979,36,5438,4499,27289,424
1752138279,37,5471,4499,27289,424
1752138579,37,5544,4498,27289,426
1752138879,38,5448,4500,27289,426
1752139179,37,5474,4498,27289,425
1752139479,65535,4537,4648,27289,424
1752139816,14145,6232,4529,27289,543
1752139884,5608,10434,4533,27289,755
1752139888,5660,10435,4532,27289,752
1752140188,13395,15727,4609,27289,406
1752140488,2916,15590,4565,27289,407
1752140638,13724,8998,4614,27289,530
1752140668,22271,9005,4535,27289,756
1752140671,24406,9006,4534,27289,757
1752140971,11234,9530,4562,27289,405
1752141271,11337,9020,4562,27289,407
1752141571,26165,9023,4606,27289,405
1752141871,44,3834,4499,27289,406
1752142171,43,3408,4497,27289,406
1752142471,50,3443,4499,27289,407
1752142771,51,3418,4500,27289,407
1752143071,49,3375,4500,27289,408
1752143371,49,3393,4498,27289,407
1752143671,47,3428,4497,27289,408
1752143971,49,3411,4499,27289,407
1752144271,53,3457,4500,27289,408
1752144571,55,3405,4497,27289,408
1752144871,59,3357,4499,27289,408
1752145171,61,3412,4497,27289,407
1752145471,62,3376,4499,27289,409
1752145771,64,3428,4500,27289,407
1752146071,70,3368,4500,27289,407
1752146371,72,3374,4498,27289,408
1752146671,73,3404,4499,27289,408
1752146971,68,3361,4498,27289,407
1752147271,75,3328,4499,27289,408
1752147571,80,3336,4498,27289,409
1752147871,86,3328,4499,27289,408
1752148171,83,3357,4499,27289,408
1752148471,81,3327,4498,27289,407
1752148771,89,3361,4497,27289,407
1752149071,94,3331,4500,27289,409
1752149371,92,3341,4499,27289,409
1752149671,105,3292,4498,27289,409
1752149971,108,3319,4499,27289,409
1752150271,134,3297,4501,27289,409
1752150571,153,3317,4496,27289,409
1752150871,242,3339,4498,27289,409
1752151171,355,3407,4499,27289,409
1752151471,168,3283,4500,27289,409
1752151771,366,3285,4500,27289,409
1752152071,245,3292,4498,27289,409
1752152371,348,3322,4498,27289,409
1752152671,244,3341,4499,27289,407
1752152971,471,3292,4497,27289,409
1752153271,152,3298,4498,27289,409
1752153571,291,3292,4500,27289,410
1752153871,155,3289,4497,27289,409
1752154171,181,3333,4497,27289,409
1752154471,241,3275,4497,27289,409
1752154771,240,3315,4498,27289,408
1752155071,296,3310,4498,27289,410
1752155371,319,3258,4500,27289,410
1752155671,305,3292,4501,27289,408
1752155971,292,3273,4498,27289,409
1752156271,245,3270,4496,27289,408
1752156571,534,3273,4500,27289,408
1752156871,228,3265,4498,27289,408
1752157171,491,3308,4497,27289,410
1752157471,462,3285,4500,27289,410
1752157771,309,3312,4499,27289,409
1752158071,416,3304,4499,27289,410
1752158371,433,3295,4500,27289,409
1752158671,442,3268,4498,27289,410
1752158971,470,3271,4499,27289,410
1752159271,473,3307,4500,27289,410
1752159571,502,3280,4497,27289,410
1752159871,533,3275,4499,27289,410
1752160171,523,3262,4499,27289,410
1752160471,537,3262,4498,27289,410
1752160771,596,3234,4498,27289,408
1752161071,606,3252,4499,27289,409
1752161371,184,3243,4497,27289,408
1752161671,276,3241,4497,27289,409
1752161971,429,3243,4497,27289,408
1752162271,306,3246,4498,27289,409
1752162571,177,3245,4498,27289,408
1752162871,154,3226,4495,27289,409
1752163171,140,3241,4496,27289,410
1752163471,120,3240,4496,27289,409
1752163771,141,3218,4498,27289,408
1752164071,128,3241,4496,27289,409
1752164371,120,3231,4497,27289,409
1752164671,99,3222,4498,27289,409
1752164971,65,3266,4496,27289,409
1752165271,60,3253,4496,27289,410
1752165571,59,3244,4496,27289,411
1752165871,56,3271,4497,27289,409
1752166171,53,4540,4498,27289,411
1752166471,49,4192,4498,27289,410
1752166771,52,3814,4497,27289,409
1752167071,51,4747,4496,27289,409
1752167371,46,5068,4499,27289,408
1752167671,45,4782,4497,27289,410
1752167971,45,5398,4496,27289,409
1752168271,43,6539,4498,27289,409
1752168571,39,7990,4498,27289,409
1752168871,40,10798,4497,27289,408
1752169171,39,11028,4500,27289,408
1752169471,38,10784,4498,27289,409
1752169771,38,10633,4499,27289,408
1752170071,38,10480,4497,27289,409
1752170371,38,10389,4497,27289,409
1752170671,38,10060,4501,27289,409
1752170971,38,9769,4499,27289,409
1752171271,38,9207,4500,27289,408
1752171571,38,8521,4501,27289,408
1752171871,38,8414,4499,27289,409
1752172171,37,8771,4497,27289,409
1752172471,38,9083,4500,27289,410
1752172771,38,8789,4496,27289,410
1752173071,38,8937,4499,27289,409
1752173371,38,8680,4499,27289,409
1752173671,37,8993,4499,27289,405
1752173971,38,9043,4497,27289,408
1752174271,38,8266,4498,27289,410
1752174571,38,8443,4499,27289,405
1752174871,39,8227,4501,27289,409
1752175171,38,8243,4499,27289,408
1752175471,38,8143,4500,27289,409
1752175771,38,8491,4499,27289,408
1752176071,38,8648,4499,27289,409
1752176371,37,8423,4500,27289,409
1752176671,37,8106,4498,27289,408
1752176971,38,8158,4498,27289,409
1752177271,37,7954,4497,27289,409
1752177571,39,9626,4499,27289,409
1752177871,37,7887,4500,27289,409
1752178171,38,7428,4498,27289,409
1752178471,38,7469,4499,27289,409
1752178771,38,7433,4499,27289,409
1752179071,38,7294,4499,27289,409
1752179371,37,7153,4499,27289,409
1752179671,38,7098,4500,27289,410
1752179971,38,7048,4499,27289,409
1752180271,38,7271,4498,27289,410
1752180571,38,6977,4496,27289,410
1752180871,38,7109,4498,27289,410
1752181171,37,6754,4498,27289,410
1752181471,37,6659,4499,27289,409
1752181771,38,6748,4499,27289,409
1752182071,37,6756,4498,27289,410
1752182371,38,6617,4497,27289,409
1752182671,38,6698,4500,27289,409
1752182971,38,6798,4496,27289,410
1752183271,38,6413,4500,27289,410
1752183571,38,6608,4497,27289,409
1752183871,37,6621,4497,27289,409
1752184171,37,6495,4498,27289,411
1752184471,37,6566,4498,27289,411
1752184771,37,6577,4500,27289,411
1752185071,37,6384,4499,27289,412
1752185371,38,6571,4498,27289,409
1752185671,37,6707,4499,27289,408
1752185971,38,6555,4496,27289,410
1752186271,38,6200,4499,27289,410
1752186571,37,6201,4498,27289,409
1752186871,37,6332,4496,27289,410
1752187171,38,6272,4498,27289,410
1752187471,37,6020,4499,27289,411
1752187771,37,6141,4499,27289,411
1752188071,37,6011,4497,27289,411
1752188371,37,5906,4496,27289,410
1752188671,38,6086,4497,27289,410
1752188971,38,5834,4498,27289,411
1752189271,37,5880,4498,27289,411
1752189571,37,6080,4499,27289,411
1752189871,37,6143,4501,27289,410
1752190171,38,5826,4500,27289,409
1752190471,38,5770,4499,27289,409
1752190771,37,5706,4499,27289,409
1752191071,37,5685,4499,27289,409
1752191371,37,5761,4499,27289,411
1752191671,38,5674,4496,27289,410
1752191971,37,5666,4497,27289,410
