If found, please contact tlang@live.unc.edu
Firmware updated: 2023/03/14
OpenOBS SN:303

time,ambient_light,backscatter,pressure,water_temp,battery
1751673879,33,22561,4499,27289,421
1751674179,33,22231,4498,27289,410
1751674479,32,22092,4499,27289,410
1751674779,33,22166,4498,27289,412
1751675079,33,21873,4496,27289,411
1751675379,32,22128,4498,27289,411
1751675679,33,22184,4497,27289,410
1751675979,34,21938,4498,27289,413
1751676279,33,22068,4499,27289,413
1751676579,32,22155,4498,27289,411
1751676879,33,22151,4500,27289,410
1751677179,33,22111,4498,27289,412
1751677479,34,21894,4499,27289,412
1751677779,33,21951,4499,27289,412
1751678079,33,22361,4502,27289,412
1751678379,32,22163,4498,27289,411
1751678679,33,21784,4498,27289,412
1751678979,32,22126,4498,27289,411
1751679279,32,22129,4502,27289,412
1751679579,32,21893,4499,27289,412
1751679879,32,22291,4496,27289,410
1751680179,32,22056,4496,27289,411
1751680479,32,22211,4499,27289,412
1751680779,32,21999,4499,27289,412
1751681079,32,21909,4497,27289,412
1751681379,32,21824,4498,27289,411
1751681679,32,21725,4500,27289,411
1751681979,32,21841,4500,27289,410
1751682279,32,21582,4498,27289,410
1751682579,32,21702,4497,27289,410
1751682879,32,21942,4498,27289,411
1751683179,32,21968,4500,27289,411
1751683479,32,21637,4499,27289,410
1751683779,33,21771,4499,27289,410
1751684079,32,21939,4498,27289,410
1751684379,32,21708,4499,27289,410
1751684679,31,21579,4497,27289,410
1751684979,32,21863,4499,27289,410
1751685279,31,21759,4499,27289,410
1751685579,32,21590,4499,27289,413
1751685879,32,21759,4498,27289,410
1751686179,32,21806,4499,27289,411
1751686479,32,21602,4498,27289,411
1751686779,32,21765,4499,27289,412
1751687079,31,21729,4499,27289,412
1751687379,32,21214,4498,27289,410
1751687679,31,21952,4497,27289,412
1751687979,32,21655,4498,27289,413
1751688279,31,21259,4497,27289,411
1751688579,31,21866,4500,27289,411
1751688879,31,21865,4497,27289,412
1751689179,31,21874,4497,27289,410
1751689479,31,21980,4498,27289,412
1751689779,31,22074,4499,27289,411
1751690079,31,21491,4499,27289,411
1751690379,31,21964,4500,27289,413
1751690679,32,22029,4502,27289,412
1751690979,30,21764,4499,27289,412
1751691279,31,21962,4498,27289,411
1751691579,31,22021,4498,27289,411
1751691879,31,21893,4497,27289,411
1751692179,31,21924,4499,27289,412
1751692479,32,22016,4499,27289,412
1751692779,31,21896,4499,27289,411
1751693079,31,21882,4498,27289,412
1751693379,31,21992,4501,27289,412
1751693679,32,21692,4499,27289,412
1751693979,32,21663,4499,27289,411
1751694279,32,22246,4497,27289,411
1751694579,31,21977,4498,27289,411
1751694879,31,22229,4500,27289,412
1751695179,31,22045,4499,27289,411
1751695479,32,22105,4500,27289,412
1751695779,32,22092,4498,27289,412
1751696079,31,22013,4499,27289,411
1751696379,32,22041,4499,27289,412
1751696679,33,22056,4500,27289,411
1751696979,34,22010,4501,27289,411
1751697279,33,21873,4496,27289,412
1751697579,32,22176,4497,27289,412
1751697879,34,22335,4497,27289,412
1751698179,33,22087,4498,27289,411
1751698479,35,22201,4500,27289,411
1751698779,33,22115,4498,27289,411
1751699079,32,22233,4496,27289,411
1751699379,33,22494,4497,27289,412
1751699679,34,22349,4499,27289,412
1751699979,36,22445,4498,27289,412
1751700279,38,22328,4499,27289,412
1751700579,36,22361,4499,27289,412
1751700879,37,22582,4498,27289,413
1751701179,38,22380,4499,27289,412
1751701479,41,22451,4500,27289,412
1751701779,43,22501,4499,27289,412
1751702079,43,22566,4499,27289,412
1751702379,47,22217,4498,27289,411
1751702679,45,22488,4499,27289,411
1751702979,44,22583,4498,27289,411
1751703279,43,22510,4498,27289,413
1751703579,45,22522,4497,27289,412
1751703879,45,22611,4498,27289,412
1751704179,45,22702,4500,27289,411
1751704479,44,22803,4497,27289,411
1751704779,44,22819,4500,27289,412
1751705079,43,22764,4500,27289,411
1751705379,45,22447,4499,27289,412
1751705679,44,22620,4500,27289,412
1751705979,45,22825,4499,27289,412
1751706279,43,22883,4499,27289,413
1751706579,45,22867,4501,27289,412
1751706879,48,23138,4497,27289,413
1751707179,49,23009,4499,27289,413
1751707479,50,23115,4500,27289,413
1751707779,52,23260,4499,27289,413
1751708079,55,23247,4498,27289,412
1751708379,57,23374,4497,27289,412
1751708679,59,23367,4499,27289,413
1751708979,64,23402,4498,27289,413
1751709279,62,23264,4499,27289,413
1751709579,67,22907,4499,27289,412
1751709879,70,23444,4500,27289,413
1751710179,64,23441,4500,27289,413
1751710479,66,23121,4499,27289,413
1751710779,62,23595,4499,27289,412
1751711079,56,23680,4499,27289,415
1751711379,55,23456,4499,27289,412
1751711679,54,23541,4498,27289,412
1751711979,50,23640,4501,27289,413
1751712279,51,23582,4499,27289,413
1751712579,53,23669,4497,27289,412
1751712879,57,23629,4499,27289,413
1751713179,65,23671,4500,27289,414
1751713479,82,23727,4500,27289,413
1751713779,86,23714,4500,27289,413
1751714079,82,23966,4499,27289,413
1751714379,85,23886,4500,27289,412
1751714679,87,23900,4500,27289,413
1751714979,86,23899,4500,27289,415
1751715279,79,24102,4501,27289,414
1751715579,74,23748,4497,27289,413
1751715879,74,23955,4500,27289,414
1751716179,74,23997,4500,27289,413
1751716479,69,23848,4499,27289,413
1751716779,93,23925,4499,27289,414
1751717079,104,23877,4500,27289,414
1751717379,107,24242,4498,27289,414
1751717679,122,24150,4497,27289,414
1751717979,122,24217,4497,27289,412
1751718279,122,24042,4501,27289,414
1751718579,109,24188,4499,27289,413
1751718879,90,24362,4500,27289,415
1751719179,66,24243,4499,27289,413
1751719479,56,24237,4501,27289,413
1751719779,53,24184,4497,27289,414
1751720079,53,24257,4499,27289,415
1751720379,60,24372,4499,27289,414
1751720679,71,24269,4499,27289,415
1751720979,80,24402,4499,27289,415
1751721279,88,24383,4500,27289,412
1751721579,91,24491,4500,27289,415
1751721879,103,24359,4500,27289,415
1751722179,110,24419,4498,27289,414
1751722479,113,24454,4500,27289,414
1751722779,133,24365,4499,27289,413
1751723079,144,24581,4499,27289,415
1751723379,168,24518,4499,27289,415
1751723679,182,24400,4498,27289,415
1751723979,173,24604,4498,27289,415
1751724279,162,24542,4498,27289,414
1751724579,163,24637,4500,27289,414
1751724879,171,24524,4499,27289,416
1751725179,218,24477,4499,27289,414
1751725479,234,24424,4498,27289,414
1751725779,177,24670,4498,27289,414
1751726079,159,24654,4497,27289,414
1751726379,128,24653,4500,27289,415
1751726679,162,24606,4499,27289,413
1751726979,178,24747,4499,27289,414
1751727279,169,24679,4500,27289,414
1751727579,243,24670,4499,27289,413
1751727879,194,24780,4499,27289,413
1751728179,142,24633,4499,27289,414
1751728479,237,24807,4498,27289,413
1751728779,146,24821,4501,27289,415
1751729079,169,24869,4498,27289,415
1751729379,206,24900,4496,27289,414
1751729679,180,24876,4500,27289,415
1751729979,120,24867,4500,27289,415
1751730279,107,24713,4499,27289,415
1751730579,90,24865,4498,27289,415
1751730879,106,24813,4500,27289,415
1751731179,114,24841,4498,27289,414
1751731479,134,24846,4498,27289,415
1751731779,137,24807,4497,27289,415
1751732079,126,24905,4499,27289,414
1751732379,98,24972,4496,27289,414
1751732679,99,24549,4499,27289,414
1751732979,93,24841,4498,27289,414
1751733279,90,24944,4498,27289,416
1751733579,97,24893,4499,27289,415
1751733879,158,24745,4501,27289,413
1751734179,119,24852,4500,27289,415
1751734479,217,24918,4498,27289,414
1751734779,345,24848,4499,27289,415
1751735079,140,24964,4499,27289,415
1751735379,280,24941,4499,27289,415
1751735679,292,25036,4498,27289,414
1751735979,160,25013,4501,27289,414
1751736279,106,24876,4497,27289,415
1751736579,119,24895,4500,27289,415
1751736879,101,24851,4498,27289,414
1751737179,102,24993,4499,27289,415
1751737479,97,24915,4499,27289,415
1751737779,85,25028,4498,27289,415
1751738079,80,25022,4498,27289,417
1751738379,80,25064,4501,27289,414
1751738679,71,25074,4499,27289,415
1751738979,64,24969,4500,27289,414
1751739279,56,25013,4497,27289,414
1751739579,52,25023,4500,27289,407
1751739879,50,25069,4500,27289,407
1751740179,49,25022,4498,27289,408
1751740479,47,25068,4499,27289,410
1751740779,45,25100,4499,27289,408
1751741079,44,25034,4499,27289,407
1751741379,43,24828,4500,27289,408
1751741679,41,25046,4499,27289,407
1751741979,41,25074,4500,27289,408
1751742279,41,25019,4499,27289,408
1751742579,41,24974,4499,27289,408
1751742879,40,24974,4499,27289,408
1751743179,41,25109,4499,27289,409
1751743479,41,25126,4498,27289,408
1751743779,40,25018,4499,27289,408
1751744079,40,24864,4498,27289,409
1751744379,40,24818,4499,27289,407
1751744679,40,24975,4497,27289,407
1751744979,39,24930,4499,27289,409
1751745279,40,24873,4499,27289,408
1751745579,40,25112,4500,27289,408
1751745879,40,24902,4498,27289,408
1751746179,40,25016,4499,27289,408
1751746479,40,24968,4500,27289,407
1751746779,40,24807,4500,27289,407
1751747079,40,25002,4500,27289,407
1751747379,40,24825,4499,27289,408
1751747679,40,24971,4499,27289,408
1751747979,40,24905,4497,27289,407
1751748279,40,24997,4500,27289,408
1751748579,40,24704,4500,27289,408
1751748879,39,24964,4500,27289,410
1751749179,38,24806,4499,27289,409
1751749479,39,24916,4499,27289,408
1751749779,39,24932,4498,27289,409
1751750079,39,24847,4499,27289,410
1751750379,38,24920,4499,27289,408
1751750679,39,24842,4497,27289,409
1751750979,39,24867,4498,27289,409
1751751279,39,24812,4497,27289,409
1751751579,39,24753,4498,27289,408
1751751879,38,24823,4498,27289,408
1751752179,39,24758,4499,27289,408
1751752479,39,24845,4499,27289,409
1751752779,38,24744,4499,27289,408
1751753079,38,24728,4499,27289,408
1751753379,38,24784,4499,27289,409
1751753679,38,24845,4499,27289,408
1751753979,38,24716,4499,27289,408
1751754279,38,24772,4497,27289,409
1751754579,37,24674,4496,27289,407
1751754879,38,24754,4499,27289,407
1751755179,38,24629,4499,27289,409
1751755479,38,24656,4499,27289,407
1751755779,39,24597,4498,27289,408
1751756079,37,24709,4499,27289,407
1751756379,38,24652,4498,27289,408
1751756679,38,24606,4499,27289,407
1751756979,37,24529,4498,27289,407
1751757279,37,24549,4497,27289,408
1751757579,37,24436,4501,27289,407
1751757879,37,24689,4500,27289,407
1751758179,37,24448,4498,27289,407
1751758479,36,24532,4497,27289,408
1751758779,37,24388,4500,27289,407
1751759079,37,24596,4496,27289,407
1751759379,37,24462,4500,27289,408
1751759679,37,24640,4499,27289,407
1751759979,36,24581,4498,27289,408
