If found, please contact tlang@live.unc.edu
Firmware updated: 2023/03/14
OpenOBS SN:303

time,ambient_light,backscatter,pressure,water_temp,battery
1757808091,67,21735,4501,27289,432
1757808391,66,21719,4500,27289,423
1757808691,66,21719,4499,27289,421
1757808991,66,21675,4501,27289,424
1757809291,66,21719,4501,27289,424
1757809591,67,21695,4500,27289,424
1757809891,65,21711,4499,27289,423
1757810191,67,21713,4500,27289,422
1757810491,65,21701,4500,27289,423
1757810791,65,21683,4500,27289,422
1757811091,66,21725,4499,27289,423
1757811391,66,21669,4500,27289,423
1757811691,66,21704,4500,27289,423
1757811991,65,21684,4502,27289,423
1757812291,66,21680,4500,27289,423
1757812591,65,21663,4499,27289,423
1757812891,65,21696,4501,27289,423
1757813191,66,21684,4500,27289,423
1757813491,65,21677,4502,27289,422
1757813791,65,21662,4499,27289,423
1757814091,66,21658,4500,27289,423
1757814391,66,21705,4500,27289,422
1757814691,65,21658,4499,27289,423
1757814991,64,21656,4499,27289,424
1757815291,65,21682,4497,27289,425
1757815591,64,21627,4500,27289,422
1757815891,64,21652,4501,27289,422
1757816191,64,21663,4498,27289,422
1757816491,65,21660,4499,27289,422
1757816791,64,21629,4499,27289,422
1757817091,64,21657,4500,27289,422
1757817391,64,21669,4500,27289,422
1757817691,64,21637,4501,27289,424
1757817991,64,21650,4500,27289,423
1757818291,65,21642,4501,27289,423
1757818591,63,21624,4501,27289,423
1757818891,64,21611,4501,27289,424
1757819191,65,21626,4500,27289,423
1757819491,64,21652,4502,27289,423
1757819791,64,21657,4500,27289,423
1757820091,65,21630,4499,27289,423
1757820391,64,21609,4502,27289,424
1757820691,64,21593,4501,27289,424
1757820991,64,21628,4502,27289,423
1757821291,64,21615,4500,27289,423
1757821591,64,21617,4499,27289,423
1757821891,63,21605,4499,27289,423
1757822191,64,21601,4499,27289,424
1757822491,64,21626,4499,27289,422
1757822791,63,21618,4501,27289,423
1757823091,64,21612,4500,27289,422
1757823391,64,21630,4502,27289,422
1757823691,64,21598,4498,27289,422
1757823991,63,21595,4499,27289,422
1757824291,63,21607,4499,27289,422
1757824591,63,21567,4499,27289,424
1757824891,64,21582,4501,27289,423
1757825191,63,21589,4498,27289,422
1757825491,64,21552,4501,27289,422
1757825791,63,21587,4500,27289,422
1757826091,63,21580,4500,27289,424
1757826391,63,21552,4499,27289,424
1757826691,62,21557,4501,27289,423
1757826991,62,21579,4499,27289,425
1757827291,62,21548,4500,27289,423
1757827591,63,21547,4498,27289,424
1757827891,63,21570,4499,27289,424
1757828191,64,21543,4502,27289,423
1757828491,62,21559,4499,27289,423
1757828791,64,21579,4500,27289,423
1757829091,64,21562,4500,27289,423
1757829391,65,21578,4500,27289,423
1757829691,66,21555,4501,27289,423
1757829991,69,21547,4501,27289,423
1757830291,71,21516,4500,27289,423
1757830591,70,21533,4501,27289,423
1757830891,68,21546,4501,27289,423
1757831191,69,21520,4500,27289,423
1757831491,69,21529,4501,27289,423
1757831791,70,21564,4500,27289,424
1757832091,73,21521,4499,27289,423
1757832391,78,21510,4501,27289,424
1757832691,80,21541,4500,27289,423
1757832991,79,21504,4499,27289,424
1757833291,86,21505,4499,27289,424
1757833591,95,21490,4500,27289,424
1757833891,105,21498,4500,27289,422
1757834191,114,21486,4500,27289,423
1757834491,123,21492,4500,27289,424
1757834791,131,21506,4499,27289,424
1757835091,126,21504,4502,27289,423
1757835391,129,21486,4501,27289,423
1757835691,143,21497,4500,27289,423
1757835991,149,21478,4500,27289,424
1757836291,155,21481,4498,27289,423
1757836591,163,21470,4500,27289,423
1757836891,171,21482,4499,27289,423
1757837191,169,21475,4501,27289,423
1757837491,188,21459,4500,27289,424
1757837791,217,21441,4501,27289,424
1757838091,231,21441,4501,27289,423
1757838391,240,21596,4501,27289,422
1757838691,255,21524,4500,27289,422
1757838991,266,21528,4501,27289,422
1757839291,280,21461,4502,27289,424
1757839591,273,21451,4500,27289,424
1757839891,295,21420,4502,27289,424
1757840191,267,21420,4502,27289,422
1757840491,288,21399,4498,27289,424
1757840791,307,21401,4501,27289,425
1757841091,289,21391,4500,27289,424
1757841391,287,21369,4501,27289,423
1757841691,276,21406,4501,27289,424
1757841991,306,21354,4501,27289,423
1757842291,359,21356,4500,27289,423
1757842591,389,21345,4500,27289,424
1757842891,346,21347,4502,27289,424
1757843191,352,21338,4500,27289,424
1757843491,327,21338,4500,27289,424
1757843791,348,21318,4500,27289,424
1757844091,319,21336,4501,27289,424
1757844391,397,21296,4501,27289,425
1757844691,393,21285,4499,27289,424
1757844991,424,21302,4500,27289,424
1757845291,438,21276,4499,27289,424
1757845591,395,21276,4500,27289,425
1757845891,361,21283,4499,27289,423
1757846191,402,21251,4501,27289,423
1757846491,377,21260,4499,27289,423
1757846791,380,21254,4501,27289,423
1757847091,422,21224,4498,27289,423
1757847391,341,21228,4499,27289,424
1757847691,384,21218,4500,27289,424
1757847991,393,21210,4500,27289,425
1757848291,469,21191,4500,27289,423
1757848591,455,21192,4502,27289,423
1757848891,335,21194,4502,27289,423
1757849191,471,21151,4500,27289,426
1757849491,378,21167,4501,27289,426
1757849791,327,21146,4500,27289,423
1757850091,286,21131,4502,27289,423
1757850391,284,21130,4500,27289,423
1757850691,290,21096,4501,27289,423
1757850991,202,21104,4502,27289,423
1757851291,217,21074,4501,27289,423
1757851591,231,21089,4502,27289,423
1757851891,191,21099,4500,27289,423
1757852191,233,21054,4501,27289,423
1757852491,277,21021,4498,27289,424
1757852791,273,21041,4499,27289,423
1757853091,298,21000,4498,27289,423
1757853391,262,20991,4501,27289,423
1757853691,256,21007,4500,27289,424
1757853991,234,20996,4500,27289,424
1757854291,283,20962,4500,27289,426
1757854591,255,20958,4501,27289,425
1757854891,267,20957,4501,27289,425
1757855191,286,20924,4502,27289,425
1757855491,335,20907,4501,27289,426
1757855791,273,20906,4500,27289,426
1757856091,314,20907,4500,27289,425
1757856391,324,20895,4500,27289,425
1757856691,328,20874,4501,27289,425
1757856991,296,20891,4501,27289,425
1757857291,417,20864,4502,27289,424
1757857591,331,20864,4500,27289,425
1757857891,320,20849,4499,27289,426
1757858191,222,20850,4500,27289,425
1757858491,250,20850,4504,27289,425
1757858791,276,20846,4501,27289,425
1757859091,289,20813,4500,27289,424
1757859391,269,20837,4499,27289,426
1757859691,199,20786,4500,27289,424
1757859991,164,20798,4501,27289,423
1757860291,137,20780,4500,27289,425
1757860591,161,20768,4501,27289,424
1757860891,173,20756,4499,27289,425
1757861191,226,20740,4499,27289,423
1757861491,212,20752,4503,27289,424
1757861791,216,20722,4500,27289,423
1757862091,180,20710,4502,27289,423
1757862391,163,20683,4501,27289,425
1757862691,130,20699,4500,27289,424
1757862991,138,20691,4503,27289,425
1757863291,140,20683,4501,27289,426
1757863591,179,20656,4502,27289,426
1757863891,137,20664,4502,27289,425
1757864191,170,20618,4500,27289,426
1757864491,127,20652,4501,27289,425
1757864791,130,20612,4499,27289,424
1757865091,122,20589,4500,27289,426
1757865391,123,20582,4499,27289,425
1757865691,106,20601,4501,27289,425
1757865991,130,20581,4501,27289,426
1757866291,142,20553,4500,27289,426
1757866591,171,20544,4502,27289,423
1757866891,167,20523,4499,27289,425
1757867191,141,20544,4502,27289,425
1757867491,161,20506,4498,27289,425
1757867791,125,20531,4502,27289,427
1757868091,148,20464,4502,27289,425
1757868391,126,20495,4500,27289,426
1757868691,111,20506,4501,27289,426
1757868991,118,20457,4500,27289,426
1757869291,96,20496,4501,27289,425
1757869591,101,20466,4499,27289,425
1757869891,101,20434,4500,27289,425
1757870191,91,20410,4501,27289,425
1757870491,89,20408,4499,27289,425
1757870791,82,20394,4502,27289,426
1757871091,79,20369,4502,27289,426
1757871391,75,20400,4499,27289,426
1757871691,73,20373,4500,27289,425
1757871991,71,20355,4500,27289,425
1757872291,69,20365,4502,27289,425
1757872591,69,20347,4501,27289,426
1757872891,69,20328,4502,27289,425
1757873191,67,20348,4496,27289,425
1757873491,67,20309,4501,27289,425
1757873791,66,20286,4498,27289,425
1757874091,66,20322,4500,27289,425
1757874391,66,20284,4500,27289,424
1757874691,66,20301,4500,27289,425
1757874991,66,20267,4500,27289,425
1757875291,66,20256,4498,27289,425
1757875591,66,20278,4499,27289,424
1757875891,66,20229,4499,27289,425
1757876191,66,20225,4501,27289,425
1757876491,66,20222,4500,27289,427
1757876791,66,20214,4501,27289,425
1757877091,66,20194,4499,27289,425
1757877391,65,20119,4500,27289,427
1757877691,66,20145,4500,27289,425
1757877991,66,20117,4500,27289,425
1757878291,65,20146,4502,27289,425
1757878591,65,20138,4500,27289,425
1757878891,66,20138,4499,27289,426
1757879191,66,20077,4500,27289,424
1757879491,66,20072,4501,27289,426
1757879791,65,20057,4501,27289,425
1757880091,65,20047,4501,27289,425
1757880391,66,20024,4500,27289,424
1757880691,66,20023,4502,27289,425
1757880991,65,20031,4498,27289,426
1757881291,64,19986,4502,27289,425
1757881591,65,20006,4499,27289,425
1757881891,65,19998,4499,27289,426
1757882191,64,19972,4500,27289,426
1757882491,65,19960,4499,27289,426
1757882791,65,19958,4499,27289,427
1757883091,65,19937,4498,27289,427
1757883391,65,19932,4500,27289,424
1757883691,65,19924,4502,27289,426
1757883991,65,19903,4497,27289,424
1757884291,65,19890,4498,27289,427
1757884591,65,19874,4500,27289,424
1757884891,64,19868,4501,27289,425
1757885191,64,19858,4501,27289,425
1757885491,65,19851,4500,27289,425
1757885791,64,19836,4499,27289,424
1757886091,64,19824,4501,27289,425
1757886391,64,19818,4500,27289,426
1757886691,65,19806,4498,27289,426
1757886991,65,19792,4499,27289,426
1757887291,64,19787,4501,27289,424
1757887591,65,19774,4499,27289,428
1757887891,65,19720,4499,27289,424
1757888191,65,19710,4499,27289,428
1757888491,64,19698,4499,27289,424
1757888791,64,19686,4498,27289,426
1757889091,64,19683,4501,27289,428
1757889391,65,19652,4500,27289,425
1757889691,65,19674,4500,27289,425
1757889991,64,19672,4500,27289,427
1757890291,65,19664,4500,27289,425
1757890591,64,19652,4501,27289,425
1757890891,66,19637,4498,27289,427
1757891191,64,19644,4499,27289,426
1757891491,64,19630,4499,27289,426
1757891791,64,19622,4498,27289,425
1757892091,64,19611,4500,27289,426
1757892391,64,19598,4499,27289,426
1757892691,63,19595,4500,27289,425
1757892991,64,19589,4499,27289,426
1757893291,64,19575,4498,27289,425
1757893591,63,19571,4499,27289,426
1757893891,64,19548,4500,27289,427
1757894191,64,19541,4504,27289,425
