If found, please contact tlang@live.unc.edu
Firmware updated: 2023/03/14
OpenOBS SN:303

time,ambient_light,backscatter,pressure,water_temp,battery
1754265871,55,3267,4500,27289,427
1754266171,55,3254,4504,27289,418
1754266471,55,3259,4501,27289,420
1754266771,54,3250,4502,27289,420
1754267071,55,3253,4499,27289,419
1754267371,55,3245,4502,27289,418
1754267671,55,3247,4502,27289,417
1754267971,55,3262,4502,27289,418
1754268271,54,3250,4503,27289,418
1754268571,55,3263,4502,27289,417
1754268871,54,3252,4501,27289,418
1754269171,55,3263,4503,27289,417
1754269471,55,3253,4502,27289,419
1754269771,54,3259,4500,27289,419
1754270071,54,3257,4503,27289,419
1754270371,54,3259,4502,27289,419
1754270671,55,3280,4503,27289,419
1754270971,54,3255,4501,27289,419
1754271271,54,3268,4501,27289,419
1754271571,55,3286,4501,27289,418
1754271871,54,3303,4502,27289,418
1754272171,54,3296,4503,27289,418
1754272471,54,3280,4502,27289,419
1754272771,54,3280,4502,27289,418
1754273071,54,3281,4501,27289,419
1754273371,54,3289,4499,27289,419
1754273671,54,3280,4501,27289,419
1754273971,54,3281,4501,27289,418
1754274271,53,3296,4501,27289,419
1754274571,54,3288,4501,27289,419
1754274871,55,3288,4502,27289,418
1754275171,54,3282,4503,27289,418
1754275471,54,3296,4500,27289,419
1754275771,53,3295,4502,27289,418
1754276071,53,3291,4501,27289,419
1754276371,54,3283,4499,27289,418
1754276671,54,3294,4502,27289,418
1754276971,53,3289,4499,27289,418
1754277271,54,3291,4502,27289,418
1754277571,53,3299,4504,27289,418
1754277871,53,3309,4501,27289,418
1754278171,53,3308,4501,27289,418
1754278471,53,3319,4502,27289,418
1754278771,53,3311,4503,27289,418
1754279071,54,3306,4501,27289,418
1754279371,53,3305,4503,27289,418
1754279671,53,3305,4502,27289,418
1754279971,54,3328,4501,27289,418
1754280271,53,3310,4500,27289,418
1754280571,53,3316,4504,27289,419
1754280871,52,3333,4502,27289,419
1754281171,53,3320,4503,27289,418
1754281471,53,3327,4503,27289,418
1754281771,53,3355,4501,27289,418
1754282071,52,3322,4500,27289,419
1754282371,52,3322,4499,27289,418
1754282671,53,3330,4504,27289,420
1754282971,53,3322,4501,27289,419
1754283271,53,3332,4503,27289,419
1754283571,53,3328,4502,27289,418
1754283871,53,3318,4502,27289,419
1754284171,53,3314,4504,27289,419
1754284471,52,3335,4500,27289,418
1754284771,55,3320,4504,27289,419
1754285071,57,3331,4501,27289,419
1754285371,63,3327,4502,27289,419
1754285671,71,3328,4505,27289,419
1754285971,82,3331,4504,27289,419
1754286271,96,3336,4502,27289,419
1754286571,121,3333,4501,27289,419
1754286871,133,3332,4502,27289,419
1754287171,149,3334,4504,27289,419
1754287471,191,3334,4501,27289,419
1754287771,300,3340,4501,27289,419
1754288071,414,3347,4501,27289,419
1754288371,467,3353,4502,27289,420
1754288671,452,3359,4501,27289,419
1754288971,412,3370,4502,27289,420
1754289271,384,3360,4502,27289,420
1754289571,440,3365,4503,27289,418
1754289871,541,3370,4502,27289,420
1754290171,511,3368,4505,27289,420
1754290471,373,3404,4502,27289,419
1754290771,260,3468,4503,27289,420
1754291071,314,3460,4503,27289,418
1754291371,455,3449,4502,27289,420
1754291671,611,3412,4502,27289,420
1754291971,699,3420,4503,27289,419
1754292271,822,3423,4501,27289,419
1754292571,942,3432,4501,27289,419
1754292871,1024,3435,4500,27289,419
1754293171,966,3439,4503,27289,420
1754293471,884,3447,4501,27289,420
1754293771,890,3441,4503,27289,420
1754294071,739,3434,4502,27289,419
1754294371,859,3436,4501,27289,420
1754294671,851,3494,4503,27289,420
1754294971,1045,3479,4503,27289,420
1754295271,1078,3459,4503,27289,419
1754295571,1015,3459,4501,27289,420
1754295871,991,3497,4501,27289,420
1754296171,969,3481,4502,27289,420
1754296471,1139,3487,4501,27289,420
1754296771,1283,3506,4501,27289,420
1754297071,1327,3569,4502,27289,420
1754297371,1569,3499,4500,27289,420
1754297671,1758,3536,4502,27289,418
1754297971,1703,3493,4504,27289,420
1754298271,1474,3501,4500,27289,418
1754298571,1734,3497,4502,27289,420
1754298871,1789,3533,4501,27289,420
1754299171,2080,3538,4501,27289,420
1754299471,2385,3558,4503,27289,420
1754299771,2700,3532,4499,27289,419
1754300071,2504,3542,4502,27289,420
1754300371,2615,3528,4502,27289,420
1754300671,2142,3585,4503,27289,418
1754300971,2523,3550,4504,27289,418
1754301271,2760,3664,4504,27289,418
1754301571,2533,3599,4503,27289,418
1754301871,2607,3626,4501,27289,418
1754302171,2343,3671,4503,27289,418
1754302471,2470,3686,4504,27289,418
1754302771,2636,3633,4503,27289,419
1754303071,2517,3638,4502,27289,419
1754303371,2468,3649,4504,27289,419
1754303671,2730,3666,4501,27289,420
1754303971,2982,3633,4502,27289,420
1754304271,2933,3646,4504,27289,419
1754304571,2055,3709,4506,27289,419
1754304871,2582,3678,4504,27289,419
1754305171,1947,3673,4503,27289,420
1754305471,1991,3662,4502,27289,420
1754305771,2779,3675,4501,27289,419
1754306071,2615,3702,4503,27289,420
1754306371,3082,3711,4504,27289,420
1754306671,4517,3714,4502,27289,419
1754306971,3596,3731,4501,27289,421
1754307271,1988,3722,4501,27289,421
1754307571,1380,3758,4504,27289,421
1754307871,1048,3784,4503,27289,421
1754308171,698,3754,4502,27289,420
1754308471,707,3763,4502,27289,421
1754308771,1297,3845,4503,27289,419
1754309071,1106,3782,4501,27289,422
1754309371,914,3795,4502,27289,421
1754309671,783,3784,4504,27289,421
1754309971,1913,3804,4501,27289,420
1754310271,2903,3804,4504,27289,421
1754310571,2088,3809,4501,27289,420
1754310871,4695,3847,4502,27289,420
1754311171,21356,3834,4503,27289,422
1754311471,4880,3878,4502,27289,421
1754311771,2104,3899,4502,27289,420
1754312071,2447,3984,4501,27289,420
1754312371,2088,3917,4502,27289,420
1754312671,1365,3930,4500,27289,421
1754312971,764,3900,4503,27289,420
1754313271,756,4056,4501,27289,421
1754313571,702,3938,4502,27289,420
1754313871,1043,3951,4501,27289,420
1754314171,2349,4036,4501,27289,421
1754314471,7623,3952,4503,27289,420
1754314771,3658,4051,4503,27289,421
1754315071,4299,4028,4501,27289,420
1754315371,4686,4053,4502,27289,420
1754315671,4073,4179,4504,27289,420
1754315971,3805,4079,4501,27289,420
1754316271,3879,4111,4504,27289,421
1754316571,2647,4101,4500,27289,421
1754316871,2840,4097,4505,27289,421
1754317171,2203,4141,4503,27289,421
1754317471,2004,4175,4503,27289,421
1754317771,2388,4136,4504,27289,421
1754318071,2467,4160,4501,27289,420
1754318371,1865,4320,4500,27289,421
1754318671,1399,4180,4502,27289,421
1754318971,1884,4185,4500,27289,421
1754319271,3683,4222,4503,27289,421
1754319571,17349,4352,4501,27289,420
1754319871,5682,4264,4503,27289,420
1754320171,4226,4428,4503,27289,422
1754320471,3371,4282,4502,27289,420
1754320771,1497,4362,4503,27289,421
1754321071,1435,4386,4503,27289,421
1754321371,1467,4342,4503,27289,422
1754321671,1631,4343,4502,27289,422
1754321971,1166,4403,4500,27289,420
1754322271,871,4442,4501,27289,422
1754322571,819,4417,4502,27289,421
1754322871,701,4405,4503,27289,420
1754323171,250,4490,4504,27289,420
1754323471,213,4529,4502,27289,421
1754323771,230,4498,4502,27289,420
1754324071,285,4478,4502,27289,420
1754324371,61,4718,4501,27289,422
1754324671,59,5135,4503,27289,420
1754324971,59,5290,4500,27289,421
1754325271,58,6079,4500,27289,421
1754325571,57,5816,4502,27289,421
1754325871,56,5438,4501,27289,420
1754326171,55,5451,4503,27289,421
1754326471,56,5410,4500,27289,420
1754326771,56,5527,4499,27289,420
1754327071,55,5477,4500,27289,420
1754327371,56,5303,4500,27289,419
1754327671,56,4862,4501,27289,421
1754327971,56,4509,4502,27289,420
1754328271,57,5459,4501,27289,420
1754328571,56,6916,4503,27289,419
1754328871,54,13274,4503,27289,421
1754329171,54,10861,4503,27289,421
1754329471,53,11332,4500,27289,421
1754329771,52,11114,4500,27289,421
1754330071,52,10829,4501,27289,421
1754330371,52,10625,4499,27289,421
1754330671,52,10129,4500,27289,421
1754330971,52,10276,4503,27289,420
1754331271,53,9692,4500,27289,421
1754331571,53,9537,4501,27289,421
1754331871,53,9389,4500,27289,421
1754332171,52,9174,4501,27289,420
1754332471,53,8683,4501,27289,421
1754332771,52,7611,4501,27289,421
1754333071,53,7485,4502,27289,420
1754333371,52,7262,4502,27289,420
1754333671,52,6844,4501,27289,420
1754333971,54,6470,4502,27289,421
1754334271,53,6136,4503,27289,422
1754334571,54,5932,4501,27289,421
1754334871,54,5891,4500,27289,419
1754335171,53,5869,4500,27289,421
1754335471,53,6000,4503,27289,421
1754335771,54,5958,4501,27289,421
1754336071,54,6210,4502,27289,421
1754336371,53,5971,4502,27289,423
1754336671,53,6011,4500,27289,421
1754336971,54,6093,4502,27289,421
1754337271,53,6022,4501,27289,421
1754337571,53,5825,4500,27289,419
1754337871,53,5729,4504,27289,419
1754338171,53,5696,4500,27289,419
1754338471,54,5601,4504,27289,419
1754338771,54,5506,4501,27289,419
1754339071,54,5357,4501,27289,419
1754339371,54,5380,4502,27289,422
1754339671,54,5481,4500,27289,422
1754339971,53,5322,4503,27289,422
1754340271,54,5313,4500,27289,422
1754340571,53,5259,4501,27289,421
1754340871,53,5327,4502,27289,421
1754341171,54,5210,4502,27289,421
1754341471,53,5142,4501,27289,421
1754341771,54,5127,4501,27289,422
1754342071,53,5174,4501,27289,420
1754342371,54,5038,4503,27289,422
1754342671,53,5145,4501,27289,422
1754342971,54,5141,4501,27289,422
1754343271,53,4993,4502,27289,421
1754343571,53,5079,4502,27289,422
1754343871,53,5046,4502,27289,421
1754344171,54,5002,4501,27289,423
1754344471,53,4925,4503,27289,421
1754344771,54,5134,4504,27289,421
1754345071,52,4885,4503,27289,421
1754345371,52,4737,4501,27289,421
1754345671,52,4752,4502,27289,421
1754345971,53,4625,4501,27289,420
1754346271,52,4563,4502,27289,421
1754346571,53,4752,4501,27289,421
1754346871,53,4652,4501,27289,421
1754347171,53,4559,4503,27289,421
1754347471,52,4618,4503,27289,422
1754347771,54,4491,4502,27289,422
1754348071,53,4489,4502,27289,422
1754348371,53,4549,4501,27289,422
1754348671,54,4405,4501,27289,420
1754348971,53,4516,4502,27289,422
1754349271,54,4398,4500,27289,422
1754349571,54,4377,4501,27289,420
1754349871,53,4367,4501,27289,422
1754350171,53,4394,4500,27289,420
1754350471,52,4470,4500,27289,420
1754350771,53,4458,4500,27289,421
1754351071,52,4654,4502,27289,420
1754351371,52,4335,4502,27289,421
1754351671,53,4325,4502,27289,422
1754351971,53,4334,4500,27289,422
