If found, please contact tlang@live.unc.edu
Firmware updated: 2023/03/14
OpenOBS SN:303

time,ambient_light,backscatter,pressure,water_temp,battery
1759190491,63,19649,4499,27289,422
1759190791,63,20111,4501,27289,412
1759191091,64,23042,4498,27289,412
1759191391,62,21999,4498,27289,413
1759191691,64,6147,4499,27289,411
1759191991,63,21427,4499,27289,412
1759192291,63,21669,4497,27289,413
1759192591,62,5075,4498,27289,412
1759192891,63,5525,4502,27289,412
1759193191,63,4781,4501,27289,411
1759193491,63,6128,4498,27289,412
1759193791,63,4861,4500,27289,413
1759194091,63,7099,4499,27289,413
1759194391,63,4655,4500,27289,412
1759194691,63,4602,4499,27289,413
1759194991,62,4733,4500,27289,413
1759195291,63,4703,4499,27289,412
1759195591,63,4887,4504,27289,413
1759195891,63,4613,4499,27289,413
1759196191,63,4506,4501,27289,413
1759196491,64,4844,4499,27289,413
1759196791,63,4440,4499,27289,412
1759197091,62,5512,4499,27289,413
1759197391,62,24266,4500,27289,413
1759197691,63,25241,4500,27289,412
1759197991,62,20351,4500,27289,413
1759198291,63,20420,4500,27289,412
1759198591,62,20426,4498,27289,412
1759198891,63,20449,4498,27289,412
1759199191,62,20506,4500,27289,414
1759199491,62,20509,4502,27289,413
1759199791,62,20538,4501,27289,414
1759200091,63,20540,4499,27289,413
1759200391,63,20545,4502,27289,413
1759200691,62,20553,4501,27289,412
1759200991,63,20567,4501,27289,414
1759201291,63,20584,4500,27289,412
1759201591,62,20595,4501,27289,412
1759201891,63,20595,4501,27289,412
1759202191,62,20596,4498,27289,413
1759202491,63,20592,4500,27289,413
1759202791,63,20627,4498,27289,412
1759203091,63,20618,4501,27289,413
1759203391,62,20657,4500,27289,412
1759203691,63,20660,4501,27289,412
1759203991,62,20656,4499,27289,412
1759204291,63,20675,4501,27289,414
1759204591,62,20686,4501,27289,414
1759204891,62,20682,4502,27289,412
1759205191,62,20690,4502,27289,412
1759205491,62,20726,4500,27289,412
1759205791,63,20723,4500,27289,412
1759206091,62,20751,4501,27289,412
1759206391,63,20745,4501,27289,412
1759206691,62,20757,4502,27289,412
1759206991,61,20767,4500,27289,412
1759207291,62,20778,4501,27289,412
1759207591,61,20779,4499,27289,412
1759207891,62,20784,4500,27289,412
1759208191,61,20831,4499,27289,412
1759208491,61,20834,4500,27289,411
1759208791,62,20864,4499,27289,413
1759209091,63,20871,4499,27289,413
1759209391,62,20883,4497,27289,412
1759209691,62,20889,4501,27289,413
1759209991,61,20886,4497,27289,412
1759210291,61,20877,4498,27289,413
1759210591,62,20871,4500,27289,413
1759210891,62,20875,4501,27289,413
1759211191,62,20883,4500,27289,414
1759211491,61,20901,4501,27289,412
1759211791,61,20901,4500,27289,414
1759212091,61,20905,4499,27289,412
1759212391,61,20907,4501,27289,413
1759212691,61,20910,4499,27289,413
1759212991,62,20913,4500,27289,413
1759213291,61,20915,4501,27289,413
1759213591,62,20919,4500,27289,413
1759213891,62,20929,4499,27289,414
1759214191,62,20932,4501,27289,413
1759214491,60,20922,4498,27289,413
1759214791,61,20926,4501,27289,413
1759215091,61,20912,4499,27289,413
1759215391,60,20915,4500,27289,413
1759215691,61,20912,4501,27289,413
1759215991,60,20888,4501,27289,413
1759216291,62,20892,4501,27289,413
1759216591,61,20901,4500,27289,413
1759216891,61,20915,4500,27289,414
1759217191,61,20937,4500,27289,413
1759217491,61,20927,4499,27289,413
1759217791,61,20934,4502,27289,413
1759218091,61,20921,4499,27289,414
1759218391,60,20885,4500,27289,414
1759218691,61,20902,4498,27289,414
1759218991,61,20935,4497,27289,413
1759219291,61,20918,4498,27289,412
1759219591,61,20929,4497,27289,412
1759219891,61,20929,4500,27289,413
1759220191,61,20912,4499,27289,414
1759220491,61,20921,4499,27289,412
1759220791,62,20910,4498,27289,413
1759221091,62,20939,4502,27289,413
1759221391,62,20920,4501,27289,412
1759221691,61,20949,4501,27289,415
1759221991,61,20923,4500,27289,412
1759222291,62,20907,4498,27289,412
1759222591,62,20897,4500,27289,414
1759222891,62,20893,4499,27289,414
1759223191,62,20902,4500,27289,415
1759223491,61,20896,4498,27289,414
1759223791,61,20881,4498,27289,412
1759224091,61,20870,4500,27289,414
1759224391,62,20871,4500,27289,415
1759224691,62,20879,4501,27289,415
1759224991,63,20877,4500,27289,413
1759225291,62,20860,4499,27289,414
1759225591,63,20844,4499,27289,414
1759225891,62,20849,4502,27289,414
1759226191,63,20836,4500,27289,416
1759226491,62,20861,4498,27289,414
1759226791,62,20823,4501,27289,415
1759227091,63,20815,4501,27289,414
1759227391,61,20801,4501,27289,415
1759227691,63,20780,4498,27289,413
1759227991,63,20769,4503,27289,412
1759228291,63,20767,4500,27289,414
1759228591,64,20758,4502,27289,413
1759228891,63,20842,4502,27289,413
1759229191,62,20782,4499,27289,414
1759229491,64,20790,4502,27289,412
1759229791,64,20786,4502,27289,415
1759230091,65,20773,4500,27289,414
1759230391,64,20762,4498,27289,413
1759230691,64,20742,4501,27289,414
1759230991,64,20725,4500,27289,414
1759231291,65,20702,4500,27289,413
1759231591,65,20652,4500,27289,413
1759231891,66,20682,4499,27289,414
1759232191,67,20565,4499,27289,413
1759232491,66,20549,4502,27289,414
1759232791,67,20559,4501,27289,413
1759233091,66,20580,4502,27289,413
1759233391,66,20578,4501,27289,413
1759233691,66,20592,4500,27289,413
1759233991,68,20580,4500,27289,415
1759234291,67,20579,4500,27289,414
1759234591,67,20539,4498,27289,412
1759234891,68,20584,4501,27289,414
1759235191,68,20566,4502,27289,414
1759235491,68,20561,4502,27289,414
1759235791,69,20562,4500,27289,414
1759236091,69,20569,4501,27289,412
1759236391,70,20590,4501,27289,415
1759236691,69,20582,4500,27289,413
1759236991,69,20523,4503,27289,414
1759237291,69,20498,4502,27289,413
1759237591,70,20503,4499,27289,413
1759237891,71,20542,4501,27289,414
1759238191,71,20518,4500,27289,415
1759238491,72,20524,4500,27289,415
1759238791,71,20529,4501,27289,415
1759239091,72,20544,4501,27289,413
1759239391,72,20554,4500,27289,413
1759239691,73,20549,4501,27289,414
1759239991,72,20434,4503,27289,413
1759240291,73,20451,4499,27289,414
1759240591,73,20436,4501,27289,415
1759240891,74,20437,4501,27289,414
1759241191,74,20457,4501,27289,413
1759241491,74,20462,4500,27289,413
1759241791,74,20453,4500,27289,415
1759242091,73,20453,4500,27289,413
1759242391,73,20467,4501,27289,415
1759242691,73,20479,4500,27289,413
1759242991,72,20407,4501,27289,414
1759243291,73,20417,4501,27289,415
1759243591,73,20370,4501,27289,415
1759243891,73,20383,4501,27289,416
1759244191,74,20395,4502,27289,414
1759244491,74,20398,4499,27289,414
1759244791,74,20446,4502,27289,414
1759245091,73,20434,4500,27289,415
1759245391,74,20425,4501,27289,415
1759245691,73,20419,4500,27289,414
1759245991,73,20433,4500,27289,415
1759246291,73,20419,4501,27289,414
1759246591,73,20408,4502,27289,414
1759246891,74,20401,4501,27289,415
1759247191,74,20395,4499,27289,414
1759247491,74,20406,4503,27289,415
1759247791,73,20408,4501,27289,414
1759248091,73,20403,4501,27289,414
1759248391,73,20403,4502,27289,414
1759248691,73,20398,4501,27289,414
1759248991,74,20406,4501,27289,415
1759249291,73,20420,4498,27289,415
1759249591,73,20404,4501,27289,415
1759249891,74,20418,4499,27289,415
1759250191,73,20421,4502,27289,414
1759250491,73,20434,4502,27289,415
1759250791,74,20439,4500,27289,415
1759251091,73,20445,4501,27289,414
1759251391,73,20456,4500,27289,415
1759251691,73,20457,4501,27289,415
1759251991,73,20473,4502,27289,415
1759252291,73,20482,4500,27289,415
1759252591,72,20468,4501,27289,415
1759252891,72,20467,4501,27289,414
1759253191,72,20465,4499,27289,414
1759253491,72,20454,4501,27289,415
1759253791,72,20456,4501,27289,414
1759254091,72,20447,4501,27289,415
1759254391,73,20443,4502,27289,415
1759254691,71,20449,4501,27289,415
1759254991,71,20439,4500,27289,414
1759255291,72,20447,4499,27289,414
1759255591,70,20429,4500,27289,416
1759255891,71,20427,4501,27289,414
1759256191,71,20442,4502,27289,414
1759256491,72,20444,4500,27289,415
1759256791,71,20448,4501,27289,414
1759257091,70,20460,4500,27289,414
1759257391,70,20475,4502,27289,415
1759257691,71,20477,4500,27289,415
1759257991,71,20483,4499,27289,415
1759258291,70,20465,4500,27289,415
1759258591,71,20470,4499,27289,415
1759258891,70,20440,4500,27289,414
1759259191,71,20422,4500,27289,415
1759259491,70,20437,4499,27289,415
1759259791,70,20438,4502,27289,414
1759260091,71,20421,4501,27289,415
1759260391,70,20413,4500,27289,415
1759260691,69,20385,4500,27289,415
1759260991,70,20377,4499,27289,415
1759261291,71,20361,4500,27289,414
1759261591,69,20362,4501,27289,414
1759261891,69,20368,4502,27289,415
1759262191,70,20363,4501,27289,415
1759262491,69,20354,4501,27289,416
1759262791,69,20351,4502,27289,414
1759263091,68,20379,4501,27289,414
1759263391,69,20381,4501,27289,414
1759263691,69,20369,4500,27289,415
1759263991,69,20374,4501,27289,415
1759264291,69,20374,4501,27289,415
1759264591,69,20358,4500,27289,415
1759264891,68,20357,4503,27289,414
1759265191,70,20339,4500,27289,414
1759265491,70,20321,4499,27289,414
1759265791,69,20322,4499,27289,414
1759266091,69,20324,4499,27289,415
1759266391,68,20303,4500,27289,415
1759266691,69,20300,4501,27289,415
1759266991,68,20289,4500,27289,417
1759267291,68,20283,4501,27289,416
1759267591,69,20295,4499,27289,416
1759267891,68,20293,4500,27289,415
1759268191,68,20275,4500,27289,415
1759268491,68,20285,4501,27289,415
1759268791,67,20310,4501,27289,415
1759269091,67,20384,4501,27289,414
1759269391,67,20384,4500,27289,416
1759269691,68,20364,4499,27289,415
1759269991,68,20320,4499,27289,417
1759270291,68,20302,4500,27289,415
1759270591,67,20281,4500,27289,415
1759270891,67,20281,4500,27289,415
1759271191,66,20280,4500,27289,414
1759271491,67,20271,4498,27289,414
1759271791,67,20274,4501,27289,416
1759272091,67,20261,4499,27289,415
1759272391,67,20261,4501,27289,415
1759272691,66,20271,4498,27289,415
1759272991,67,20269,4500,27289,415
1759273291,66,20272,4500,27289,415
1759273591,66,20296,4500,27289,416
1759273891,66,20307,4500,27289,415
1759274191,67,20274,4499,27289,416
1759274491,67,20414,4503,27289,416
1759274791,67,20401,4501,27289,416
1759275091,66,20412,4501,27289,416
1759275391,66,20404,4502,27289,416
1759275691,66,20391,4501,27289,415
1759275991,66,20359,4502,27289,415
1759276291,66,20359,4500,27289,416
1759276591,65,20357,4500,27289,414
