If found, please contact tlang@live.unc.edu
Firmware updated: 2023/03/14
OpenOBS SN:303

time,ambient_light,backscatter,pressure,water_temp,battery
1755389071,60,18612,4500,27289,428
1755389371,60,18699,4501,27289,416
1755389671,60,18450,4501,27289,416
1755389971,61,18559,4501,27289,416
1755390271,60,18146,4501,27289,416
1755390571,61,17967,4502,27289,416
1755390871,60,18657,4501,27289,416
1755391171,60,18666,4499,27289,416
1755391471,60,18648,4503,27289,416
1755391771,59,18493,4500,27289,417
1755392071,60,18769,4502,27289,417
1755392371,60,18640,4499,27289,415
1755392671,59,18649,4499,27289,417
1755392971,60,18677,4500,27289,417
1755393271,59,18913,4501,27289,417
1755393571,59,18798,4500,27289,416
1755393871,60,18837,4499,27289,416
1755394171,59,18635,4501,27289,417
1755394471,59,18513,4501,27289,416
1755394771,59,18468,4500,27289,415
1755395071,59,18911,4500,27289,416
1755395371,60,19011,4500,27289,416
1755395671,59,18723,4500,27289,415
1755395971,59,18696,4499,27289,418
1755396271,60,18759,4503,27289,418
1755396571,58,18399,4499,27289,416
1755396871,60,18591,4501,27289,416
1755397171,59,18715,4501,27289,418
1755397471,59,18864,4500,27289,418
1755397771,59,18608,4499,27289,415
1755398071,58,18745,4500,27289,416
1755398371,59,18895,4498,27289,417
1755398671,58,18953,4500,27289,417
1755398971,59,18866,4499,27289,416
1755399271,59,18805,4501,27289,415
1755399571,58,18913,4500,27289,416
1755399871,58,18670,4500,27289,416
1755400171,58,18731,4500,27289,417
1755400471,59,18968,4501,27289,417
1755400771,58,19105,4500,27289,416
1755401071,59,18832,4499,27289,416
1755401371,58,18798,4499,27289,417
1755401671,58,18518,4502,27289,417
1755401971,58,18955,4500,27289,416
1755402271,57,19049,4501,27289,415
1755402571,58,18826,4501,27289,417
1755402871,58,18953,4501,27289,417
1755403171,59,18498,4498,27289,417
1755403471,58,18815,4499,27289,415
1755403771,57,19132,4500,27289,417
1755404071,59,19075,4500,27289,417
1755404371,58,19265,4501,27289,415
1755404671,58,18901,4498,27289,415
1755404971,58,19169,4502,27289,417
1755405271,58,18842,4499,27289,415
1755405571,57,19130,4500,27289,415
1755405871,57,18543,4499,27289,415
1755406171,57,19134,4500,27289,417
1755406471,58,19099,4502,27289,418
1755406771,58,19106,4497,27289,416
1755407071,58,19059,4502,27289,416
1755407371,57,19254,4501,27289,419
1755407671,57,18976,4498,27289,418
1755407971,57,18849,4501,27289,417
1755408271,58,19251,4500,27289,415
1755408571,60,19247,4501,27289,417
1755408871,62,19018,4501,27289,418
1755409171,66,18989,4500,27289,417
1755409471,71,19051,4499,27289,417
1755409771,77,18593,4502,27289,417
1755410071,81,19135,4500,27289,417
1755410371,89,19242,4499,27289,417
1755410671,97,19068,4500,27289,417
1755410971,94,19187,4500,27289,417
1755411271,105,19291,4501,27289,417
1755411571,137,19152,4500,27289,417
1755411871,151,19245,4499,27289,417
1755412171,156,19267,4500,27289,417
1755412471,147,19182,4500,27289,417
1755412771,126,19056,4502,27289,417
1755413071,138,19009,4499,27289,417
1755413371,133,18953,4500,27289,417
1755413671,129,19058,4501,27289,416
1755413971,136,19036,4500,27289,417
1755414271,160,18967,4500,27289,417
1755414571,154,19016,4502,27289,417
1755414871,156,18999,4501,27289,417
1755415171,170,19007,4500,27289,416
1755415471,188,18661,4501,27289,416
1755415771,201,19021,4501,27289,416
1755416071,226,18963,4500,27289,417
1755416371,232,18988,4500,27289,417
1755416671,249,18956,4501,27289,416
1755416971,256,19138,4499,27289,416
1755417271,279,18987,4501,27289,417
1755417571,307,19026,4503,27289,418
1755417871,363,18943,4501,27289,416
1755418171,369,19032,4502,27289,416
1755418471,373,18747,4501,27289,417
1755418771,385,18974,4499,27289,416
1755419071,397,19090,4500,27289,418
1755419371,400,18825,4500,27289,417
1755419671,387,18985,4503,27289,418
1755419971,382,19049,4502,27289,417
1755420271,374,19083,4500,27289,418
1755420571,357,19015,4503,27289,417
1755420871,378,19117,4501,27289,417
1755421171,364,18816,4502,27289,417
1755421471,343,19143,4501,27289,418
1755421771,369,19060,4500,27289,416
1755422071,352,19064,4499,27289,417
1755422371,331,19120,4501,27289,417
1755422671,295,19110,4500,27289,417
1755422971,283,19186,4501,27289,417
1755423271,300,19255,4502,27289,417
1755423571,314,19190,4499,27289,417
1755423871,341,19216,4502,27289,417
1755424171,333,19320,4501,27289,419
1755424471,313,19080,4501,27289,418
1755424771,289,19092,4501,27289,416
1755425071,254,19420,4499,27289,418
1755425371,239,19208,4502,27289,419
1755425671,254,19399,4501,27289,419
1755425971,242,19410,4503,27289,418
1755426271,225,19409,4500,27289,418
1755426571,223,19480,4501,27289,418
1755426871,224,19264,4500,27289,418
1755427171,204,19464,4503,27289,419
1755427471,205,19507,4499,27289,419
1755427771,222,19582,4499,27289,418
1755428071,235,19595,4499,27289,418
1755428371,248,19726,4501,27289,417
1755428671,276,19465,4501,27289,418
1755428971,285,19609,4499,27289,419
1755429271,173,19471,4501,27289,418
1755429571,301,19257,4502,27289,417
1755429871,413,19815,4502,27289,419
1755430171,419,19612,4499,27289,418
1755430471,329,19945,4501,27289,418
1755430771,356,19997,4501,27289,417
1755431071,259,19829,4499,27289,418
1755431371,387,19965,4501,27289,417
1755431671,359,20133,4502,27289,418
1755431971,379,19895,4501,27289,419
1755432271,451,20030,4502,27289,419
1755432571,386,20084,4502,27289,418
1755432871,498,20146,4502,27289,420
1755433171,711,20048,4500,27289,420
1755433471,1132,20272,4500,27289,418
1755433771,1925,19878,4502,27289,418
1755434071,844,19706,4501,27289,418
1755434371,2134,20092,4501,27289,419
1755434671,2037,20301,4500,27289,419
1755434971,2380,19991,4501,27289,418
1755435271,2154,20232,4502,27289,419
1755435571,2226,20297,4501,27289,419
1755435871,2216,20247,4500,27289,418
1755436171,2396,20220,4500,27289,418
1755436471,1239,20275,4502,27289,419
1755436771,608,20237,4498,27289,418
1755437071,954,20200,4501,27289,419
1755437371,1162,20300,4503,27289,418
1755437671,1757,20177,4503,27289,418
1755437971,475,20385,4499,27289,419
1755438271,557,20461,4499,27289,419
1755438571,2556,20208,4499,27289,419
1755438871,738,20409,4501,27289,419
1755439171,2182,20375,4501,27289,419
1755439471,1652,20283,4501,27289,418
1755439771,561,20418,4502,27289,417
1755440071,404,20409,4499,27289,417
1755440371,2504,20435,4500,27289,421
1755440671,2628,20315,4501,27289,419
1755440971,1702,20524,4501,27289,417
1755441271,1150,19997,4500,27289,419
1755441571,744,20464,4501,27289,417
1755441871,718,20407,4504,27289,419
1755442171,3051,20483,4502,27289,419
1755442471,1044,20413,4501,27289,419
1755442771,2401,20528,4497,27289,421
1755443071,1393,20718,4502,27289,418
1755443371,663,20622,4501,27289,421
1755443671,619,20679,4502,27289,418
1755443971,841,20464,4500,27289,420
1755444271,750,20642,4502,27289,418
1755444571,589,20397,4500,27289,419
1755444871,490,20432,4501,27289,419
1755445171,264,20544,4502,27289,422
1755445471,221,20631,4499,27289,418
1755445771,224,20645,4500,27289,418
1755446071,138,20580,4499,27289,418
1755446371,118,20515,4500,27289,421
1755446671,121,20594,4501,27289,422
1755446971,70,20525,4500,27289,418
1755447271,72,20469,4501,27289,420
1755447571,72,20725,4499,27289,420
1755447871,71,20664,4500,27289,420
1755448171,70,20768,4499,27289,420
1755448471,69,20991,4499,27289,420
1755448771,69,21310,4503,27289,420
1755449071,69,21119,4501,27289,420
1755449371,68,21133,4503,27289,418
1755449671,69,21258,4499,27289,421
1755449971,69,21635,4501,27289,420
1755450271,68,21588,4501,27289,418
1755450571,69,20299,4501,27289,420
1755450871,68,20292,4499,27289,418
1755451171,68,17173,4499,27289,421
1755451471,67,24396,4500,27289,418
1755451771,65,22052,4500,27289,421
1755452071,65,23294,4500,27289,419
1755452371,64,24043,4501,27289,419
1755452671,64,24002,4502,27289,419
1755452971,64,23573,4499,27289,420
1755453271,63,23959,4499,27289,420
1755453571,62,24210,4499,27289,419
1755453871,63,24681,4499,27289,418
1755454171,63,23953,4498,27289,419
1755454471,63,24124,4499,27289,420
1755454771,62,23602,4500,27289,418
1755455071,63,23606,4501,27289,418
1755455371,62,24334,4501,27289,419
1755455671,62,24046,4499,27289,420
1755455971,63,22643,4498,27289,420
1755456271,62,23397,4500,27289,420
1755456571,63,22355,4500,27289,421
1755456871,62,22032,4501,27289,419
1755457171,62,22069,4501,27289,419
1755457471,62,20330,4501,27289,420
1755457771,62,23199,4502,27289,418
1755458071,63,20998,4499,27289,418
1755458371,62,20969,4500,27289,419
1755458671,62,20684,4499,27289,419
1755458971,61,19539,4498,27289,420
1755459271,62,20239,4500,27289,419
1755459571,61,19773,4498,27289,418
1755459871,62,24454,4499,27289,419
1755460171,61,12289,4501,27289,419
1755460471,62,11629,4501,27289,421
1755460771,62,11162,4499,27289,419
1755461071,62,10970,4499,27289,419
1755461371,61,10739,4502,27289,419
1755461671,62,10622,4500,27289,418
1755461971,62,10348,4500,27289,420
1755462271,61,10320,4501,27289,419
1755462571,61,10055,4502,27289,419
1755462871,61,9303,4500,27289,420
1755463171,62,9272,4499,27289,419
1755463471,61,9375,4500,27289,421
1755463771,61,9228,4498,27289,419
1755464071,62,9200,4499,27289,419
1755464371,61,9194,4500,27289,418
1755464671,61,9173,4500,27289,418
1755464971,61,9142,4499,27289,419
1755465271,61,9151,4500,27289,421
1755465571,61,21228,4501,27289,419
1755465871,60,8625,4501,27289,419
1755466171,60,8647,4499,27289,421
1755466471,60,8586,4499,27289,421
1755466771,60,8523,4498,27289,419
1755467071,60,8596,4501,27289,420
1755467371,61,8603,4500,27289,418
1755467671,61,8676,4501,27289,419
1755467971,60,8564,4501,27289,421
1755468271,61,8638,4500,27289,418
1755468571,61,8605,4500,27289,420
1755468871,60,8610,4499,27289,420
1755469171,60,8638,4502,27289,418
1755469471,60,8637,4498,27289,420
1755469771,60,8623,4500,27289,420
1755470071,60,8611,4500,27289,420
1755470371,60,8616,4501,27289,419
1755470671,60,8621,4500,27289,419
1755470971,60,8624,4500,27289,419
1755471271,60,8611,4500,27289,419
1755471571,60,8603,4501,27289,419
1755471871,60,8578,4500,27289,420
1755472171,59,8492,4499,27289,420
1755472471,60,8576,4500,27289,419
1755472771,59,8559,4500,27289,419
1755473071,59,8581,4499,27289,419
1755473371,60,8575,4499,27289,419
1755473671,59,8551,4499,27289,421
1755473971,59,8508,4501,27289,420
1755474271,59,8502,4501,27289,419
1755474571,59,8454,4501,27289,419
1755474871,59,8559,4496,27289,419
1755475171,59,8484,4498,27289,420
