If found, please contact tlang@live.unc.edu
Firmware updated: 2023/03/14
OpenOBS SN:303

time,ambient_light,backscatter,pressure,water_temp,battery
1758672091,68,7641,4501,27289,425
1758672391,68,7636,4500,27289,414
1758672691,68,7649,4497,27289,414
1758672991,68,7711,4500,27289,415
1758673291,68,7662,4501,27289,414
1758673591,67,7692,4502,27289,414
1758673891,68,7718,4501,27289,415
1758674191,68,7889,4500,27289,415
1758674491,67,7592,4501,27289,414
1758674791,67,7574,4501,27289,414
1758675091,68,7650,4500,27289,414
1758675391,67,7855,4502,27289,414
1758675691,67,7647,4500,27289,414
1758675991,67,7766,4500,27289,415
1758676291,68,7659,4498,27289,414
1758676591,68,7846,4501,27289,414
1758676891,67,7660,4500,27289,414
1758677191,68,7701,4500,27289,414
1758677491,68,7763,4500,27289,413
1758677791,66,7753,4502,27289,416
1758678091,68,7749,4500,27289,415
1758678391,66,7510,4503,27289,415
1758678691,67,7934,4502,27289,415
1758678991,66,7746,4500,27289,415
1758679291,67,7905,4502,27289,415
1758679591,67,7897,4501,27289,415
1758679891,68,7958,4499,27289,415
1758680191,67,7757,4501,27289,415
1758680491,67,7521,4501,27289,416
1758680791,67,7672,4499,27289,415
1758681091,66,7584,4502,27289,415
1758681391,67,7700,4500,27289,415
1758681691,67,7520,4500,27289,417
1758681991,67,7690,4500,27289,417
1758682291,66,7670,4501,27289,414
1758682591,67,7674,4501,27289,414
1758682891,67,7741,4501,27289,414
1758683191,67,7721,4502,27289,414
1758683491,66,7691,4501,27289,415
1758683791,67,7784,4500,27289,415
1758684091,66,7822,4501,27289,415
1758684391,67,7875,4500,27289,415
1758684691,65,7881,4500,27289,415
1758684991,67,8121,4501,27289,414
1758685291,67,7850,4501,27289,415
1758685591,66,8047,4499,27289,417
1758685891,67,7718,4500,27289,415
1758686191,66,8043,4499,27289,415
1758686491,66,7965,4501,27289,415
1758686791,65,7991,4499,27289,415
1758687091,66,7935,4498,27289,416
1758687391,67,8069,4501,27289,416
1758687691,67,7872,4500,27289,416
1758687991,67,7891,4499,27289,416
1758688291,65,7938,4500,27289,416
1758688591,66,7849,4500,27289,415
1758688891,66,7864,4503,27289,417
1758689191,66,7883,4501,27289,416
1758689491,66,8018,4499,27289,414
1758689791,66,8097,4502,27289,414
1758690091,67,7929,4501,27289,414
1758690391,66,7956,4500,27289,415
1758690691,66,7978,4500,27289,417
1758690991,66,7970,4501,27289,416
1758691291,66,7967,4501,27289,415
1758691591,66,7990,4501,27289,417
1758691891,66,8088,4499,27289,414
1758692191,67,8140,4500,27289,416
1758692491,68,8042,4500,27289,414
1758692791,72,8050,4501,27289,415
1758693091,80,8150,4500,27289,410
1758693391,94,8083,4503,27289,409
1758693691,117,8060,4500,27289,410
1758693991,146,8090,4502,27289,410
1758694291,183,8034,4501,27289,410
1758694591,198,8308,4503,27289,408
1758694891,238,8154,4501,27289,408
1758695191,259,8262,4502,27289,409
1758695491,300,8230,4502,27289,409
1758695791,343,8211,4500,27289,410
1758696091,336,8243,4501,27289,409
1758696391,302,8240,4500,27289,409
1758696691,355,8369,4503,27289,410
1758696991,299,8292,4501,27289,410
1758697291,318,8344,4502,27289,409
1758697591,327,8368,4502,27289,408
1758697891,343,8311,4502,27289,409
1758698191,334,8333,4499,27289,410
1758698491,332,8298,4504,27289,410
1758698791,403,8456,4502,27289,409
1758699091,384,8391,4501,27289,409
1758699391,454,8478,4501,27289,410
1758699691,422,8424,4501,27289,408
1758699991,411,8449,4501,27289,408
1758700291,439,8442,4502,27289,410
1758700591,375,8485,4499,27289,410
1758700891,369,8507,4501,27289,408
1758701191,409,8537,4501,27289,410
1758701491,427,8619,4499,27289,410
1758701791,435,8699,4502,27289,409
1758702091,456,8661,4502,27289,410
1758702391,558,8855,4503,27289,408
1758702691,585,8964,4503,27289,408
1758702991,694,8769,4501,27289,410
1758703291,735,8713,4503,27289,410
1758703591,615,8750,4503,27289,410
1758703891,586,8745,4501,27289,409
1758704191,501,8703,4501,27289,409
1758704491,412,8662,4502,27289,409
1758704791,420,8694,4501,27289,410
1758705091,439,8548,4503,27289,409
1758705391,422,8542,4501,27289,410
1758705691,449,8576,4501,27289,410
1758705991,478,8562,4502,27289,409
1758706291,497,8543,4501,27289,411
1758706591,513,8569,4504,27289,409
1758706891,535,8565,4503,27289,410
1758707191,546,8569,4500,27289,410
1758707491,569,8589,4501,27289,409
1758707791,546,8614,4504,27289,410
1758708091,557,8618,4502,27289,411
1758708391,585,8605,4501,27289,411
1758708691,574,8608,4501,27289,411
1758708991,594,8620,4505,27289,411
1758709291,558,8718,4501,27289,410
1758709591,626,8672,4502,27289,410
1758709891,698,8625,4501,27289,411
1758710191,605,8649,4500,27289,411
1758710491,689,8722,4501,27289,410
1758710791,765,8414,4502,27289,410
1758711091,898,8468,4503,27289,409
1758711391,1006,8521,4504,27289,411
1758711691,1006,8536,4503,27289,411
1758711991,772,8385,4501,27289,410
1758712291,886,8648,4502,27289,410
1758712591,1143,8543,4503,27289,411
1758712891,1237,8542,4505,27289,410
1758713191,911,8543,4502,27289,409
1758713491,1008,8569,4502,27289,411
1758713791,1074,8602,4504,27289,411
1758714091,1091,8617,4503,27289,410
1758714391,1112,8646,4501,27289,410
1758714691,1517,8610,4505,27289,411
1758714991,1910,8674,4506,27289,410
1758715291,2168,8597,4507,27289,410
1758715591,829,8688,4501,27289,411
1758715891,834,8756,4503,27289,411
1758716191,910,8686,4505,27289,410
1758716491,911,8757,4503,27289,410
1758716791,832,8769,4504,27289,411
1758717091,682,8712,4502,27289,411
1758717391,835,8781,4503,27289,410
1758717691,1596,8767,4505,27289,410
1758717991,3987,8757,4515,27289,410
1758718291,1867,8819,4505,27289,410
1758718591,4225,8743,4514,27289,411
1758718891,3379,8787,4511,27289,409
1758719191,4490,8830,4515,27289,410
1758719491,4934,8832,4515,27289,410
1758719791,4567,8713,4512,27289,410
1758720091,2665,8881,4509,27289,412
1758720391,4825,8886,4514,27289,410
1758720691,2114,8406,4503,27289,410
1758720991,493,8436,4499,27289,410
1758721291,370,8240,4501,27289,411
1758721591,691,8448,4502,27289,410
1758721891,1088,8288,4502,27289,409
1758722191,1367,8351,4505,27289,410
1758722491,748,8423,4501,27289,410
1758722791,400,8486,4502,27289,409
1758723091,333,8531,4501,27289,411
1758723391,277,8559,4503,27289,411
1758723691,259,8683,4502,27289,411
1758723991,234,8812,4501,27289,411
1758724291,369,8754,4500,27289,411
1758724591,216,8741,4503,27289,411
1758724891,99,9256,4501,27289,411
1758725191,84,9616,4500,27289,411
1758725491,74,9966,4502,27289,410
1758725791,74,9689,4503,27289,411
1758726091,73,10569,4503,27289,411
1758726391,73,10818,4500,27289,411
1758726691,74,10712,4500,27289,410
1758726991,75,10640,4501,27289,411
1758727291,75,10720,4500,27289,409
1758727591,76,11531,4500,27289,410
1758727891,74,8159,4502,27289,409
1758728191,73,7721,4503,27289,411
1758728491,73,8863,4500,27289,412
1758728791,72,9566,4502,27289,410
1758729091,71,10618,4502,27289,412
1758729391,70,11111,4500,27289,412
1758729691,70,10931,4500,27289,411
1758729991,69,10637,4499,27289,411
1758730291,69,10525,4498,27289,411
1758730591,70,10051,4497,27289,411
1758730891,70,10036,4498,27289,410
1758731191,69,9508,4499,27289,410
1758731491,69,9093,4500,27289,410
1758731791,70,8854,4500,27289,411
1758732091,69,8627,4500,27289,411
1758732391,69,8652,4500,27289,410
1758732691,68,8583,4501,27289,410
1758732991,67,8469,4500,27289,410
1758733291,65,8417,4500,27289,413
1758733591,65,8446,4499,27289,411
1758733891,64,8253,4500,27289,410
1758734191,63,8235,4499,27289,413
1758734491,65,8025,4500,27289,411
1758734791,64,8240,4502,27289,410
1758735091,64,8085,4500,27289,411
1758735391,64,7985,4500,27289,410
1758735691,65,8306,4500,27289,410
1758735991,65,9823,4499,27289,410
1758736291,65,9992,4500,27289,411
1758736591,64,10417,4501,27289,413
1758736891,64,10584,4501,27289,410
1758737191,64,10067,4500,27289,412
1758737491,64,10205,4499,27289,411
1758737791,63,10010,4499,27289,412
1758738091,63,10197,4499,27289,412
1758738391,63,9717,4500,27289,411
1758738691,62,9482,4499,27289,412
1758738991,62,9319,4500,27289,413
1758739291,62,9206,4500,27289,411
1758739591,63,8945,4500,27289,412
1758739891,62,8824,4500,27289,412
1758740191,63,8577,4499,27289,412
1758740491,62,8593,4500,27289,412
1758740791,63,8367,4499,27289,411
1758741091,62,8321,4498,27289,411
1758741391,62,8207,4499,27289,411
1758741691,62,8115,4500,27289,412
1758741991,62,7995,4498,27289,412
1758742291,62,7906,4500,27289,412
1758742591,62,7778,4499,27289,412
1758742891,62,7676,4498,27289,413
1758743191,62,7574,4501,27289,411
1758743491,62,7528,4498,27289,412
1758743791,62,7370,4499,27289,412
1758744091,62,7499,4500,27289,412
1758744391,62,7381,4500,27289,412
1758744691,62,7342,4501,27289,412
1758744991,62,7173,4499,27289,412
1758745291,61,7116,4502,27289,412
1758745591,63,6911,4498,27289,413
1758745891,63,6911,4498,27289,413
1758746191,62,6735,4500,27289,413
1758746491,62,6445,4500,27289,411
1758746791,63,6337,4499,27289,412
1758747091,62,6114,4499,27289,412
1758747391,62,6102,4500,27289,412
1758747691,62,6271,4499,27289,412
1758747991,62,5728,4498,27289,412
1758748291,62,5714,4501,27289,414
1758748591,62,5551,4498,27289,412
1758748891,62,5632,4498,27289,411
1758749191,62,5476,4501,27289,411
1758749491,62,5460,4499,27289,412
1758749791,62,5178,4501,27289,412
1758750091,63,20502,4499,27289,413
1758750391,62,5332,4500,27289,411
1758750691,63,5167,4499,27289,413
1758750991,61,6160,4500,27289,413
1758751291,63,5341,4500,27289,412
1758751591,62,22126,4500,27289,413
1758751891,62,9388,4499,27289,412
1758752191,61,5133,4501,27289,412
1758752491,62,15032,4500,27289,412
1758752791,62,19343,4498,27289,414
1758753091,62,17180,4501,27289,413
1758753391,61,4728,4498,27289,413
1758753691,61,12805,4498,27289,413
1758753991,62,4493,4500,27289,412
1758754291,61,4311,4501,27289,412
1758754591,63,4385,4499,27289,412
1758754891,62,4504,4498,27289,412
1758755191,62,4229,4499,27289,414
1758755491,61,4242,4500,27289,412
1758755791,62,6903,4501,27289,412
1758756091,61,4376,4499,27289,414
1758756391,60,4640,4498,27289,412
1758756691,61,4537,4500,27289,412
1758756991,61,4174,4500,27289,412
1758757291,61,4883,4501,27289,412
1758757591,61,4189,4500,27289,412
1758757891,61,4220,4501,27289,412
1758758191,60,4086,4501,27289,412
