If found, please contact tlang@live.unc.edu
Firmware updated: 2023/03/14
OpenOBS SN:303

time,ambient_light,backscatter,pressure,water_temp,battery
1757894491,64,19540,4501,27289,434
1757894791,63,19527,4499,27289,427
1757895091,64,19512,4499,27289,427
1757895391,63,19522,4499,27289,427
1757895691,64,19510,4500,27289,426
1757895991,64,19504,4501,27289,427
1757896291,63,19485,4498,27289,424
1757896591,63,19484,4502,27289,427
1757896891,64,19548,4500,27289,425
1757897191,64,19529,4499,27289,425
1757897491,64,19610,4501,27289,427
1757897791,63,19601,4499,27289,427
1757898091,63,19583,4499,27289,426
1757898391,63,19572,4500,27289,425
1757898691,63,19552,4501,27289,427
1757898991,63,19556,4502,27289,427
1757899291,63,19545,4500,27289,426
1757899591,63,19518,4499,27289,426
1757899891,63,19536,4500,27289,426
1757900191,63,19525,4502,27289,427
1757900491,62,19527,4500,27289,426
1757900791,63,19516,4500,27289,427
1757901091,63,19519,4499,27289,427
1757901391,63,19512,4500,27289,426
1757901691,63,19627,4498,27289,425
1757901991,63,19570,4500,27289,427
1757902291,63,19580,4501,27289,427
1757902591,63,19537,4501,27289,425
1757902891,63,19543,4498,27289,427
1757903191,62,19524,4500,27289,424
1757903491,62,19608,4499,27289,427
1757903791,63,19620,4501,27289,427
1757904091,62,19670,4501,27289,427
1757904391,61,19626,4500,27289,425
1757904691,62,19735,4499,27289,425
1757904991,62,19827,4499,27289,425
1757905291,62,19747,4499,27289,425
1757905591,62,19792,4501,27289,426
1757905891,63,19840,4499,27289,427
1757906191,62,19889,4499,27289,426
1757906491,61,19908,4498,27289,426
1757906791,61,19950,4499,27289,426
1757907091,62,19979,4500,27289,426
1757907391,62,20058,4499,27289,425
1757907691,61,20027,4501,27289,428
1757907991,62,19821,4500,27289,426
1757908291,62,20215,4500,27289,425
1757908591,61,20090,4501,27289,426
1757908891,61,20223,4501,27289,426
1757909191,61,20304,4498,27289,426
1757909491,60,20362,4499,27289,426
1757909791,61,20476,4500,27289,426
1757910091,61,20489,4502,27289,426
1757910391,61,20740,4500,27289,425
1757910691,61,20764,4496,27289,425
1757910991,61,20978,4499,27289,425
1757911291,62,20889,4499,27289,427
1757911591,61,21060,4498,27289,426
1757911891,61,21155,4500,27289,427
1757912191,62,21348,4499,27289,425
1757912491,60,21349,4499,27289,426
1757912791,60,21463,4500,27289,427
1757913091,61,21523,4498,27289,426
1757913391,61,21489,4498,27289,427
1757913691,62,21477,4501,27289,427
1757913991,61,21337,4499,27289,427
1757914291,61,21373,4497,27289,426
1757914591,59,21507,4501,27289,427
1757914891,61,21433,4498,27289,427
1757915191,60,21441,4500,27289,427
1757915491,60,21402,4499,27289,426
1757915791,61,21376,4499,27289,427
1757916091,60,21458,4501,27289,426
1757916391,61,21347,4497,27289,428
1757916691,61,21325,4498,27289,426
1757916991,64,21388,4498,27289,427
1757917291,64,21423,4501,27289,426
1757917591,65,21420,4500,27289,426
1757917891,64,21541,4499,27289,426
1757918191,67,21487,4498,27289,428
1757918491,67,21492,4500,27289,426
1757918791,68,21440,4499,27289,426
1757919091,68,21436,4500,27289,425
1757919391,69,21427,4498,27289,427
1757919691,68,21488,4500,27289,427
1757919991,67,21470,4499,27289,426
1757920291,70,21474,4501,27289,427
1757920591,72,21504,4501,27289,426
1757920891,73,21436,4499,27289,429
1757921191,77,21450,4500,27289,427
1757921491,85,21463,4501,27289,427
1757921791,75,21466,4500,27289,426
1757922091,77,21471,4498,27289,426
1757922391,90,21448,4500,27289,427
1757922691,99,21436,4500,27289,427
1757922991,81,21563,4499,27289,427
1757923291,96,21585,4500,27289,426
1757923591,103,21470,4500,27289,426
1757923891,111,21435,4499,27289,425
1757924191,85,21508,4499,27289,426
1757924491,82,21494,4500,27289,426
1757924791,119,21555,4501,27289,426
1757925091,96,21474,4500,27289,426
1757925391,89,21628,4501,27289,427
1757925691,100,21637,4500,27289,426
1757925991,82,21538,4500,27289,427
1757926291,86,21630,4500,27289,427
1757926591,82,21476,4502,27289,427
1757926891,80,21492,4498,27289,426
1757927191,86,21501,4499,27289,426
1757927491,88,21496,4501,27289,427
1757927791,85,21637,4501,27289,427
1757928091,85,21397,4500,27289,427
1757928391,101,21521,4502,27289,427
1757928691,85,21447,4500,27289,427
1757928991,92,21493,4499,27289,427
1757929291,88,21549,4498,27289,427
1757929591,87,21511,4500,27289,427
1757929891,89,21628,4500,27289,426
1757930191,87,21456,4501,27289,428
1757930491,126,21420,4500,27289,427
1757930791,100,21578,4500,27289,426
1757931091,103,21695,4500,27289,428
1757931391,111,21541,4501,27289,426
1757931691,98,21506,4501,27289,426
1757931991,116,21561,4500,27289,428
1757932291,94,21573,4501,27289,426
1757932591,107,21520,4500,27289,428
1757932891,86,21538,4498,27289,427
1757933191,102,21654,4500,27289,428
1757933491,88,21533,4499,27289,427
1757933791,94,21568,4501,27289,427
1757934091,91,21490,4502,27289,427
1757934391,103,21511,4498,27289,427
1757934691,87,21542,4502,27289,427
1757934991,104,21532,4501,27289,428
1757935291,104,21563,4502,27289,427
1757935591,88,21506,4502,27289,426
1757935891,110,21482,4501,27289,428
1757936191,82,21467,4502,27289,427
1757936491,87,21463,4501,27289,427
1757936791,84,21609,4501,27289,427
1757937091,71,21442,4501,27289,427
1757937391,71,21443,4500,27289,427
1757937691,79,21558,4501,27289,427
1757937991,80,21405,4501,27289,429
1757938291,86,21389,4501,27289,427
1757938591,92,21406,4499,27289,429
1757938891,86,21385,4500,27289,427
1757939191,80,21327,4501,27289,426
1757939491,78,21353,4501,27289,427
1757939791,97,21320,4499,27289,426
1757940091,80,21325,4502,27289,427
1757940391,82,21336,4501,27289,427
1757940691,86,21270,4499,27289,429
1757940991,131,21282,4502,27289,427
1757941291,129,21275,4503,27289,427
1757941591,155,21278,4501,27289,427
1757941891,145,21233,4503,27289,426
1757942191,158,21267,4503,27289,427
1757942491,83,21256,4502,27289,428
1757942791,89,21245,4501,27289,428
1757943091,107,21202,4502,27289,428
1757943391,86,21200,4499,27289,429
1757943691,82,21199,4502,27289,428
1757943991,78,21191,4501,27289,427
1757944291,83,21208,4498,27289,426
1757944591,117,21174,4501,27289,427
1757944891,108,21186,4501,27289,428
1757945191,81,21164,4501,27289,428
1757945491,75,21137,4499,27289,429
1757945791,85,21112,4501,27289,427
1757946091,135,21129,4502,27289,427
1757946391,91,21113,4501,27289,428
1757946691,156,21128,4501,27289,427
1757946991,136,21120,4501,27289,430
1757947291,138,21107,4501,27289,428
1757947591,122,21126,4504,27289,428
1757947891,126,21126,4504,27289,428
1757948191,118,21098,4502,27289,428
1757948491,128,21175,4501,27289,429
1757948791,79,21075,4501,27289,429
1757949091,78,21087,4501,27289,429
1757949391,78,21041,4503,27289,428
1757949691,90,21071,4501,27289,429
1757949991,87,21059,4501,27289,429
1757950291,87,21017,4502,27289,429
1757950591,84,21032,4500,27289,429
1757950891,90,21024,4501,27289,429
1757951191,98,21081,4501,27289,429
1757951491,87,21016,4500,27289,429
1757951791,76,21024,4502,27289,427
1757952091,78,20955,4500,27289,427
1757952391,74,20972,4499,27289,429
1757952691,75,20968,4502,27289,428
1757952991,72,20944,4499,27289,428
1757953291,77,20962,4501,27289,427
1757953591,73,20939,4501,27289,427
1757953891,73,20956,4502,27289,427
1757954191,74,20941,4502,27289,428
1757954491,73,20938,4502,27289,427
1757954791,71,20933,4500,27289,427
1757955091,73,20875,4500,27289,428
1757955391,73,20869,4500,27289,428
1757955691,77,20910,4500,27289,428
1757955991,72,20885,4501,27289,427
1757956291,71,20853,4500,27289,427
1757956591,72,20837,4502,27289,429
1757956891,74,20801,4501,27289,428
1757957191,72,20845,4501,27289,428
1757957491,72,20841,4501,27289,429
1757957791,73,20846,4502,27289,408
1757958091,71,20845,4500,27289,409
1757958391,70,20830,4499,27289,409
1757958691,70,20819,4500,27289,409
1757958991,71,20841,4502,27289,409
1757959291,69,20796,4500,27289,409
1757959591,69,20785,4500,27289,409
1757959891,70,20777,4501,27289,408
1757960191,70,20758,4499,27289,409
1757960491,69,20744,4500,27289,409
1757960791,70,20702,4501,27289,409
1757961091,69,20744,4498,27289,409
1757961391,70,20737,4498,27289,409
1757961691,69,20700,4501,27289,409
1757961991,69,20661,4501,27289,409
1757962291,69,20677,4500,27289,409
1757962591,68,20663,4499,27289,410
1757962891,68,20638,4500,27289,410
1757963191,68,20621,4501,27289,410
1757963491,68,20622,4501,27289,409
1757963791,68,20610,4501,27289,410
1757964091,68,20601,4501,27289,410
1757964391,68,20575,4500,27289,409
1757964691,68,20571,4498,27289,409
1757964991,68,20596,4500,27289,409
1757965291,68,20572,4499,27289,409
1757965591,68,20563,4501,27289,411
1757965891,68,20558,4500,27289,409
1757966191,68,20535,4501,27289,411
1757966491,67,20527,4501,27289,411
1757966791,66,20518,4500,27289,409
1757967091,67,20524,4500,27289,409
1757967391,67,20485,4502,27289,411
1757967691,67,20476,4499,27289,409
1757967991,68,20476,4501,27289,411
1757968291,67,20480,4496,27289,410
1757968591,67,20458,4501,27289,409
1757968891,67,20458,4499,27289,410
1757969191,67,20430,4500,27289,410
1757969491,66,20438,4500,27289,410
1757969791,67,20426,4501,27289,411
1757970091,67,20443,4499,27289,410
1757970391,67,20402,4499,27289,409
1757970691,66,20399,4501,27289,411
1757970991,67,20392,4499,27289,410
1757971291,66,20380,4501,27289,411
1757971591,67,20376,4500,27289,410
1757971891,67,20376,4500,27289,410
1757972191,67,20339,4499,27289,409
1757972491,67,20326,4498,27289,410
1757972791,66,20255,4499,27289,409
1757973091,66,20302,4498,27289,409
1757973391,67,20324,4501,27289,409
1757973691,66,20286,4500,27289,411
1757973991,66,20267,4501,27289,409
1757974291,66,20278,4501,27289,409
1757974591,67,20293,4499,27289,409
1757974891,67,20270,4499,27289,411
1757975191,65,20274,4499,27289,410
1757975491,66,20294,4500,27289,410
1757975791,66,20279,4502,27289,411
1757976091,66,20258,4501,27289,410
1757976391,65,20264,4499,27289,410
1757976691,66,20257,4500,27289,410
1757976991,65,20258,4501,27289,410
1757977291,65,20249,4501,27289,411
1757977591,66,20254,4501,27289,410
1757977891,65,20283,4500,27289,410
1757978191,65,20232,4500,27289,410
1757978491,66,20221,4499,27289,409
1757978791,65,20183,4499,27289,409
1757979091,65,20178,4502,27289,410
1757979391,65,20151,4500,27289,409
1757979691,66,20033,4500,27289,409
1757979991,65,20157,4500,27289,410
1757980291,65,20384,4500,27289,411
1757980591,65,20314,4501,27289,409
