If found, please contact tlang@live.unc.edu
Firmware updated: 2023/03/14
OpenOBS SN:303

time,ambient_light,backscatter,pressure,water_temp,battery
1758153691,61,7054,4497,27289,421
1758153991,61,7144,4499,27289,411
1758154291,62,7081,4498,27289,411
1758154591,62,7167,4499,27289,412
1758154891,61,7145,4501,27289,413
1758155191,61,7176,4499,27289,411
1758155491,62,7220,4499,27289,412
1758155791,62,7168,4501,27289,412
1758156091,62,7156,4500,27289,411
1758156391,61,7186,4498,27289,411
1758156691,62,7215,4498,27289,411
1758156991,62,7201,4496,27289,412
1758157291,61,7164,4499,27289,411
1758157591,61,7242,4499,27289,411
1758157891,61,7234,4500,27289,411
1758158191,62,7268,4497,27289,412
1758158491,61,7273,4499,27289,411
1758158791,61,7336,4499,27289,411
1758159091,62,7160,4502,27289,412
1758159391,62,7125,4498,27289,412
1758159691,61,7181,4499,27289,411
1758159991,61,7317,4499,27289,414
1758160291,62,7409,4498,27289,412
1758160591,61,7437,4502,27289,412
1758160891,61,7450,4498,27289,412
1758161191,61,7584,4500,27289,412
1758161491,60,7577,4499,27289,413
1758161791,61,7614,4498,27289,412
1758162091,60,7583,4499,27289,413
1758162391,60,7640,4499,27289,413
1758162691,60,7602,4500,27289,413
1758162991,59,7660,4498,27289,412
1758163291,60,7599,4498,27289,412
1758163591,60,7601,4499,27289,413
1758163891,61,7246,4499,27289,413
1758164191,60,8507,4498,27289,412
1758164491,60,7384,4499,27289,413
1758164791,60,7198,4498,27289,413
1758165091,60,7250,4500,27289,412
1758165391,59,7340,4501,27289,413
1758165691,60,7360,4498,27289,412
1758165991,60,7269,4501,27289,413
1758166291,60,7983,4499,27289,414
1758166591,61,8107,4498,27289,412
1758166891,58,7381,4498,27289,411
1758167191,60,7361,4498,27289,413
1758167491,60,8327,4499,27289,413
1758167791,60,7183,4499,27289,412
1758168091,59,7112,4500,27289,411
1758168391,60,9244,4500,27289,414
1758168691,59,6822,4498,27289,411
1758168991,60,6782,4497,27289,411
1758169291,59,6718,4500,27289,413
1758169591,59,9674,4501,27289,413
1758169891,60,12089,4498,27289,413
1758170191,59,6125,4500,27289,412
1758170491,60,6064,4498,27289,412
1758170791,59,6135,4498,27289,413
1758171091,60,6223,4501,27289,412
1758171391,60,6131,4501,27289,413
1758171691,59,6036,4500,27289,413
1758171991,59,6093,4497,27289,412
1758172291,59,6028,4498,27289,413
1758172591,59,6003,4499,27289,413
1758172891,59,5954,4501,27289,413
1758173191,59,5941,4497,27289,412
1758173491,60,6069,4500,27289,413
1758173791,59,5928,4499,27289,413
1758174091,58,5944,4498,27289,413
1758174391,59,5824,4499,27289,414
1758174691,59,5855,4499,27289,413
1758174991,59,5782,4501,27289,414
1758175291,59,5793,4499,27289,411
1758175591,60,5720,4501,27289,411
1758175891,60,5673,4501,27289,411
1758176191,59,5631,4498,27289,414
1758176491,59,5520,4501,27289,414
1758176791,59,5522,4500,27289,412
1758177091,60,5462,4498,27289,412
1758177391,59,5515,4501,27289,412
1758177691,59,5475,4499,27289,415
1758177991,60,5455,4498,27289,412
1758178291,60,5490,4499,27289,412
1758178591,60,5485,4498,27289,412
1758178891,61,5467,4498,27289,412
1758179191,60,5438,4499,27289,412
1758179491,61,5426,4499,27289,412
1758179791,60,5454,4500,27289,412
1758180091,62,5408,4498,27289,414
1758180391,63,5430,4500,27289,412
1758180691,64,5440,4501,27289,412
1758180991,64,5450,4499,27289,414
1758181291,64,5413,4498,27289,412
1758181591,67,5400,4499,27289,413
1758181891,65,5439,4500,27289,412
1758182191,70,5419,4501,27289,412
1758182491,68,5418,4498,27289,413
1758182791,72,5397,4499,27289,412
1758183091,75,5368,4497,27289,412
1758183391,81,5418,4500,27289,412
1758183691,89,5426,4497,27289,412
1758183991,87,5493,4499,27289,414
1758184291,92,5436,4501,27289,414
1758184591,98,5406,4502,27289,414
1758184891,103,5369,4498,27289,414
1758185191,102,5404,4499,27289,414
1758185491,109,5344,4501,27289,414
1758185791,114,5396,4501,27289,413
1758186091,117,5364,4499,27289,412
1758186391,114,5343,4501,27289,413
1758186691,118,5336,4500,27289,415
1758186991,124,5373,4501,27289,414
1758187291,127,5391,4499,27289,415
1758187591,136,5374,4501,27289,415
1758187891,138,5374,4498,27289,415
1758188191,153,5394,4500,27289,415
1758188491,159,5389,4501,27289,414
1758188791,172,5345,4500,27289,414
1758189091,174,5397,4500,27289,413
1758189391,185,5391,4500,27289,414
1758189691,186,5398,4500,27289,414
1758189991,207,5412,4501,27289,414
1758190291,211,5371,4502,27289,414
1758190591,241,5371,4502,27289,413
1758190891,242,5350,4501,27289,414
1758191191,247,5341,4501,27289,413
1758191491,270,5340,4500,27289,413
1758191791,290,5322,4500,27289,415
1758192091,307,5341,4501,27289,414
1758192391,328,5345,4502,27289,413
1758192691,345,5323,4501,27289,414
1758192991,395,5345,4502,27289,414
1758193291,421,5350,4498,27289,413
1758193591,492,5343,4500,27289,413
1758193891,520,5344,4501,27289,412
1758194191,600,5381,4501,27289,413
1758194491,525,5371,4501,27289,415
1758194791,579,5380,4500,27289,412
1758195091,631,5397,4499,27289,412
1758195391,672,5394,4501,27289,413
1758195691,670,5381,4503,27289,413
1758195991,803,5412,4501,27289,413
1758196291,869,5412,4501,27289,413
1758196591,914,5424,4500,27289,413
1758196891,1113,5479,4501,27289,413
1758197191,1829,5438,4504,27289,412
1758197491,2706,5465,4507,27289,415
1758197791,1317,5460,4501,27289,413
1758198091,3870,5445,4505,27289,415
1758198391,1693,5448,4502,27289,415
1758198691,1095,5495,4502,27289,414
1758198991,1338,5485,4503,27289,413
1758199291,1144,5473,4503,27289,413
1758199591,1863,5502,4506,27289,413
1758199891,3571,5533,4509,27289,413
1758200191,4492,5509,4509,27289,414
1758200491,4460,5530,4512,27289,413
1758200791,989,5552,4504,27289,414
1758201091,668,5561,4503,27289,415
1758201391,776,5564,4503,27289,413
1758201691,4731,5571,4510,27289,413
1758201991,5041,5607,4512,27289,414
1758202291,5156,5611,4511,27289,413
1758202591,5320,5594,4513,27289,413
1758202891,5318,5602,4514,27289,413
1758203191,3421,5614,4510,27289,413
1758203491,1379,5635,4507,27289,414
1758203791,1066,5660,4504,27289,413
1758204091,1542,5627,4505,27289,414
1758204391,670,5605,4502,27289,413
1758204691,537,5636,4502,27289,415
1758204991,411,5616,4499,27289,414
1758205291,390,5622,4502,27289,414
1758205591,418,5638,4503,27289,414
1758205891,375,5632,4501,27289,413
1758206191,399,5672,4500,27289,414
1758206491,414,5676,4502,27289,413
1758206791,259,5666,4499,27289,414
1758207091,233,5662,4502,27289,414
1758207391,291,5668,4499,27289,413
1758207691,293,5713,4500,27289,414
1758207991,295,5696,4500,27289,414
1758208291,323,5722,4499,27289,414
1758208591,390,5738,4502,27289,414
1758208891,471,5756,4502,27289,415
1758209191,491,5768,4501,27289,415
1758209491,374,5772,4500,27289,413
1758209791,257,6814,4499,27289,414
1758210091,272,5791,4502,27289,414
1758210391,261,5872,4500,27289,414
1758210691,292,5813,4504,27289,414
1758210991,331,5815,4500,27289,413
1758211291,392,5851,4503,27289,413
1758211591,433,5850,4502,27289,413
1758211891,447,5883,4499,27289,413
1758212191,498,5875,4501,27289,414
1758212491,478,5886,4500,27289,413
1758212791,370,5901,4500,27289,414
1758213091,297,5921,4500,27289,414
1758213391,281,5914,4500,27289,414
1758213691,299,5943,4500,27289,414
1758213991,321,5989,4502,27289,414
1758214291,329,5970,4499,27289,414
1758214591,302,5968,4500,27289,415
1758214891,281,6007,4502,27289,415
1758215191,240,5998,4501,27289,414
1758215491,223,6027,4501,27289,414
1758215791,241,6030,4501,27289,414
1758216091,251,6068,4500,27289,414
1758216391,261,6078,4501,27289,415
1758216691,243,6080,4501,27289,414
1758216991,234,6095,4500,27289,414
1758217291,203,6080,4499,27289,414
1758217591,156,6124,4501,27289,414
1758217891,113,6130,4498,27289,415
1758218191,92,6109,4502,27289,414
1758218491,78,6108,4498,27289,416
1758218791,71,6182,4502,27289,415
1758219091,68,6254,4499,27289,414
1758219391,67,6387,4500,27289,414
1758219691,66,6508,4499,27289,414
1758219991,65,6625,4498,27289,415
1758220291,66,6732,4500,27289,414
1758220591,66,6838,4501,27289,414
1758220891,66,6942,4498,27289,415
1758221191,67,7115,4500,27289,414
1758221491,66,7281,4499,27289,415
1758221791,66,7228,4499,27289,415
1758222091,66,7259,4500,27289,415
1758222391,65,7248,4500,27289,415
1758222691,66,7216,4501,27289,415
1758222991,66,7138,4501,27289,415
1758223291,65,7137,4499,27289,415
1758223591,65,7142,4500,27289,414
1758223891,64,7132,4500,27289,413
1758224191,65,7101,4500,27289,415
1758224491,65,7100,4500,27289,416
1758224791,65,7022,4500,27289,415
1758225091,65,7025,4498,27289,414
1758225391,65,7032,4500,27289,413
1758225691,64,7102,4500,27289,414
1758225991,65,6998,4499,27289,415
1758226291,65,7028,4497,27289,415
1758226591,65,7002,4499,27289,415
1758226891,64,6999,4501,27289,415
1758227191,65,7042,4497,27289,415
1758227491,65,7064,4497,27289,415
1758227791,64,7086,4497,27289,415
1758228091,64,7058,4499,27289,415
1758228391,64,7023,4499,27289,415
1758228691,65,7104,4499,27289,415
1758228991,63,7014,4499,27289,414
1758229291,64,7088,4499,27289,415
1758229591,64,7032,4499,27289,415
1758229891,64,7013,4499,27289,415
1758230191,64,7078,4500,27289,415
1758230491,64,7076,4498,27289,415
1758230791,63,7068,4499,27289,417
1758231091,63,7106,4501,27289,415
1758231391,64,7038,4497,27289,414
1758231691,64,7088,4501,27289,416
1758231991,64,7072,4501,27289,416
1758232291,63,7105,4497,27289,414
1758232591,64,7117,4501,27289,414
1758232891,64,7159,4500,27289,415
1758233191,63,7108,4499,27289,414
1758233491,63,7142,4498,27289,415
1758233791,63,7118,4500,27289,415
1758234091,63,7124,4498,27289,415
1758234391,62,7081,4498,27289,415
1758234691,63,7168,4501,27289,414
1758234991,63,7064,4500,27289,415
1758235291,63,7102,4499,27289,414
1758235591,63,7106,4499,27289,415
1758235891,63,7123,4501,27289,414
1758236191,63,7095,4500,27289,414
1758236491,63,7111,4500,27289,415
1758236791,62,7079,4497,27289,416
1758237091,62,7133,4498,27289,417
1758237391,63,7109,4500,27289,415
1758237691,63,7162,4498,27289,414
1758237991,63,7106,4498,27289,415
1758238291,63,7093,4500,27289,416
1758238591,63,7184,4498,27289,414
1758238891,62,7144,4500,27289,415
1758239191,62,7117,4498,27289,417
1758239491,62,7196,4500,27289,415
1758239791,61,7126,4499,27289,415
