If found, please contact tlang@live.unc.edu
Firmware updated: 2023/03/14
OpenOBS SN:303

time,ambient_light,backscatter,pressure,water_temp,battery
1754438671,52,3686,4500,27289,432
1754438971,51,3676,4500,27289,424
1754439271,51,3670,4500,27289,424
1754439571,50,3674,4500,27289,425
1754439871,50,3679,4499,27289,425
1754440171,51,3678,4500,27289,425
1754440471,50,3651,4501,27289,425
1754440771,50,3655,4500,27289,425
1754441071,51,3657,4499,27289,425
1754441371,50,3669,4499,27289,425
1754441671,51,3660,4499,27289,425
1754441971,50,3663,4501,27289,424
1754442271,50,3647,4499,27289,425
1754442571,50,3675,4500,27289,425
1754442871,51,3606,4500,27289,425
1754443171,50,3645,4499,27289,423
1754443471,50,3640,4501,27289,425
1754443771,50,3641,4502,27289,424
1754444071,50,3647,4500,27289,424
1754444371,50,3653,4499,27289,424
1754444671,49,3637,4501,27289,423
1754444971,50,3623,4502,27289,425
1754445271,50,3633,4501,27289,425
1754445571,50,3641,4499,27289,424
1754445871,51,3629,4498,27289,425
1754446171,49,3629,4498,27289,423
1754446471,50,3642,4499,27289,424
1754446771,49,3639,4501,27289,423
1754447071,50,3657,4499,27289,425
1754447371,50,3656,4497,27289,425
1754447671,50,3661,4499,27289,424
1754447971,49,3643,4501,27289,424
1754448271,49,3643,4501,27289,425
1754448571,49,3632,4500,27289,424
1754448871,49,3631,4501,27289,424
1754449171,49,3669,4501,27289,424
1754449471,50,3652,4502,27289,425
1754449771,49,3633,4498,27289,425
1754450071,50,3649,4500,27289,425
1754450371,49,3667,4501,27289,425
1754450671,50,3725,4500,27289,425
1754450971,49,3654,4498,27289,425
1754451271,49,3651,4499,27289,424
1754451571,49,3656,4498,27289,425
1754451871,49,3677,4500,27289,425
1754452171,49,3669,4499,27289,424
1754452471,49,3664,4499,27289,425
1754452771,49,3641,4499,27289,425
1754453071,49,3643,4500,27289,423
1754453371,49,3657,4498,27289,425
1754453671,49,3658,4499,27289,425
1754453971,48,3660,4500,27289,425
1754454271,49,3653,4501,27289,425
1754454571,49,3659,4500,27289,424
1754454871,49,3661,4500,27289,425
1754455171,48,3659,4499,27289,424
1754455471,49,3658,4499,27289,425
1754455771,48,3665,4501,27289,425
1754456071,49,3662,4498,27289,424
1754456371,48,3647,4498,27289,424
1754456671,49,3666,4502,27289,425
1754456971,48,3659,4500,27289,425
1754457271,48,3665,4500,27289,425
1754457571,48,3681,4500,27289,424
1754457871,48,3668,4497,27289,425
1754458171,50,3688,4499,27289,425
1754458471,52,3707,4500,27289,425
1754458771,54,3716,4500,27289,425
1754459071,61,3714,4499,27289,425
1754459371,69,3705,4500,27289,425
1754459671,75,3688,4502,27289,425
1754459971,83,3676,4499,27289,425
1754460271,86,3694,4498,27289,425
1754460571,96,3682,4500,27289,425
1754460871,106,3694,4501,27289,425
1754461171,121,3685,4502,27289,426
1754461471,127,3708,4501,27289,424
1754461771,126,3701,4501,27289,425
1754462071,109,3721,4499,27289,425
1754462371,126,3715,4500,27289,424
1754462671,136,3734,4500,27289,425
1754462971,162,3715,4499,27289,425
1754463271,180,3734,4500,27289,424
1754463571,171,3713,4499,27289,425
1754463871,185,3746,4499,27289,425
1754464171,186,3725,4501,27289,424
1754464471,189,3723,4501,27289,425
1754464771,202,3740,4500,27289,426
1754465071,196,3731,4501,27289,425
1754465371,198,3761,4499,27289,425
1754465671,236,3750,4499,27289,425
1754465971,243,3741,4501,27289,425
1754466271,191,3759,4500,27289,424
1754466571,182,3752,4500,27289,424
1754466871,177,3755,4499,27289,424
1754467171,224,3743,4499,27289,425
1754467471,189,3751,4501,27289,425
1754467771,203,3755,4502,27289,425
1754468071,182,3767,4502,27289,425
1754468371,142,3783,4500,27289,426
1754468671,133,3770,4501,27289,425
1754468971,142,3768,4500,27289,425
1754469271,154,3763,4500,27289,425
1754469571,157,3759,4499,27289,426
1754469871,160,3766,4499,27289,425
1754470171,160,3765,4500,27289,425
1754470471,164,3772,4501,27289,425
1754470771,166,3781,4501,27289,426
1754471071,181,3797,4501,27289,425
1754471371,205,3779,4502,27289,426
1754471671,210,3771,4501,27289,426
1754471971,221,3807,4500,27289,426
1754472271,259,3781,4499,27289,425
1754472571,240,3785,4502,27289,426
1754472871,236,3785,4501,27289,425
1754473171,236,3794,4499,27289,424
1754473471,237,3794,4500,27289,426
1754473771,312,3806,4501,27289,425
1754474071,247,3800,4500,27289,426
1754474371,251,3804,4499,27289,426
1754474671,265,3822,4503,27289,426
1754474971,275,3808,4500,27289,426
1754475271,355,3831,4499,27289,426
1754475571,412,3806,4502,27289,427
1754475871,503,3835,4501,27289,427
1754476171,767,3836,4501,27289,424
1754476471,887,3830,4502,27289,426
1754476771,833,3837,4501,27289,426
1754477071,897,3835,4502,27289,426
1754477371,989,3850,4501,27289,426
1754477671,986,3843,4500,27289,427
1754477971,1107,3853,4499,27289,426
1754478271,1050,3852,4501,27289,426
1754478571,820,3901,4501,27289,427
1754478871,670,3919,4500,27289,428
1754479171,792,3925,4502,27289,428
1754479471,1173,3903,4502,27289,428
1754479771,1611,3894,4502,27289,428
1754480071,1784,3887,4503,27289,426
1754480371,1960,3886,4500,27289,425
1754480671,2101,3888,4501,27289,425
1754480971,2282,3896,4503,27289,428
1754481271,2252,3898,4502,27289,428
1754481571,2588,3913,4502,27289,426
1754481871,2285,3922,4501,27289,429
1754482171,2196,3926,4501,27289,427
1754482471,2813,3930,4499,27289,427
1754482771,2246,3921,4502,27289,426
1754483071,1958,3930,4503,27289,427
1754483371,2053,3950,4502,27289,427
1754483671,2827,3945,4503,27289,407
1754483971,4177,3952,4502,27289,406
1754484271,6034,3958,4505,27289,406
1754484571,2825,3977,4502,27289,406
1754484871,2058,3984,4502,27289,406
1754485171,2916,3979,4502,27289,406
1754485471,1622,3979,4500,27289,406
1754485771,2915,4001,4502,27289,408
1754486071,4438,4000,4504,27289,407
1754486371,5340,4015,4503,27289,407
1754486671,5627,4021,4504,27289,407
1754486971,3268,4029,4503,27289,408
1754487271,1690,4032,4500,27289,408
1754487571,1677,4029,4503,27289,408
1754487871,10203,4041,4506,27289,409
1754488171,2331,4051,4500,27289,408
1754488471,8473,4057,4506,27289,408
1754488771,1770,4055,4501,27289,408
1754489071,4693,4074,4502,27289,408
1754489371,1491,4069,4500,27289,408
1754489671,2183,4077,4501,27289,408
1754489971,2404,4093,4502,27289,409
1754490271,2348,4092,4501,27289,408
1754490571,4246,4103,4501,27289,408
1754490871,2084,4107,4502,27289,408
1754491171,2201,4105,4502,27289,407
1754491471,4485,4120,4502,27289,408
1754491771,9251,4133,4508,27289,408
1754492071,2631,4125,4503,27289,408
1754492371,6398,4166,4503,27289,408
1754492671,2562,4166,4502,27289,408
1754492971,1692,4162,4502,27289,408
1754493271,7020,4189,4506,27289,407
1754493571,1474,4167,4501,27289,408
1754493871,6399,4193,4504,27289,408
1754494171,7610,4196,4504,27289,408
1754494471,1513,4194,4500,27289,408
1754494771,2775,4190,4503,27289,408
1754495071,8849,4210,4505,27289,408
1754495371,8842,4215,4505,27289,408
1754495671,8718,4219,4504,27289,409
1754495971,8805,4225,4506,27289,408
1754496271,8546,4241,4506,27289,409
1754496571,8402,4258,4505,27289,408
1754496871,7580,4251,4504,27289,409
1754497171,7433,4257,4505,27289,409
1754497471,6854,4262,4504,27289,409
1754497771,6387,4274,4504,27289,409
1754498071,3353,4295,4499,27289,409
1754498371,4241,4311,4502,27289,409
1754498671,1486,4314,4503,27289,409
1754498971,2103,4315,4503,27289,409
1754499271,1980,4305,4500,27289,409
1754499571,1869,4314,4501,27289,408
1754499871,4024,4320,4504,27289,409
1754500171,1620,4315,4499,27289,411
1754500471,3884,4324,4505,27289,408
1754500771,1063,4327,4502,27289,409
1754501071,770,4337,4499,27289,411
1754501371,692,4338,4501,27289,409
1754501671,763,4335,4500,27289,408
1754501971,780,4338,4502,27289,408
1754502271,777,4351,4500,27289,409
1754502571,712,4351,4501,27289,408
1754502871,812,4355,4502,27289,411
1754503171,819,4375,4500,27289,409
1754503471,581,4382,4499,27289,409
1754503771,457,4384,4499,27289,409
1754504071,439,4390,4501,27289,410
1754504371,339,4407,4500,27289,408
1754504671,283,4412,4500,27289,408
1754504971,260,4419,4501,27289,410
1754505271,203,4418,4501,27289,409
1754505571,173,4421,4499,27289,408
1754505871,134,4423,4500,27289,408
1754506171,99,4430,4500,27289,409
1754506471,82,4437,4502,27289,409
1754506771,72,4446,4500,27289,410
1754507071,66,4472,4500,27289,408
1754507371,63,4464,4499,27289,410
1754507671,63,4479,4498,27289,408
1754507971,62,4475,4499,27289,408
1754508271,62,4475,4500,27289,408
1754508571,63,4481,4499,27289,408
1754508871,63,4474,4500,27289,409
1754509171,62,4480,4499,27289,409
1754509471,63,4499,4499,27289,409
1754509771,62,4506,4500,27289,409
1754510071,63,4525,4501,27289,409
1754510371,62,4539,4500,27289,408
1754510671,62,4536,4500,27289,408
1754510971,62,4558,4502,27289,409
1754511271,62,4542,4501,27289,409
1754511571,62,4559,4502,27289,409
1754511871,61,4554,4501,27289,408
1754512171,61,4552,4501,27289,408
1754512471,61,4560,4501,27289,408
1754512771,61,4579,4500,27289,410
1754513071,61,4576,4501,27289,409
1754513371,61,4585,4501,27289,409
1754513671,61,4586,4500,27289,409
1754513971,61,4583,4497,27289,409
1754514271,60,4602,4500,27289,409
1754514571,60,4601,4501,27289,409
1754514871,60,4615,4498,27289,408
1754515171,60,4618,4499,27289,409
1754515471,60,4623,4501,27289,409
1754515771,60,4620,4500,27289,410
1754516071,60,4628,4502,27289,408
1754516371,61,4624,4500,27289,408
1754516671,60,4627,4501,27289,408
1754516971,59,4640,4501,27289,408
1754517271,59,4654,4501,27289,408
1754517571,59,4659,4501,27289,409
1754517871,59,4667,4500,27289,408
1754518171,59,4664,4500,27289,410
1754518471,60,4677,4500,27289,410
1754518771,59,4685,4501,27289,410
1754519071,59,4682,4499,27289,409
1754519371,59,4687,4499,27289,409
1754519671,59,4690,4500,27289,409
1754519971,59,4692,4498,27289,409
1754520271,59,4696,4500,27289,410
1754520571,59,4713,4501,27289,410
1754520871,59,4704,4500,27289,409
1754521171,59,4703,4500,27289,410
1754521471,59,4716,4503,27289,409
1754521771,58,4728,4500,27289,409
1754522071,59,4731,4500,27289,409
1754522371,59,4731,4501,27289,408
1754522671,58,4752,4501,27289,409
1754522971,58,4747,4501,27289,410
1754523271,58,4741,4501,27289,410
1754523571,59,4747,4500,27289,410
1754523871,59,4748,4501,27289,410
1754524171,59,4752,4500,27289,410
1754524471,58,4778,4502,27289,410
1754524771,58,4771,4499,27289,410
