If found, please contact tlang@live.unc.edu
Firmware updated: 2023/03/14
OpenOBS SN:303

time,ambient_light,backscatter,pressure,water_temp,battery
1752883471,46,8615,4497,27289,420
1752883771,46,8581,4495,27289,409
1752884071,46,8566,4500,27289,409
1752884371,46,8537,4498,27289,409
1752884671,45,8519,4498,27289,408
1752884971,47,8495,4496,27289,409
1752885271,46,8475,4497,27289,409
1752885571,46,8462,4497,27289,409
1752885871,45,8439,4496,27289,408
1752886171,45,8425,4498,27289,409
1752886471,46,8398,4496,27289,408
1752886771,45,8387,4499,27289,407
1752887071,45,8371,4497,27289,408
1752887371,46,8353,4497,27289,408
1752887671,45,8328,4499,27289,409
1752887971,45,8302,4498,27289,409
1752888271,45,8297,4496,27289,409
1752888571,45,8280,4497,27289,409
1752888871,45,8256,4497,27289,409
1752889171,45,8242,4498,27289,408
1752889471,46,8225,4495,27289,409
1752889771,46,8211,4496,27289,408
1752890071,45,8195,4498,27289,409
1752890371,45,8182,4498,27289,409
1752890671,45,8163,4498,27289,409
1752890971,45,8144,4498,27289,409
1752891271,45,8139,4496,27289,409
1752891571,45,8128,4497,27289,411
1752891871,45,8107,4499,27289,409
1752892171,46,8092,4496,27289,408
1752892471,45,8072,4499,27289,409
1752892771,45,8070,4499,27289,409
1752893071,44,8056,4497,27289,409
1752893371,45,8043,4496,27289,409
1752893671,45,8031,4499,27289,409
1752893971,45,8007,4497,27289,409
1752894271,45,7997,4496,27289,408
1752894571,45,7991,4498,27289,409
1752894871,45,7972,4498,27289,411
1752895171,44,7962,4498,27289,408
1752895471,45,7953,4496,27289,408
1752895771,44,7939,4498,27289,409
1752896071,44,7931,4498,27289,409
1752896371,45,7914,4497,27289,409
1752896671,45,7913,4499,27289,409
1752896971,45,7893,4498,27289,410
1752897271,43,7889,4499,27289,409
1752897571,45,7877,4497,27289,409
1752897871,44,7868,4498,27289,409
1752898171,45,7851,4497,27289,409
1752898471,45,7845,4498,27289,409
1752898771,44,7836,4499,27289,409
1752899071,44,7822,4497,27289,409
1752899371,45,7813,4498,27289,409
1752899671,43,7802,4499,27289,409
1752899971,43,7790,4498,27289,409
1752900271,45,7782,4496,27289,409
1752900571,44,7769,4499,27289,409
1752900871,44,7760,4499,27289,409
1752901171,44,7746,4497,27289,409
1752901471,44,7739,4498,27289,409
1752901771,44,7733,4497,27289,409
1752902071,43,7723,4497,27289,410
1752902371,44,7707,4499,27289,409
1752902671,43,7693,4496,27289,409
1752902971,43,7684,4498,27289,409
1752903271,44,7671,4499,27289,409
1752903571,44,7669,4497,27289,410
1752903871,44,7655,4499,27289,410
1752904171,44,7648,4499,27289,410
1752904471,44,7635,4496,27289,409
1752904771,44,7623,4495,27289,410
1752905071,44,7618,4497,27289,410
1752905371,43,7608,4499,27289,409
1752905671,43,7597,4499,27289,409
1752905971,43,7583,4496,27289,411
1752906271,43,7576,4499,27289,410
1752906571,43,7566,4498,27289,410
1752906871,44,7560,4500,27289,409
1752907171,44,7552,4497,27289,411
1752907471,43,7541,4497,27289,411
1752907771,43,7532,4497,27289,411
1752908071,43,7520,4497,27289,409
1752908371,44,7513,4497,27289,409
1752908671,44,7505,4498,27289,412
1752908971,45,7492,4498,27289,410
1752909271,45,7485,4496,27289,412
1752909571,44,7473,4497,27289,409
1752909871,43,7464,4498,27289,409
1752910171,45,7456,4498,27289,410
1752910471,45,7441,4499,27289,410
1752910771,45,7432,4500,27289,409
1752911071,46,7420,4499,27289,410
1752911371,45,7410,4497,27289,411
1752911671,47,7397,4498,27289,410
1752911971,46,7387,4499,27289,410
1752912271,47,7374,4497,27289,410
1752912571,47,7365,4499,27289,409
1752912871,47,7355,4497,27289,409
1752913171,48,7340,4496,27289,410
1752913471,47,7330,4499,27289,412
1752913771,48,7320,4498,27289,409
1752914071,48,7308,4497,27289,409
1752914371,48,7294,4498,27289,411
1752914671,47,7283,4499,27289,409
1752914971,48,7276,4499,27289,410
1752915271,48,7260,4498,27289,410
1752915571,48,7248,4499,27289,409
1752915871,49,7239,4499,27289,409
1752916171,49,7226,4497,27289,411
1752916471,48,7215,4497,27289,409
1752916771,49,7205,4499,27289,411
1752917071,51,7196,4499,27289,411
1752917371,50,7185,4501,27289,410
1752917671,50,7177,4498,27289,410
1752917971,50,7166,4500,27289,412
1752918271,52,7151,4498,27289,410
1752918571,52,7146,4498,27289,410
1752918871,51,7129,4498,27289,411
1752919171,51,7120,4498,27289,410
1752919471,52,7107,4500,27289,411
1752919771,55,7100,4500,27289,411
1752920071,54,7090,4499,27289,411
1752920371,55,7076,4498,27289,411
1752920671,54,7066,4500,27289,413
1752920971,55,7055,4498,27289,411
1752921271,54,7047,4500,27289,411
1752921571,55,7032,4499,27289,413
1752921871,56,7018,4498,27289,409
1752922171,55,7014,4498,27289,411
1752922471,56,6997,4498,27289,410
1752922771,59,6986,4500,27289,411
1752923071,55,6975,4498,27289,412
1752923371,56,6966,4498,27289,410
1752923671,56,6959,4500,27289,412
1752923971,59,6946,4498,27289,410
1752924271,57,6942,4498,27289,411
1752924571,56,6927,4497,27289,410
1752924871,58,6922,4496,27289,410
1752925171,58,6914,4498,27289,410
1752925471,60,6900,4499,27289,411
1752925771,60,6893,4497,27289,411
1752926071,60,6880,4500,27289,412
1752926371,59,6865,4497,27289,411
1752926671,61,6856,4498,27289,412
1752926971,62,6843,4497,27289,411
1752927271,62,6843,4496,27289,411
1752927571,61,6824,4500,27289,412
1752927871,65,6818,4496,27289,412
1752928171,66,6802,4498,27289,410
1752928471,70,6798,4495,27289,412
1752928771,69,6780,4498,27289,411
1752929071,72,6772,4498,27289,413
1752929371,75,6759,4498,27289,410
1752929671,66,6755,4496,27289,411
1752929971,73,6738,4497,27289,411
1752930271,74,6726,4496,27289,411
1752930571,70,6722,4496,27289,410
1752930871,73,6712,4496,27289,413
1752931171,67,6697,4497,27289,410
1752931471,66,6685,4496,27289,411
1752931771,66,6678,4496,27289,413
1752932071,74,6656,4498,27289,411
1752932371,70,6650,4497,27289,412
1752932671,71,6634,4495,27289,410
1752932971,66,6629,4496,27289,411
1752933271,68,6614,4495,27289,410
1752933571,78,6601,4498,27289,412
1752933871,68,6581,4497,27289,411
1752934171,68,6573,4496,27289,412
1752934471,72,6554,4497,27289,411
1752934771,71,6542,4499,27289,411
1752935071,69,6534,4498,27289,411
1752935371,70,6514,4496,27289,411
1752935671,71,6503,4497,27289,411
1752935971,71,6488,4496,27289,411
1752936271,71,6476,4495,27289,411
1752936571,72,6457,4496,27289,411
1752936871,69,6443,4497,27289,413
1752937171,72,6426,4493,27289,411
1752937471,72,6415,4496,27289,411
1752937771,72,6402,4497,27289,412
1752938071,71,6383,4496,27289,411
1752938371,71,6368,4496,27289,412
1752938671,71,6353,4497,27289,411
1752938971,71,6337,4498,27289,410
1752939271,70,6321,4496,27289,412
1752939571,71,6311,4497,27289,412
1752939871,70,6294,4497,27289,411
1752940171,68,6282,4498,27289,411
1752940471,69,6261,4498,27289,411
1752940771,69,6248,4495,27289,411
1752941071,67,6237,4495,27289,411
1752941371,67,6223,4496,27289,411
1752941671,67,6208,4498,27289,411
1752941971,66,6202,4497,27289,411
1752942271,66,6185,4498,27289,411
1752942571,65,6175,4498,27289,411
1752942871,64,6165,4495,27289,411
1752943171,64,6152,4497,27289,411
1752943471,63,6149,4496,27289,412
1752943771,63,6133,4495,27289,412
1752944071,63,6126,4496,27289,413
1752944371,63,6119,4495,27289,412
1752944671,63,6105,4498,27289,413
1752944971,61,6094,4498,27289,413
1752945271,61,6087,4499,27289,412
1752945571,61,6075,4497,27289,413
1752945871,61,6070,4499,27289,413
1752946171,61,6066,4497,27289,412
1752946471,60,6044,4496,27289,413
1752946771,60,6043,4495,27289,411
1752947071,59,6031,4499,27289,413
1752947371,59,6023,4498,27289,413
1752947671,59,6019,4497,27289,413
1752947971,60,6011,4498,27289,412
1752948271,58,6002,4497,27289,411
1752948571,59,5993,4499,27289,411
1752948871,58,5980,4497,27289,411
1752949171,59,5980,4499,27289,411
1752949471,58,5975,4498,27289,411
1752949771,58,5957,4498,27289,414
1752950071,58,5962,4497,27289,412
1752950371,57,5952,4497,27289,411
1752950671,57,5944,4496,27289,413
1752950971,57,5936,4496,27289,414
1752951271,57,5936,4495,27289,414
1752951571,56,5925,4498,27289,414
1752951871,57,5921,4497,27289,413
1752952171,57,5912,4499,27289,412
1752952471,56,5904,4498,27289,413
1752952771,56,5893,4498,27289,413
1752953071,56,5894,4498,27289,413
1752953371,56,5883,4498,27289,412
1752953671,55,5880,4496,27289,413
1752953971,56,5873,4498,27289,413
1752954271,56,5861,4498,27289,412
1752954571,55,5852,4497,27289,412
1752954871,55,5850,4498,27289,413
1752955171,55,5847,4496,27289,413
1752955471,55,5830,4497,27289,413
1752955771,54,5823,4495,27289,413
1752956071,54,5823,4497,27289,413
1752956371,54,5811,4496,27289,413
1752956671,54,5810,4498,27289,413
1752956971,54,5806,4497,27289,411
1752957271,54,5792,4497,27289,411
1752957571,53,5787,4498,27289,412
1752957871,54,5776,4497,27289,414
1752958171,53,5774,4499,27289,411
1752958471,53,5770,4497,27289,411
1752958771,52,5763,4498,27289,411
1752959071,52,5757,4497,27289,412
1752959371,53,5749,4497,27289,412
1752959671,53,5746,4498,27289,412
1752959971,52,5743,4498,27289,412
1752960271,52,5734,4499,27289,413
1752960571,52,5728,4496,27289,413
1752960871,52,5722,4498,27289,412
1752961171,51,5718,4498,27289,412
1752961471,52,5719,4497,27289,413
1752961771,51,5712,4496,27289,413
1752962071,51,5701,4497,27289,413
1752962371,51,5699,4497,27289,414
1752962671,51,5697,4497,27289,414
1752962971,51,5694,4499,27289,414
1752963271,50,5690,4497,27289,412
1752963571,51,5680,4498,27289,413
1752963871,50,5677,4496,27289,412
1752964171,50,5668,4499,27289,412
1752964471,51,5668,4500,27289,414
1752964771,51,5663,4499,27289,414
1752965071,50,5664,4497,27289,412
1752965371,50,5655,4499,27289,411
1752965671,51,5652,4498,27289,414
1752965971,51,5647,4499,27289,413
1752966271,50,5646,4497,27289,413
1752966571,50,5638,4500,27289,413
1752966871,50,5635,4497,27289,413
1752967171,50,5628,4497,27289,412
1752967471,50,5628,4497,27289,413
1752967771,50,5622,4498,27289,413
1752968071,50,5622,4498,27289,414
1752968371,49,5614,4499,27289,413
1752968671,49,5613,4498,27289,414
1752968971,49,5607,4499,27289,412
1752969271,50,5602,4497,27289,415
1752969571,49,5605,4498,27289,413
