If found, please contact tlang@live.unc.edu
Firmware updated: 2023/03/14
OpenOBS SN:303

time,ambient_light,backscatter,pressure,water_temp,battery
1755907291,60,6544,4500,27289,426
1755907591,59,7377,4499,27289,415
1755907891,60,8016,4502,27289,416
1755908191,59,8684,4499,27289,416
1755908491,59,7604,4499,27289,417
1755908791,59,7002,4499,27289,415
1755909091,59,6510,4499,27289,416
1755909391,58,6551,4498,27289,414
1755909691,59,5977,4500,27289,414
1755909991,59,5806,4501,27289,416
1755910291,58,5761,4498,27289,414
1755910591,58,5579,4500,27289,414
1755910891,59,5279,4500,27289,417
1755911191,59,4941,4498,27289,414
1755911491,59,4833,4499,27289,416
1755911791,59,4850,4500,27289,416
1755912091,58,4675,4498,27289,418
1755912391,59,4588,4499,27289,414
1755912691,59,4445,4499,27289,415
1755912991,59,4397,4500,27289,415
1755913291,59,4364,4501,27289,415
1755913591,59,4340,4499,27289,416
1755913891,59,4340,4498,27289,415
1755914191,58,4308,4498,27289,416
1755914491,59,4261,4499,27289,415
1755914791,59,4064,4499,27289,414
1755915091,59,4069,4499,27289,418
1755915391,58,4097,4501,27289,416
1755915691,59,4137,4500,27289,416
1755915991,59,3971,4498,27289,416
1755916291,59,4038,4502,27289,416
1755916591,59,4058,4498,27289,418
1755916891,58,3924,4500,27289,415
1755917191,58,3931,4501,27289,417
1755917491,57,3933,4500,27289,415
1755917791,58,3891,4502,27289,415
1755918091,58,3969,4501,27289,415
1755918391,58,3946,4500,27289,415
1755918691,58,4039,4500,27289,415
1755918991,58,3900,4495,27289,417
1755919291,59,3896,4501,27289,415
1755919591,58,3947,4499,27289,415
1755919891,57,3976,4498,27289,417
1755920191,58,3948,4499,27289,416
1755920491,58,3960,4498,27289,417
1755920791,57,3938,4497,27289,416
1755921091,58,3866,4501,27289,417
1755921391,57,3815,4499,27289,415
1755921691,58,3902,4500,27289,417
1755921991,57,3836,4500,27289,415
1755922291,57,3971,4499,27289,415
1755922591,58,3958,4500,27289,417
1755922891,58,3785,4498,27289,415
1755923191,57,3800,4501,27289,416
1755923491,57,3885,4500,27289,418
1755923791,57,3748,4499,27289,415
1755924091,57,3904,4498,27289,417
1755924391,57,3741,4500,27289,417
1755924691,57,3731,4500,27289,415
1755924991,58,3780,4501,27289,416
1755925291,58,3746,4499,27289,415
1755925591,59,3713,4500,27289,415
1755925891,58,3709,4499,27289,415
1755926191,58,3808,4499,27289,417
1755926491,57,3733,4499,27289,417
1755926791,57,3769,4499,27289,415
1755927091,57,3712,4499,27289,417
1755927391,58,3699,4499,27289,416
1755927691,57,3741,4499,27289,415
1755927991,57,3666,4499,27289,417
1755928291,57,3681,4499,27289,415
1755928591,57,3685,4500,27289,416
1755928891,57,3629,4499,27289,415
1755929191,57,3654,4500,27289,415
1755929491,57,3649,4500,27289,417
1755929791,57,3650,4501,27289,416
1755930091,57,3685,4499,27289,417
1755930391,56,3613,4500,27289,418
1755930691,57,3573,4499,27289,417
1755930991,57,3584,4498,27289,416
1755931291,57,3622,4498,27289,416
1755931591,57,3552,4498,27289,417
1755931891,57,3554,4497,27289,417
1755932191,57,3571,4497,27289,417
1755932491,57,3532,4499,27289,416
1755932791,58,3638,4500,27289,417
1755933091,58,3542,4498,27289,417
1755933391,57,3479,4499,27289,417
1755933691,58,3558,4500,27289,417
1755933991,58,3576,4499,27289,417
1755934291,58,3540,4500,27289,416
1755934591,57,3571,4500,27289,415
1755934891,57,3577,4498,27289,416
1755935191,58,3520,4500,27289,418
1755935491,59,3503,4498,27289,419
1755935791,60,3564,4501,27289,417
1755936091,59,3480,4501,27289,417
1755936391,59,3484,4501,27289,416
1755936691,59,3482,4498,27289,418
1755936991,59,3489,4500,27289,418
1755937291,60,3457,4498,27289,419
1755937591,62,3511,4501,27289,417
1755937891,62,3456,4500,27289,417
1755938191,64,3411,4501,27289,416
1755938491,64,3467,4500,27289,417
1755938791,63,3453,4502,27289,417
1755939091,62,3492,4500,27289,416
1755939391,63,3424,4500,27289,417
1755939691,62,3453,4500,27289,418
1755939991,62,3426,4499,27289,417
1755940291,63,3469,4501,27289,417
1755940591,68,3461,4500,27289,417
1755940891,74,3461,4498,27289,417
1755941191,70,3410,4500,27289,417
1755941491,69,3438,4501,27289,417
1755941791,71,3416,4500,27289,417
1755942091,76,3478,4500,27289,417
1755942391,80,3566,4501,27289,417
1755942691,82,3439,4501,27289,418
1755942991,83,3376,4500,27289,418
1755943291,80,3380,4502,27289,417
1755943591,89,3406,4500,27289,418
1755943891,88,3375,4501,27289,418
1755944191,104,3417,4500,27289,417
1755944491,99,3391,4501,27289,417
1755944791,82,3407,4501,27289,417
1755945091,80,3394,4499,27289,418
1755945391,79,3367,4501,27289,418
1755945691,87,3399,4501,27289,417
1755945991,101,3393,4500,27289,418
1755946291,92,3455,4500,27289,417
1755946591,92,3366,4500,27289,417
1755946891,102,3366,4502,27289,416
1755947191,109,3473,4500,27289,418
1755947491,83,3591,4501,27289,416
1755947791,92,3406,4500,27289,417
1755948091,90,3471,4499,27289,418
1755948391,120,3360,4500,27289,419
1755948691,144,3379,4499,27289,417
1755948991,132,3368,4500,27289,418
1755949291,143,3485,4500,27289,417
1755949591,148,3817,4499,27289,418
1755949891,186,3399,4501,27289,418
1755950191,208,3471,4502,27289,417
1755950491,272,3549,4501,27289,418
1755950791,291,3373,4501,27289,417
1755951091,229,3711,4502,27289,417
1755951391,272,3824,4500,27289,418
1755951691,266,4179,4502,27289,418
1755951991,477,3506,4501,27289,418
1755952291,404,3626,4501,27289,418
1755952591,291,4246,4501,27289,418
1755952891,511,4127,4502,27289,417
1755953191,1013,4353,4505,27289,418
1755953491,403,4615,4503,27289,419
1755953791,317,4956,4501,27289,420
1755954091,463,5110,4501,27289,417
1755954391,163,5667,4500,27289,420
1755954691,120,5446,4500,27289,417
1755954991,139,5316,4500,27289,419
1755955291,616,5888,4502,27289,419
1755955591,2262,3268,4501,27289,418
1755955891,2155,3292,4504,27289,418
1755956191,465,3273,4502,27289,418
1755956491,2103,3280,4505,27289,418
1755956791,458,3278,4500,27289,419
1755957091,369,3272,4502,27289,419
1755957391,499,3267,4498,27289,419
1755957691,673,3292,4501,27289,419
1755957991,622,3265,4501,27289,418
1755958291,710,3288,4500,27289,419
1755958591,435,3254,4500,27289,419
1755958891,619,3257,4501,27289,419
1755959191,649,3257,4502,27289,418
1755959491,440,3258,4502,27289,418
1755959791,347,3263,4500,27289,419
1755960091,331,3265,4501,27289,419
1755960391,260,3259,4501,27289,419
1755960691,209,3261,4500,27289,418
1755960991,225,3277,4498,27289,418
1755961291,213,3267,4500,27289,419
1755961591,371,3262,4501,27289,419
1755961891,528,3279,4499,27289,419
1755962191,2613,3252,4502,27289,419
1755962491,2855,3260,4505,27289,418
1755962791,667,3257,4502,27289,419
1755963091,609,3255,4501,27289,419
1755963391,2252,3210,4504,27289,420
1755963691,808,3266,4503,27289,419
1755963991,511,3219,4502,27289,418
1755964291,467,3253,4501,27289,419
1755964591,433,3246,4501,27289,419
1755964891,469,3228,4499,27289,419
1755965191,514,3234,4501,27289,421
1755965491,405,3224,4501,27289,420
1755965791,1629,3253,4503,27289,417
1755966091,424,3273,4502,27289,420
1755966391,436,3246,4501,27289,420
1755966691,577,3241,4502,27289,420
1755966991,511,3227,4502,27289,419
1755967291,642,3238,4500,27289,420
1755967591,1149,3256,4501,27289,418
1755967891,262,3257,4501,27289,419
1755968191,200,3303,4500,27289,419
1755968491,187,3262,4499,27289,419
1755968791,162,6434,4502,27289,421
1755969091,386,3257,4501,27289,421
1755969391,301,3252,4500,27289,421
1755969691,260,3247,4501,27289,418
1755969991,269,3254,4499,27289,419
1755970291,298,3229,4501,27289,421
1755970591,282,3227,4501,27289,418
1755970891,247,3209,4499,27289,421
1755971191,207,3215,4499,27289,420
1755971491,159,3241,4500,27289,418
1755971791,174,3243,4500,27289,420
1755972091,170,3227,4503,27289,419
1755972391,149,3247,4501,27289,419
1755972691,113,3243,4501,27289,421
1755972991,101,3209,4501,27289,418
1755973291,90,3255,4500,27289,421
1755973591,81,3215,4499,27289,418
1755973891,74,3245,4500,27289,418
1755974191,71,3253,4500,27289,418
1755974491,70,3235,4500,27289,421
1755974791,68,3226,4501,27289,420
1755975091,68,3231,4501,27289,419
1755975391,68,3232,4499,27289,418
1755975691,68,3242,4500,27289,418
1755975991,68,3250,4501,27289,418
1755976291,68,3253,4500,27289,418
1755976591,68,3241,4501,27289,421
1755976891,67,3235,4500,27289,419
1755977191,67,3256,4502,27289,420
1755977491,67,3246,4501,27289,418
1755977791,67,3254,4499,27289,418
1755978091,66,3253,4500,27289,420
1755978391,67,3241,4499,27289,418
1755978691,67,3272,4499,27289,420
1755978991,67,3234,4498,27289,420
1755979291,66,3269,4501,27289,420
1755979591,66,3260,4501,27289,420
1755979891,66,3253,4500,27289,420
1755980191,66,3280,4500,27289,420
1755980491,67,3260,4499,27289,419
1755980791,66,3252,4502,27289,420
1755981091,66,3260,4500,27289,419
1755981391,66,3261,4501,27289,418
1755981691,66,3251,4499,27289,421
1755981991,66,3251,4501,27289,421
1755982291,66,3282,4500,27289,419
1755982591,65,3292,4500,27289,420
1755982891,66,3242,4501,27289,419
1755983191,65,3253,4502,27289,418
1755983491,65,3287,4501,27289,419
1755983791,65,3346,4499,27289,419
1755984091,65,3336,4501,27289,419
1755984391,65,3365,4499,27289,419
1755984691,64,3345,4501,27289,419
1755984991,64,3338,4499,27289,419
1755985291,65,3351,4499,27289,420
1755985591,65,3336,4502,27289,420
1755985891,64,3329,4499,27289,420
1755986191,64,3352,4499,27289,420
1755986491,64,3317,4500,27289,420
1755986791,64,3317,4502,27289,420
1755987091,65,3319,4500,27289,419
1755987391,65,3295,4500,27289,419
1755987691,64,3310,4501,27289,419
1755987991,64,3308,4502,27289,420
1755988291,64,3309,4499,27289,420
1755988591,65,3304,4502,27289,419
1755988891,65,3302,4501,27289,419
1755989191,64,3302,4503,27289,420
1755989491,64,3303,4503,27289,419
1755989791,64,3293,4500,27289,420
1755990091,64,3326,4501,27289,419
1755990391,64,3301,4499,27289,420
1755990691,64,3292,4501,27289,420
1755990991,63,3298,4500,27289,420
1755991291,63,3313,4501,27289,420
1755991591,64,3306,4498,27289,420
1755991891,63,3319,4502,27289,419
1755992191,64,3318,4500,27289,420
1755992491,64,3307,4500,27289,420
1755992791,64,3324,4501,27289,420
1755993091,64,3312,4499,27289,419
1755993391,63,3300,4500,27289,420
