If found, please contact tlang@live.unc.edu
Firmware updated: 2023/03/14
OpenOBS SN:303

time,ambient_light,backscatter,pressure,water_temp,battery
1757030491,64,12398,4500,27289,422
1757030791,64,12360,4499,27289,413
1757031091,64,12671,4498,27289,412
1757031391,63,12339,4500,27289,414
1757031691,64,12371,4499,27289,412
1757031991,63,12566,4499,27289,414
1757032291,63,12590,4502,27289,414
1757032591,63,12549,4498,27289,413
1757032891,64,12717,4499,27289,412
1757033191,64,12602,4500,27289,414
1757033491,63,12667,4501,27289,414
1757033791,64,12616,4500,27289,414
1757034091,63,12548,4499,27289,414
1757034391,63,12605,4500,27289,414
1757034691,62,12697,4500,27289,413
1757034991,63,12703,4501,27289,414
1757035291,62,12631,4501,27289,414
1757035591,64,12645,4501,27289,413
1757035891,64,12595,4498,27289,415
1757036191,63,13334,4499,27289,414
1757036491,62,13842,4500,27289,415
1757036791,63,13702,4499,27289,413
1757037091,63,13704,4499,27289,414
1757037391,63,13709,4500,27289,415
1757037691,63,13723,4499,27289,415
1757037991,62,13735,4498,27289,414
1757038291,62,13750,4500,27289,414
1757038591,62,13851,4498,27289,413
1757038891,63,13420,4498,27289,414
1757039191,62,13494,4500,27289,413
1757039491,62,13475,4500,27289,413
1757039791,62,13491,4500,27289,414
1757040091,62,13449,4498,27289,413
1757040391,63,13625,4500,27289,413
1757040691,61,13583,4499,27289,415
1757040991,62,13618,4498,27289,415
1757041291,63,13610,4498,27289,414
1757041591,62,13638,4498,27289,414
1757041891,62,13729,4500,27289,415
1757042191,61,13769,4501,27289,414
1757042491,62,13767,4497,27289,415
1757042791,62,13790,4500,27289,415
1757043091,61,13814,4499,27289,415
1757043391,61,13845,4499,27289,414
1757043691,62,13824,4498,27289,413
1757043991,62,13828,4499,27289,414
1757044291,62,13826,4498,27289,414
1757044591,62,13852,4500,27289,413
1757044891,61,13841,4500,27289,415
1757045191,62,13866,4499,27289,413
1757045491,61,13879,4499,27289,414
1757045791,61,13880,4500,27289,414
1757046091,61,13876,4498,27289,415
1757046391,61,13970,4499,27289,414
1757046691,61,14028,4500,27289,414
1757046991,61,13853,4500,27289,414
1757047291,61,14234,4501,27289,414
1757047591,61,14070,4500,27289,413
1757047891,60,14207,4500,27289,413
1757048191,60,14198,4501,27289,413
1757048491,60,14220,4500,27289,414
1757048791,60,14222,4501,27289,415
1757049091,60,14176,4498,27289,415
1757049391,62,14168,4501,27289,415
1757049691,60,14144,4501,27289,415
1757049991,61,14137,4499,27289,415
1757050291,62,14251,4500,27289,415
1757050591,61,14280,4499,27289,413
1757050891,61,14339,4499,27289,414
1757051191,60,14302,4501,27289,414
1757051491,62,14299,4499,27289,415
1757051791,61,14313,4500,27289,414
1757052091,62,14338,4499,27289,414
1757052391,63,14472,4499,27289,414
1757052691,62,14482,4499,27289,414
1757052991,63,14304,4501,27289,414
1757053291,62,14328,4502,27289,414
1757053591,63,14458,4501,27289,413
1757053891,68,11523,4500,27289,415
1757054191,67,11869,4499,27289,414
1757054491,79,10848,4501,27289,415
1757054791,86,10592,4500,27289,414
1757055091,85,10867,4502,27289,416
1757055391,85,10879,4502,27289,414
1757055691,86,10936,4501,27289,414
1757055991,79,10894,4501,27289,415
1757056291,80,11014,4501,27289,414
1757056591,77,10922,4503,27289,416
1757056891,81,10922,4500,27289,416
1757057191,88,11059,4501,27289,414
1757057491,86,11079,4500,27289,414
1757057791,91,11096,4499,27289,415
1757058091,83,11176,4501,27289,415
1757058391,84,10831,4500,27289,415
1757058691,86,10814,4501,27289,414
1757058991,89,10950,4501,27289,415
1757059291,92,10982,4501,27289,415
1757059591,96,11048,4501,27289,415
1757059891,108,10977,4501,27289,415
1757060191,109,11120,4501,27289,415
1757060491,94,11201,4501,27289,414
1757060791,83,11065,4501,27289,415
1757061091,91,11219,4500,27289,414
1757061391,86,11266,4502,27289,416
1757061691,84,11290,4501,27289,416
1757061991,81,11309,4500,27289,415
1757062291,79,11323,4500,27289,415
1757062591,85,11410,4500,27289,415
1757062891,94,11353,4498,27289,416
1757063191,84,11405,4502,27289,415
1757063491,88,11385,4502,27289,415
1757063791,83,11429,4500,27289,415
1757064091,83,11544,4500,27289,416
1757064391,84,11585,4500,27289,416
1757064691,78,11684,4500,27289,415
1757064991,74,12271,4502,27289,415
1757065291,73,12635,4498,27289,415
1757065591,74,12582,4500,27289,415
1757065891,74,12596,4504,27289,415
1757066191,75,12602,4500,27289,415
1757066491,75,12675,4501,27289,416
1757066791,75,12772,4500,27289,416
1757067091,78,12155,4503,27289,414
1757067391,78,12228,4501,27289,417
1757067691,79,12257,4500,27289,417
1757067991,84,12295,4500,27289,417
1757068291,79,12251,4501,27289,417
1757068591,78,12273,4500,27289,417
1757068891,78,12399,4502,27289,417
1757069191,79,12368,4502,27289,416
1757069491,79,12453,4502,27289,414
1757069791,78,12533,4499,27289,414
1757070091,79,12574,4501,27289,416
1757070391,77,13226,4502,27289,417
1757070691,75,13467,4501,27289,416
1757070991,76,13412,4500,27289,415
1757071291,78,13324,4501,27289,416
1757071591,78,13754,4503,27289,416
1757071891,81,13767,4503,27289,416
1757072191,84,13790,4500,27289,415
1757072491,86,13883,4502,27289,415
1757072791,90,13910,4502,27289,417
1757073091,93,13944,4502,27289,415
1757073391,92,14046,4500,27289,416
1757073691,93,14072,4502,27289,416
1757073991,98,14021,4504,27289,415
1757074291,93,14100,4502,27289,415
1757074591,150,13952,4504,27289,415
1757074891,155,14402,4504,27289,415
1757075191,178,14224,4510,27289,415
1757075491,198,13970,4510,27289,416
1757075791,106,14308,4504,27289,415
1757076091,90,14260,4502,27289,416
1757076391,192,14363,4506,27289,417
1757076691,91,14291,4501,27289,416
1757076991,209,14350,4510,27289,416
1757077291,205,14346,4513,27289,416
1757077591,200,14395,4511,27289,417
1757077891,201,14622,4509,27289,415
1757078191,176,14619,4508,27289,417
1757078491,169,14631,4508,27289,417
1757078791,162,14653,4509,27289,418
1757079091,146,14778,4506,27289,415
1757079391,151,14727,4505,27289,415
1757079691,149,14753,4505,27289,415
1757079991,146,14887,4506,27289,417
1757080291,135,14797,4506,27289,417
1757080591,143,14872,4506,27289,417
1757080891,146,14916,4506,27289,416
1757081191,142,14939,4506,27289,417
1757081491,115,14956,4503,27289,416
1757081791,117,14977,4503,27289,416
1757082091,123,14998,4504,27289,417
1757082391,136,15022,4506,27289,415
1757082691,102,15048,4501,27289,417
1757082991,86,15150,4500,27289,415
1757083291,96,15219,4502,27289,416
1757083591,81,15248,4502,27289,415
1757083891,80,15284,4501,27289,417
1757084191,79,15202,4502,27289,417
1757084491,77,15376,4501,27289,417
1757084791,77,15319,4501,27289,417
1757085091,77,15357,4500,27289,417
1757085391,76,15265,4501,27289,418
1757085691,78,5949,4499,27289,416
1757085991,75,5192,4500,27289,415
1757086291,73,5783,4498,27289,417
1757086591,73,5898,4500,27289,416
1757086891,73,5890,4500,27289,416
1757087191,74,5717,4500,27289,417
1757087491,74,5619,4499,27289,418
1757087791,73,5664,4500,27289,418
1757088091,72,5822,4500,27289,416
1757088391,71,6017,4500,27289,415
1757088691,70,6226,4501,27289,416
1757088991,70,5987,4499,27289,418
1757089291,69,6290,4499,27289,416
1757089591,68,6557,4501,27289,417
1757089891,68,6757,4500,27289,415
1757090191,67,6700,4500,27289,417
1757090491,67,6884,4500,27289,417
1757090791,68,7191,4499,27289,415
1757091091,66,6852,4498,27289,415
1757091391,67,6667,4498,27289,415
1757091691,67,6413,4499,27289,415
1757091991,67,6044,4501,27289,417
1757092291,67,5959,4499,27289,417
1757092591,67,5930,4500,27289,416
1757092891,68,5866,4500,27289,417
1757093191,68,5758,4498,27289,417
1757093491,69,5928,4499,27289,415
1757093791,68,5623,4501,27289,417
1757094091,67,5604,4498,27289,416
1757094391,68,5619,4500,27289,416
1757094691,68,5508,4498,27289,416
1757094991,68,5553,4497,27289,416
1757095291,68,5444,4497,27289,416
1757095591,68,5277,4499,27289,416
1757095891,66,5279,4500,27289,415
1757096191,66,5277,4501,27289,415
1757096491,67,5198,4498,27289,418
1757096791,67,5254,4501,27289,418
1757097091,66,5100,4499,27289,417
1757097391,67,5141,4500,27289,418
1757097691,67,4946,4498,27289,417
1757097991,67,4993,4499,27289,417
1757098291,66,4987,4498,27289,417
1757098591,67,4914,4500,27289,417
1757098891,65,4988,4501,27289,417
1757099191,66,4910,4499,27289,417
1757099491,65,4909,4500,27289,417
1757099791,66,4951,4500,27289,416
1757100091,66,4968,4500,27289,417
1757100391,66,5003,4499,27289,416
1757100691,66,5009,4497,27289,417
1757100991,66,5137,4498,27289,417
1757101291,66,5139,4500,27289,417
1757101591,65,5000,4498,27289,416
1757101891,66,4948,4501,27289,417
1757102191,66,5010,4501,27289,417
1757102491,65,4993,4499,27289,417
1757102791,65,5020,4500,27289,417
1757103091,66,4970,4502,27289,417
1757103391,65,5062,4499,27289,416
1757103691,65,5032,4498,27289,416
1757103991,65,4953,4499,27289,419
1757104291,65,4986,4499,27289,418
1757104591,65,4920,4500,27289,417
1757104891,65,5006,4498,27289,417
1757105191,65,4950,4497,27289,417
1757105491,65,5002,4496,27289,418
1757105791,65,4912,4500,27289,417
1757106091,63,4853,4498,27289,418
1757106391,65,4886,4499,27289,417
1757106691,64,5028,4498,27289,417
1757106991,64,4866,4501,27289,418
1757107291,64,4948,4498,27289,417
1757107591,64,4896,4499,27289,417
1757107891,64,4923,4499,27289,418
1757108191,64,4910,4502,27289,417
1757108491,65,4880,4499,27289,416
1757108791,63,4953,4500,27289,417
1757109091,63,4925,4499,27289,417
1757109391,64,4994,4501,27289,418
1757109691,64,4963,4500,27289,418
1757109991,63,4967,4500,27289,417
1757110291,65,5073,4500,27289,417
1757110591,64,4985,4500,27289,416
1757110891,63,4957,4499,27289,416
1757111191,64,4937,4497,27289,417
1757111491,64,5028,4498,27289,418
1757111791,63,5025,4500,27289,418
1757112091,64,4933,4501,27289,416
1757112391,64,4980,4499,27289,416
1757112691,64,5025,4500,27289,418
1757112991,63,5016,4497,27289,418
1757113291,63,4995,4497,27289,417
1757113591,64,4978,4498,27289,416
1757113891,63,5054,4498,27289,418
1757114191,63,4986,4501,27289,417
1757114491,62,4957,4500,27289,418
1757114791,63,4921,4498,27289,418
1757115091,62,4940,4498,27289,419
1757115391,63,4948,4500,27289,417
1757115691,63,4881,4500,27289,417
1757115991,62,4929,4499,27289,416
1757116291,64,4758,4497,27289,417
1757116591,63,4765,4501,27289,417
