If found, please contact tlang@live.unc.edu
Firmware updated: 2025/07/20
OpenOBS SN:455

time,ambient_light,backscatter,pressure,water_temp,battery
1754052299,50319,34526,84429,2686,153
1754052599,65535,34540,84427,3091,139
1754052899,28997,33381,84451,3012,115
1754053200,23143,15058,84353,2610,117
1754053500,20878,5743,85454,2501,115
1754053801,40533,5768,85395,2483,117
1754054101,27126,5796,85486,2481,116
1754054401,16833,5863,85405,2477,116
1754054702,17880,5957,85534,2473,115
1754055002,34772,6051,85521,2485,116
1754055303,27611,5987,85541,2500,116
1754055603,28314,5919,85523,2477,116
1754055904,65535,5807,85425,2480,115
1754056204,60291,5874,85292,2494,115
1754056504,56155,5771,85367,2497,116
1754056805,31654,5755,85501,2502,115
1754057105,25060,5740,85491,2496,116
1754057406,65535,5763,85179,2483,115
1754057706,65535,5749,85174,2489,115
1754058006,65535,5793,85424,2503,115
1754058307,65535,5795,85170,2493,116
1754058607,65535,5767,85308,2477,116
1754058908,15262,5790,85389,2467,116
1754059208,13165,5811,85590,2437,116
1754059508,11518,5797,85372,2417,115
1754059809,13233,5832,85288,2398,116
1754060109,14864,5842,85373,2388,115
1754060410,13592,5881,85504,2380,116
1754060710,13924,5858,85478,2374,115
1754061010,10447,5863,85352,2370,115
1754061311,12310,5855,85454,2367,115
1754061611,10387,5872,85443,2364,115
1754061912,9826,5848,85371,2360,115
1754062212,11089,5877,85427,2356,115
1754062512,9981,5958,85279,2353,115
1754062813,30500,5859,85412,2351,116
1754063113,16883,5809,85515,2363,115
1754063414,8925,6033,85503,2363,115
1754063714,4537,8379,85474,2359,116
1754064014,7309,5881,85475,2353,115
1754064315,8544,5928,85586,2351,115
1754064615,8272,5820,85702,2345,115
1754064916,7631,5832,85456,2340,115
1754065216,5592,5844,85568,2334,115
1754065517,4324,5854,85613,2326,115
1754065817,4396,5746,85603,2319,115
1754066117,4903,5784,85462,2312,115
1754066418,4651,5783,85510,2307,116
1754066718,4381,5795,85535,2301,115
1754067019,3950,5908,85762,2296,115
1754067319,3913,5843,85518,2292,115
1754067619,4544,5842,85587,2287,115
1754067920,4624,5912,85619,2283,115
1754068220,4553,5828,85637,2280,115
1754068521,5263,5814,85780,2277,115
1754068821,6284,5788,85618,2276,115
1754069121,5148,5757,85637,2276,115
1754069422,5096,5789,85295,2274,115
1754069722,3776,5792,85575,2271,115
1754070023,2282,5781,85678,2269,115
1754070323,1507,5830,85584,2265,116
1754070623,1091,5760,85561,2261,114
1754070924,1104,5736,85534,2257,115
1754071224,917,5703,85323,2253,114
1754071525,960,5731,85405,2250,114
1754071825,976,5674,85453,2246,114
1754072125,685,5782,85689,2243,114
1754072426,633,5751,85661,2240,114
1754072726,487,5738,85787,2236,114
1754073027,565,5744,85795,2233,114
1754073327,496,5749,85647,2231,115
1754073627,371,5736,85629,2229,114
1754073928,251,5808,85693,2226,114
1754074228,114,5777,85843,2223,114
1754074529,65,5726,85851,2220,114
1754074829,37,6014,85886,2217,115
1754075129,19,5977,85842,2215,114
1754075430,10,6001,85919,2212,115
1754075730,7,6002,85887,2209,114
1754076031,7,5971,86010,2208,114
1754076331,7,6063,85920,2205,114
1754076631,6,6069,85911,2203,111
1754076932,7,6057,85916,2200,114
1754077232,7,6054,85872,2199,114
1754077533,7,5928,85810,2196,111
1754077833,7,5980,85861,2193,114
1754078134,6,6003,85838,2190,114
1754078434,7,6045,85851,2186,115
1754078734,7,6003,85815,2184,111
1754079035,6,6016,85872,2181,114
1754079335,7,5968,85958,2179,111
1754079636,6,5965,85915,2176,111
1754079936,7,5914,85881,2174,114
1754080236,7,5967,85970,2172,114
1754080537,6,6030,85951,2170,114
1754080837,6,6074,85956,2169,114
1754081138,6,6013,86061,2168,114
1754081438,7,5765,86036,2168,114
1754081738,7,5747,86017,2166,111
1754082039,8,5775,85954,2165,114
1754082339,7,5737,85972,2164,113
1754082640,7,5761,85969,2162,114
1754082940,7,5769,86034,2161,114
1754083240,6,5743,86137,2159,114
1754083541,7,5746,86036,2159,114
1754083841,6,5736,86156,2158,114
1754084142,7,5760,86070,2158,114
1754084442,7,5723,86144,2157,111
1754084742,7,5789,86139,2156,114
1754085043,7,5787,86187,2155,111
1754085343,8,5788,86163,2155,114
1754085644,7,5705,86190,2154,114
1754085944,7,5669,86112,2153,114
1754086244,7,5686,86384,2151,111
1754086545,7,5671,86231,2149,111
1754086845,7,5693,86137,2146,113
1754087146,7,5716,86121,2144,113
1754087446,7,5664,86139,2142,114
1754087746,7,5816,86111,2140,114
1754088047,8,5768,85979,2138,114
1754088347,8,5706,86267,2136,114
1754088648,8,5676,86207,2135,113
1754088948,7,5815,86143,2134,113
1754089249,7,5677,86098,2133,115
1754089549,7,5705,85970,2131,113
1754089849,8,5742,86166,2130,113
1754090150,8,5725,85814,2128,114
1754090450,8,5673,85893,2126,113
1754090751,8,5631,86196,2124,113
1754091051,7,5620,85922,2123,113
1754091351,8,5668,86036,2121,113
1754091652,8,5666,85966,2120,113
1754091952,7,5664,86033,2119,113
1754092253,8,5655,85817,2117,114
1754092553,8,5696,85949,2115,113
1754092853,7,5621,85831,2114,112
1754093154,8,5643,85982,2112,113
1754093454,8,5617,86000,2111,113
1754093755,8,5632,85973,2110,113
1754094055,7,5606,86044,2109,113
1754094355,8,5634,85979,2109,113
1754094656,7,5635,86017,2108,113
1754094956,8,5639,85898,2108,113
1754095257,9,5612,85666,2106,114
1754095557,8,5607,86009,2105,112
1754095857,7,5622,85938,2105,113
1754096158,8,5645,86028,2106,113
1754096458,8,5645,86064,2105,113
1754096759,8,5632,85969,2105,113
1754097059,7,5650,85948,2105,112
1754097359,8,5630,85981,2105,112
1754097660,7,5613,86031,2105,111
1754097960,7,5616,86062,2105,113
1754098261,7,5650,85979,2104,112
1754098561,6,5608,85962,2104,112
1754098861,8,5638,85937,2104,111
1754099162,9,5670,85895,2104,113
1754099462,7,5640,85858,2104,113
1754099763,8,5689,85874,2103,113
1754100063,8,5674,85863,2102,111
1754100363,7,5638,85845,2103,112
1754100664,7,5674,85889,2102,112
1754100964,8,5672,85947,2102,111
1754101265,7,5658,85919,2101,112
1754101565,7,5648,85870,2100,111
1754101866,8,5661,85775,2099,113
1754102166,7,5712,85847,2098,112
1754102466,7,5634,85954,2097,111
1754102767,8,5659,85886,2097,111
1754103067,7,5678,85780,2096,113
1754103368,8,5627,85895,2095,113
1754103668,8,5658,85747,2094,111
1754103968,7,5651,85804,2094,113
1754104269,8,5655,85958,2093,111
1754104569,8,5646,85783,2093,111
1754104870,7,5635,85823,2092,112
1754105170,7,5648,85755,2092,112
1754105470,8,5654,85707,2092,112
1754105771,8,5660,85608,2092,112
1754106071,8,5645,85931,2091,111
1754106372,7,5640,86169,2090,111
1754106672,8,5645,85740,2091,112
1754106972,8,5634,85823,2089,112
1754107273,8,5654,85864,2089,112
1754107573,8,5653,85854,2089,113
1754107874,7,5631,85907,2088,113
1754108174,7,5625,86017,2088,113
1754108474,7,5658,85938,2087,112
1754108775,7,5634,85845,2088,112
1754109075,8,5649,85855,2087,112
1754109376,7,5674,85884,2087,111
1754109676,7,5676,85965,2087,113
1754109976,8,5660,85902,2086,111
1754110277,7,5646,85948,2087,111
1754110577,7,5640,85884,2086,111
1754110878,8,5602,85945,2086,112
1754111178,7,5632,85916,2086,111
1754111478,8,5618,86042,2085,112
1754111779,12,5602,85979,2086,113
1754112079,16,5667,85980,2086,112
1754112380,26,5636,86011,2086,112
1754112680,51,5616,85929,2085,111
1754112980,79,5634,85971,2085,112
1754113281,128,5646,85896,2085,111
1754113581,232,5649,85930,2084,111
1754113882,338,5633,85906,2084,112
1754114182,377,5661,85872,2084,113
1754114482,587,5715,85858,2084,112
1754114783,647,5655,85843,2086,113
1754115083,910,5807,85982,2085,112
1754115384,1027,5687,86068,2085,112
1754115684,1125,5698,85903,2085,112
1754115985,1027,5609,86144,2086,113
1754116285,1507,5645,85962,2087,113
1754116585,2258,5710,86043,2088,113
1754116886,2281,5678,85767,2089,113
1754117186,2943,5842,85978,2090,113
1754117487,2982,5710,86142,2091,112
1754117787,4024,5647,86125,2092,113
1754118087,4193,5628,85817,2093,113
1754118388,4904,5640,85822,2094,113
1754118688,6086,5616,85742,2096,113
1754118989,6386,5618,85870,2099,113
1754119289,7905,5686,85930,2102,113
1754119589,8763,5620,85928,2105,113
1754119890,9883,5634,85878,2109,113
1754120190,10021,5603,85812,2112,112
1754120491,11217,5590,86011,2116,113
1754120791,13312,5573,85973,2121,113
1754121091,14198,5556,86153,2126,113
1754121392,15404,5561,85941,2133,113
1754121692,17356,5549,85838,2140,113
1754121993,19362,5557,85772,2148,113
1754122293,20703,5569,85842,2157,112
1754122593,22507,5571,85963,2165,113
1754122894,22210,5558,85900,2171,112
1754123194,22154,5546,85856,2177,113
1754123495,23690,5558,85910,2183,113
1754123795,25045,5534,85850,2190,113
1754124095,24555,5526,86028,2196,113
1754124396,25968,5528,85856,2203,113
1754124696,24188,5527,85945,2206,111
1754124997,21872,5534,85963,2208,113
1754125297,19970,5538,85835,2208,113
1754125597,18683,5621,85916,2206,113
1754125898,16612,5539,85910,2203,113
1754126198,16020,5524,85933,2200,113
1754126499,16405,5552,85968,2199,112
1754126799,19859,5527,86005,2200,112
1754127100,22308,5519,85844,2205,113
1754127400,24207,5517,85889,2211,113
1754127700,25367,5540,85922,2217,112
1754128001,25614,5542,85866,2221,112
1754128301,25527,5538,85826,2223,113
1754128602,22917,5580,85832,2226,113
1754128902,24273,5767,85876,2230,112
1754129202,28635,5566,85741,2237,112
1754129503,26577,5556,85948,2247,113
1754129803,36640,5541,85875,2260,113
1754130104,38363,5576,85885,2291,112
1754130404,28451,5565,85850,2304,113
1754130704,26677,5551,85744,2317,112
1754131005,35817,5539,85850,2323,111
1754131305,31004,5565,85678,2333,112
1754131606,28294,5552,85823,2335,111
1754131906,65535,5547,86014,2353,112
1754132206,65535,5549,85827,2386,111
1754132507,55325,5534,85865,2420,113
1754132807,27264,5534,85887,2424,111
1754133108,17490,5562,85761,2410,112
1754133408,17383,5518,85893,2390,111
1754133708,16922,5517,85892,2367,112
1754134009,12593,5539,85894,2346,112
1754134309,9935,5534,85900,2328,112
1754134610,14816,5579,85971,2316,112
1754134910,18653,5541,85911,2308,112
1754135210,27661,5560,85844,2307,113
1754135511,39689,5547,85922,2312,112
1754135811,32994,5536,85900,2322,112
1754136112,33837,5558,85944,2333,112
1754136412,51889,5577,85854,2351,113
1754136712,31496,5562,85761,2357,112
1754137013,34010,5555,85814,2356,112
1754137313,27455,5548,85819,2360,113
1754137614,23685,5571,85891,2362,112
1754137914,28830,5571,85828,2360,112
1754138215,35268,5593,85868,2358,112
1754138515,27613,5565,85860,2351,113
1754138815,37956,5561,85752,2346,112
1754139116,38193,5572,85818,2344,112
1754139416,43893,5563,85765,2344,112
1754139717,31410,5552,85690,2342,111
1754140017,27695,5555,85758,2341,112
1754140317,25021,5574,85629,2337,112
1754140618,25569,5548,85577,2334,112
1754140918,27095,5555,85667,2332,112
1754141219,31753,5594,85715,2330,111
1754141519,44371,5602,85681,2336,112
1754141819,65535,5568,85854,2351,111
1754142120,63821,5584,85692,2362,112
1754142420,65535,5585,85568,2382,111
1754142721,53048,5587,85392,2404,111
1754143021,62226,5621,85709,2403,112
1754143321,65199,5575,85681,2418,112
1754143622,65535,5568,85687,2435,112
1754143922,54296,5558,85780,2448,111
1754144223,65535,5547,85383,2451,112
1754144523,65535,5546,85559,2469,111
1754144823,65535,5536,85613,2482,112
1754145124,65535,5542,85445,2471,112
1754145424,39046,5556,85641,2469,113
1754145725,44812,5595,85675,2469,112
1754146025,65289,5596,85565,2457,112
1754146325,55218,5588,85698,2458,112
1754146626,63219,5581,85634,2457,112
1754146926,36963,5566,85517,2449,112
1754147227,65535,5541,85408,2440,113
1754147527,64444,5573,85447,2435,111
1754147828,65535,5547,85507,2434,112
1754148128,65535,5556,85418,2446,112
1754148428,47785,5563,85498,2450,112
1754148729,65535,5539,85555,2449,112
1754149029,55524,5549,85537,2458,112
1754149330,32241,5557,85633,2445,112
1754149630,39320,5561,85532,2438,113
1754149930,65535,5591,85505,2442,112
1754150231,49577,5572,85533,2457,113
1754150531,43915,5552,85504,2454,111
1754150832,35729,5560,85565,2446,111
1754151132,37132,5548,85649,2439,111
1754151432,30220,5566,85513,2430,113
1754151733,21906,5567,85724,2417,112
1754152033,25027,5575,85688,2405,112
1754152334,26843,5563,85594,2394,112
1754152634,27599,5592,85742,2387,113
1754152934,22938,5586,85761,2380,111
1754153235,18802,5604,85486,2373,113
1754153535,21017,5588,85877,2366,113
1754153836,20122,5583,85817,2359,112
1754154136,19573,5607,85590,2351,112
1754154436,12378,5586,85678,2344,112
1754154737,17190,5590,85744,2340,112
1754155037,16354,5598,85604,2336,112
1754155338,15366,5592,85568,2331,113
1754155638,20181,5581,85677,2327,112
1754155938,18571,5586,85621,2326,113
1754156239,17006,5586,85528,2322,113
1754156539,16338,5587,85461,2320,113
1754156840,13803,5590,85578,2316,112
1754157140,11672,5601,85601,2312,113
1754157440,10726,5629,85676,2307,113
1754157741,10578,5603,85623,2302,112
1754158041,8544,5593,85590,2296,113
1754158342,4741,5594,85728,2290,113
1754158642,3754,5626,85724,2284,113
1754158943,4122,5604,85633,2279,111
1754159243,3810,5609,85743,2274,111
1754159543,2800,5618,85624,2269,112
1754159844,1481,5608,85655,2264,112
1754160144,589,5620,85689,2258,112
1754160445,267,5638,85655,2254,111
1754160745,108,5625,85584,2249,112
1754161045,62,5652,85760,2244,111
1754161346,27,5633,85776,2241,112
1754161646,13,5636,85702,2238,112
1754161947,12,5691,85758,2235,112
1754162247,9,5651,85723,2232,112
1754162547,11,5644,85912,2228,111
1754162848,11,5649,85853,2224,113
1754163148,10,5658,85587,2221,112
1754163449,10,5654,85541,2218,111
1754163749,10,5652,85731,2214,111
1754164049,8,5669,85705,2211,113
1754164350,9,5676,85642,2208,111
1754164650,10,5683,85914,2205,111
1754164951,10,5678,85973,2203,111
1754165251,10,5698,85762,2200,112
1754165551,9,5713,85754,2197,112
1754165852,9,5706,85704,2196,112
1754166152,9,5705,85683,2193,111
1754166453,9,5709,85748,2192,112
1754166753,10,5722,85775,2190,111
1754167053,10,5701,85846,2189,112
1754167354,9,5706,85789,2187,112
1754167654,10,5696,85838,2185,112
1754167955,10,5697,85840,2184,113
1754168255,10,5691,85763,2184,112
1754168555,10,5697,85847,2182,111
1754168856,9,5724,85748,2181,113
1754169156,10,5705,85814,2179,111
1754169457,9,5706,85799,2178,113
1754169757,9,5692,85811,2177,111
1754170058,10,5698,85808,2175,110
1754170358,9,5703,85849,2174,112
1754170658,10,5692,85786,2173,111
1754170959,11,5704,85961,2172,111
1754171259,10,5704,85917,2171,111
1754171560,10,5717,85916,2170,111
1754171860,9,5682,85957,2168,111
1754172160,9,5696,85894,2167,111
1754172461,9,5706,85977,2166,112
1754172761,9,5706,85939,2165,111
1754173062,9,5707,85852,2165,113
1754173362,9,5700,86037,2163,111
1754173662,11,5704,85880,2162,111
1754173963,9,5696,85944,2161,111
1754174263,8,5701,85841,2160,111
1754174564,9,5709,85942,2159,113
1754174864,10,5731,85988,2158,113
1754175164,9,5730,85971,2157,113
1754175465,7,5769,85917,2157,111
1754175765,7,5813,85944,2157,113
1754176066,8,6052,86111,2158,111
1754176366,4,6410,85886,2161,113
1754176666,5,6883,86244,2162,112
1754176967,5,6990,86155,2162,113
1754177267,5,8267,86589,2164,113
1754177568,5,9151,86286,2167,112
1754177868,5,9203,86159,2170,112
1754178168,5,8448,86113,2168,113
1754178469,6,8643,86059,2165,112
1754178769,6,8314,86114,2161,111
1754179070,5,7555,86088,2158,112
1754179370,6,7296,86065,2155,113
1754179670,5,6908,85878,2152,113
1754179971,5,6820,86111,2150,112
1754180271,5,6764,85836,2148,112
1754180572,5,6774,86009,2147,112
1754180872,6,6712,85933,2146,113
1754181172,6,6633,86000,2144,113
1754181473,6,6667,86126,2141,112
1754181773,5,6462,86263,2139,112
1754182074,5,6462,86107,2137,113
1754182374,6,6419,86124,2136,112
1754182675,5,6394,86085,2134,111
1754182975,4,6268,86098,2131,113
1754183275,5,6256,85932,2129,112
1754183576,7,6170,85996,2128,113
1754183876,6,6159,85968,2126,110
1754184177,7,6139,86037,2124,112
1754184477,6,6076,86049,2122,112
1754184777,6,6051,86087,2121,112
1754185078,6,6097,85988,2120,112
1754185378,6,6029,85877,2119,112
1754185679,6,6043,85921,2117,112
1754185979,7,6037,85965,2116,112
1754186279,7,6043,86020,2116,110
1754186580,6,6051,85971,2115,110
1754186880,8,6034,86061,2114,112
1754187181,8,6082,85704,2114,112
1754187481,7,5953,85947,2112,110
1754187781,7,5995,85882,2111,113
1754188082,7,5947,85962,2110,112
1754188382,7,5968,85757,2110,112
1754188683,7,5909,85810,2108,113
1754188983,7,5935,85586,2108,112
1754189283,6,5965,85598,2107,112
1754189584,7,5955,85759,2106,112
1754189884,7,5890,85836,2105,112
1754190185,7,5879,85724,2104,112
1754190485,8,5875,85611,2104,112
1754190785,8,5851,85798,2103,110
1754191086,9,5849,85734,2102,112
1754191386,9,5851,85890,2102,112
1754191687,7,5855,85736,2102,112
1754191987,8,5852,85780,2101,112
1754192287,8,5837,85758,2101,110
1754192588,9,5871,85639,2100,112
1754192888,7,5895,85713,2100,112
1754193189,7,5924,85652,2099,112
1754193489,6,5927,85547,2099,112
1754193789,7,5882,85745,2099,110
1754194090,7,5895,85850,2099,112
1754194390,7,5865,85779,2099,112
1754194691,8,5852,85821,2099,112
1754194991,9,5886,85701,2098,112
1754195292,8,5846,85839,2097,112
1754195592,8,5847,85786,2098,112
1754195892,8,5848,85725,2098,110
1754196193,9,5827,85736,2098,112
1754196493,10,5823,85746,2097,110
1754196794,11,5794,85758,2097,110
1754197094,9,5797,85687,2097,110
1754197394,10,5806,85683,2097,110
1754197695,12,5800,85653,2098,110
1754197995,15,5848,85756,2098,110
1754198296,25,5800,85659,2098,110
1754198596,35,5820,85825,2098,112
1754198896,52,5856,85806,2097,110
1754199197,113,5833,85772,2098,112
1754199497,260,5824,85814,2098,110
1754199798,478,5832,85921,2097,110
1754200098,809,5817,85835,2098,110
1754200398,1019,5828,85914,2098,112
1754200699,1585,5834,85825,2098,112
1754200999,2210,5910,85844,2099,112
1754201300,2788,5847,85829,2099,110
1754201600,2991,5842,85936,2099,112
1754201900,3601,5850,85882,2101,112
1754202201,4322,5844,85773,2102,112
1754202501,5147,5848,85947,2103,110
1754202802,5985,5864,85925,2105,112
1754203102,6539,5864,85853,2107,112
1754203402,6839,5870,85797,2110,112
1754203703,7485,5872,85689,2112,110
1754204003,8967,5919,85831,2115,112
1754204304,9238,5876,85855,2118,112
1754204604,10331,5886,85909,2122,112
1754204904,9686,5890,85995,2125,110
1754205205,8483,5916,85862,2127,112
1754205505,10366,5914,85794,2131,112
1754205806,10678,5914,86003,2134,110
1754206106,13548,5921,85809,2138,112
1754206406,13297,5908,85778,2142,112
1754206707,13557,5913,85805,2146,110
1754207007,16944,5923,85730,2151,112
1754207308,18412,5927,85843,2158,110
1754207608,20102,5924,85801,2163,110
1754207909,18882,5920,85864,2169,110
1754208209,16356,5949,85814,2178,111
1754208509,15512,5920,85934,2184,110
1754208810,15871,5933,85941,2187,110
1754209110,15851,5924,85995,2190,112
1754209411,16065,5922,85923,2193,110
1754209711,16841,5976,85931,2200,112
1754210011,13623,6172,85833,2204,112
1754210312,6315,7307,85605,2209,110
1754210612,19848,6855,85376,2229,110
1754210913,4537,7230,85678,2244,110
1754211213,1325,8122,85810,2242,110
1754211513,9116,7016,85806,2237,110
1754211814,8814,7091,85744,2235,110
1754212114,3456,7774,85829,2237,112
1754212415,14390,6969,85768,2243,110
1754212715,11986,6960,85791,2248,110
1754213015,16364,6754,85806,2248,110
1754213316,13975,6849,85790,2246,110
1754213616,19283,6850,85789,2245,112
1754213917,21081,6739,85841,2246,110
1754214217,18482,6723,85850,2247,110
1754214517,20316,6733,85781,2246,112
1754214818,16834,6911,85740,2247,110
1754215118,6,17664,86359,2242,110
1754215419,7,13551,85682,2236,110
1754215719,48,8659,85829,2235,110
1754216019,1735,7154,85716,2237,110
1754216320,4196,6746,85762,2242,110
1754216620,6756,8207,85446,2257,110
1754216921,16596,6112,85594,2273,109
1754217221,16484,6041,85488,2293,110
1754217521,11396,6106,85773,2300,109
1754217822,9596,6114,85671,2297,109
1754218122,7311,6335,85503,2290,110
1754218423,4622,6398,85484,2281,112
1754218723,7405,6051,85837,2274,109
1754219024,6507,6048,85826,2268,109
1754219324,2510,6329,85935,2264,110
1754219624,816,7643,85877,2264,109
1754219925,375,6953,85819,2264,109
1754220225,281,7104,85842,2264,110
1754220526,172,8605,85483,2260,112
1754220826,36,7665,85986,2256,110
1754221126,25,7707,85903,2254,109
1754221427,27,7802,85788,2255,109
1754221727,20,7945,85718,2253,112
1754222028,8,8467,85887,2251,109
1754222328,7,9140,85570,2253,110
1754222628,7,10007,85826,2255,109
1754222929,5,10987,85632,2257,109
1754223229,5,11211,85830,2260,110
1754223530,6,12624,85525,2265,110
1754223830,6,10720,85106,2271,109
1754224130,7,10285,85439,2275,109
1754224431,9,9634,85809,2276,109
1754224731,13,9032,85601,2278,109
1754225032,9,8868,85507,2281,110
1754225332,8,8909,86015,2285,109
1754225632,6,9457,85935,2289,109
1754225933,5,10770,85988,2293,110
1754226233,6,11903,85983,2300,109
1754226534,7,12705,86088,2301,110
1754226834,6,13192,86137,2298,110
1754227134,6,12933,86007,2294,109
1754227435,5,11584,85706,2290,110
1754227735,5,13205,86085,2286,110
1754228036,6,16150,85742,2282,107
1754228336,6,17320,86283,2277,110
1754228636,6,16098,85659,2272,109
1754228937,6,14711,86105,2270,109
1754229237,6,13731,85563,2270,110
1754229538,6,13433,85889,2272,109
1754229838,6,13128,85925,2274,109
1754230139,6,12345,85630,2278,109
1754230439,5,11805,85674,2282,109
1754230739,6,11229,86122,2287,110
1754231040,6,11133,86357,2299,109
1754231340,6,10525,86474,2303,110
1754231641,6,10240,86508,2314,110
1754231941,7,10320,86103,2328,109
1754232241,7,9814,86452,2323,109
1754232542,6,9530,86703,2334,109
1754232842,7,10047,86068,2342,109
1754233143,7,9603,86289,2345,109
1754233443,6,9245,86290,2342,109
1754233743,6,9346,86140,2342,109
1754234044,7,9331,86049,2339,109
1754234344,6,8862,86039,2343,109
1754234645,7,8712,85704,2338,110
1754234945,6,8477,85473,2328,109
1754235245,7,8511,85531,2315,109
1754235546,10,8464,85687,2303,109
1754235846,10,8449,85803,2294,109
1754236147,11,8233,85325,2287,110
1754236447,21,7945,85457,2281,109
1754236747,31,7767,85511,2275,107
1754237048,12,8042,85703,2269,109
1754237348,19,7898,85823,2261,108
1754237649,16,7951,85578,2254,108
1754237949,13,7933,85933,2250,109
1754238249,10,7807,85833,2245,108
1754238550,12,8121,85423,2240,108
1754238850,8,8020,85941,2238,108
1754239151,11,7905,85904,2237,109
1754239451,7,8369,85928,2235,109
1754239751,9,8138,85718,2233,108
1754240052,18,7896,85764,2231,108
1754240352,21,7791,85871,2230,109
1754240653,34,7623,85861,2230,108
1754240953,20,7719,85920,2229,108
1754241254,14,7620,85917,2227,108
1754241554,15,7539,85746,2223,108
1754241854,21,7519,85730,2220,109
1754242155,26,7512,85495,2217,109
1754242455,19,7686,85836,2213,108
1754242756,20,7715,85719,2210,109
1754243056,12,7578,85761,2207,108
1754243356,11,7749,85235,2205,108
1754243657,8,7823,85394,2201,108
1754243957,10,7685,85236,2197,108
1754244258,10,7528,85580,2193,108
1754244558,8,7611,85490,2189,109
1754244858,7,7743,85638,2186,109
1754245159,8,7858,85279,2182,108
1754245459,7,7893,85855,2179,109
1754245760,7,7773,85607,2177,108
1754246060,7,7682,86090,2174,108
1754246360,6,7579,85772,2171,109
1754246661,7,7542,85675,2169,108
1754246961,6,7503,85948,2166,108
1754247262,4,7717,86080,2163,108
1754247562,5,7478,85556,2162,107
1754247862,6,7607,85649,2160,109
1754248163,6,7510,85871,2157,108
1754248463,7,7518,85975,2155,108
1754248764,5,7622,85991,2153,108
1754249064,5,9461,86141,2152,108
1754249364,5,7296,85875,2150,108
1754249665,5,7351,85790,2149,108
1754249965,5,7421,85957,2147,108
1754250266,5,7422,86069,2145,108
1754250566,6,7296,86030,2143,108
1754250866,6,7553,85820,2142,109
1754251167,6,7385,85876,2141,109
1754251467,5,7171,85734,2139,108
1754251768,5,7231,85715,2137,109
1754252068,6,7023,85705,2136,108
1754252369,5,7136,85691,2135,108
1754252669,5,7070,85721,2132,108
1754252969,6,7049,85730,2131,108
1754253270,6,7097,85665,2129,108
1754253570,6,7074,85681,2128,108
1754253871,6,7028,85773,2126,108
1754254171,6,7144,85545,2125,108
1754254471,5,7042,85390,2124,107
1754254772,6,7073,85724,2123,108
1754255072,6,6853,85664,2122,108
1754255373,5,6861,85747,2120,108
1754255673,5,6915,85428,2119,108
1754255973,5,7046,85972,2117,109
1754256274,6,6972,85986,2116,108
1754256574,5,6992,85975,2115,108
1754256875,6,7056,86140,2113,108
1754257175,5,7096,85897,2113,109
1754257475,6,7013,86126,2111,108
1754257776,5,6921,86264,2111,108
1754258076,5,6888,86125,2110,108
1754258377,5,6962,86097,2109,108
1754258677,6,6827,86487,2108,108
1754258977,6,7018,86486,2107,108
1754259278,5,6823,86111,2107,108
1754259578,5,6843,86299,2106,108
1754259879,6,6854,86162,2105,108
1754260179,6,6977,85757,2103,108
1754260479,6,6997,85933,2103,108
1754260780,5,6825,85951,2102,109
1754261080,5,7046,86501,2101,108
1754261381,6,6878,86196,2101,108
1754261681,5,6770,86183,2100,108
1754261981,6,6853,86091,2100,108
1754262282,5,6979,86118,2099,108
1754262582,4,6856,85924,2098,107
1754262883,6,6838,86326,2098,108
1754263183,6,6865,85647,2097,108
1754263483,5,6971,85972,2096,108
1754263784,5,7035,86165,2095,108
1754264084,5,6871,86091,2094,108
1754264385,6,6804,86138,2094,108
1754264685,5,6901,85911,2093,108
1754264985,5,6829,85857,2092,108
1754265286,6,6733,85785,2091,108
1754265586,5,6738,85742,2091,108
1754265887,5,6738,85675,2090,107
1754266187,5,6765,85899,2091,108
1754266488,6,6789,85446,2090,108
1754266788,6,6745,85670,2088,108
1754267088,6,6741,85855,2088,108
1754267389,5,6860,85689,2087,108
1754267689,6,7035,85558,2086,108
1754267990,5,6802,85243,2087,108
1754268290,6,6796,85269,2085,108
1754268590,5,6903,85708,2085,108
1754268891,5,7221,86027,2083,108
1754269191,6,7428,85633,2082,109
1754269492,5,7871,85756,2080,108
1754269792,5,8507,85762,2080,108
1754270092,6,9188,85517,2080,108
1754270393,5,8953,85864,2081,108
1754270693,6,8693,85892,2081,108
1754270994,5,9078,85068,2080,108
1754271294,5,9008,85306,2079,108
1754271594,5,8497,85043,2078,108
1754271895,5,8520,85559,2077,108
1754272195,6,8489,85155,2076,109
1754272496,6,8560,85705,2074,108
1754272796,5,8341,85671,2073,109
1754273096,5,8410,85732,2072,108
1754273397,5,8362,85742,2071,108
1754273697,5,8209,85834,2069,107
1754273998,5,8287,85682,2069,109
1754274298,5,8359,85921,2068,108
1754274598,5,8250,85806,2067,108
1754274899,5,8634,85359,2066,108
1754275199,5,8429,85630,2063,108
1754275500,5,9097,85641,2061,108
1754275800,5,9848,86095,2058,107
1754276100,4,9953,85388,2056,108
1754276401,6,9925,85829,2053,107
1754276701,6,9533,85530,2052,108
1754277002,5,9223,85782,2051,108
1754277302,5,8890,85694,2050,107
1754277603,4,8787,86002,2049,108
1754277903,5,8490,85696,2049,108
1754278203,5,8490,86185,2049,107
1754278504,5,8624,85661,2049,109
1754278804,5,8581,85467,2049,108
1754279105,5,8316,86067,2049,107
1754279405,5,8419,86209,2050,108
1754279705,4,8158,85938,2051,108
1754280006,5,8273,86030,2050,108
1754280306,5,8179,85801,2050,107
1754280607,6,8060,86109,2050,107
1754280907,5,8160,85827,2050,108
1754281207,6,7957,86143,2048,108
1754281508,5,7734,86086,2047,109
1754281808,5,7622,86104,2047,108
1754282109,5,7770,86090,2046,108
1754282409,5,7679,85738,2045,108
1754282709,5,7686,85820,2045,108
1754283010,5,7893,86443,2045,108
1754283310,5,7730,85827,2046,108
1754283611,4,7806,85924,2045,108
1754283911,5,7645,85921,2045,108
1754284211,5,7438,85947,2046,108
1754284512,5,7564,85888,2046,108
1754284812,5,7645,85632,2046,108
1754285113,5,7446,85704,2045,108
1754285413,5,7465,85754,2045,109
1754285713,5,7565,85413,2045,107
1754286014,6,7403,85793,2045,108
1754286314,7,7421,85857,2045,108
1754286615,6,7867,85858,2044,108
1754286915,6,8331,85844,2045,108
1754287215,5,9029,86207,2045,107
1754287516,5,10784,85811,2046,107
1754287816,5,12674,86737,2047,108
1754288117,5,14185,86495,2048,107
1754288417,5,17706,86797,2050,107
1754288717,5,17735,86296,2051,108
1754289018,5,16958,86488,2052,106
1754289318,6,15554,86438,2053,108
1754289619,5,14361,86107,2054,109
1754289919,5,13889,86337,2055,108
1754290220,6,13403,86255,2056,106
1754290520,5,13259,86519,2056,109
1754290820,6,12766,86309,2059,108
1754291121,5,12695,86409,2062,108
1754291421,5,11636,86115,2064,107
1754291722,4,11312,85900,2066,107
1754292022,5,10942,86310,2068,108
1754292322,5,10679,86128,2072,109
1754292623,5,10231,85370,2077,106
1754292923,7,9875,86239,2081,108
1754293224,5,9869,85831,2086,109
1754293524,5,9949,86314,2091,106
1754293824,4,9556,85927,2099,108
1754294125,6,9736,85902,2103,107
1754294425,6,9422,86141,2107,108
1754294726,6,9304,85201,2111,108
1754295026,7,9031,85611,2115,106
1754295326,6,9096,86074,2120,107
1754295627,6,8800,85793,2125,107
1754295927,7,8677,86105,2130,108
1754296228,5,8794,86139,2135,108
1754296528,7,9041,85891,2144,107
1754296828,7,9700,86222,2149,108
1754297129,7,8620,86477,2154,106
1754297429,7,8457,86027,2159,106
1754297730,8,8379,86587,2162,106
1754298030,16,8138,85781,2163,107
1754298330,13,8277,86234,2165,107
1754298631,28,8245,85597,2170,108
1754298931,11,8296,86358,2175,106
1754299232,22,8388,86048,2186,108
1754299532,22,8271,85684,2200,108
1754299832,30,8099,85863,2202,108
1754300133,36,7956,86518,2205,107
1754300433,31,7830,86369,2208,107
1754300734,16,7936,86348,2209,107
1754301034,33,7909,85816,2209,106
1754301334,23,8086,86810,2214,108
1754301635,72,7758,86842,2228,106
1754301935,34,7937,86651,2240,108
1754302236,47,7727,86427,2245,107
1754302536,63,7535,87066,2248,107
1754302837,120,7582,86682,2258,106
1754303137,181,7507,86061,2262,106
1754303437,35,7744,86351,2259,106
1754303738,129,7637,85955,2255,106
1754304038,73,7621,86422,2249,107
1754304339,194,7563,86325,2249,107
1754304639,333,7598,86101,2256,107
1754304939,215,7537,86069,2262,106
1754305240,139,7509,86305,2262,107
1754305540,195,7540,85875,2264,106
1754305841,323,7551,86042,2265,107
1754306141,300,7486,85856,2273,106
1754306441,232,7488,85940,2281,106
1754306742,127,7662,85900,2283,107
1754307042,165,7709,85811,2282,107
1754307343,159,7703,85934,2282,107
1754307643,206,7635,86049,2281,107
1754307943,197,7644,85935,2280,107
1754308244,306,7542,86089,2274,107
1754308544,224,7598,85904,2273,107
1754308845,123,7898,86028,2272,106
1754309145,109,7728,86404,2270,106
1754309445,147,7729,86187,2272,106
1754309746,174,7632,86131,2275,106
1754310046,579,7723,86112,2280,106
1754310347,173,7800,86311,2307,106
1754310647,181,7850,85839,2325,106
1754310947,159,7856,86144,2331,107
1754311248,168,7793,86066,2332,106
1754311548,501,7627,86143,2333,107
1754311849,201,7840,85896,2332,107
1754312149,136,7974,85772,2335,106
1754312449,111,7898,85676,2329,106
1754312750,110,7901,85675,2325,106
1754313050,461,7718,85789,2331,106
1754313351,96,7952,85747,2344,106
1754313651,56,8107,85738,2340,107
1754313952,16,8794,85558,2338,106
1754314252,19,8924,85754,2337,106
1754314552,46,8238,85812,2345,106
1754314853,118,8110,85453,2342,106
1754315153,128,8022,85832,2335,106
1754315454,135,8102,85768,2340,106
1754315754,49,8219,85731,2339,106
1754316054,37,8353,85820,2332,106
1754316355,26,8748,85765,2324,106
1754316655,16,8331,86038,2317,106
1754316956,16,8271,86436,2311,106
1754317256,60,8165,85698,2307,106
1754317556,49,8152,85921,2302,106
1754317857,75,8002,85875,2301,106
1754318157,61,8138,85952,2302,106
1754318458,110,8016,85761,2300,106
1754318758,94,7944,86198,2295,106
1754319058,72,7860,85734,2291,106
1754319359,43,7991,85882,2285,106
1754319659,67,8043,85766,2280,106
1754319960,32,8248,85937,2277,106
1754320260,16,8508,86161,2277,106
1754320560,17,8661,85959,2275,106
1754320861,13,8666,85945,2273,106
1754321161,11,8679,85787,2269,106
1754321462,11,8860,85822,2267,107
1754321762,12,8748,85931,2264,106
1754322062,14,8643,85879,2261,106
1754322363,9,8884,86038,2258,106
1754322663,15,8669,85543,2254,106
1754322964,18,8699,85772,2250,106
1754323264,12,8731,85979,2247,106
1754323564,26,8644,85830,2244,106
1754323865,17,8627,85703,2240,107
1754324165,18,8732,85791,2237,106
1754324466,13,8834,85635,2235,106
1754324766,12,8938,85402,2234,107
1754325067,26,9107,85719,2234,103
1754325367,12,9289,85732,2235,107
1754325667,9,9160,85853,2234,107
1754325968,8,9501,85829,2232,107
1754326268,7,9307,85817,2229,103
1754326569,6,9113,85862,2226,103
1754326869,7,9408,85563,2222,107
1754327169,7,9644,85545,2217,107
1754327470,5,9504,85701,2213,103
1754327770,6,9708,85689,2208,106
1754328071,6,10026,85869,2204,103
1754328371,6,9941,85382,2200,107
1754328671,6,10173,86019,2196,107
1754328972,5,10454,85667,2192,107
1754329272,6,10562,85646,2188,107
1754329573,5,10267,85538,2184,107
1754329873,5,10146,85611,2180,105
1754330173,5,10373,85594,2176,106
1754330474,6,10215,85359,2173,106
1754330774,5,9869,85733,2169,107
1754331075,5,9829,85143,2166,106
1754331375,6,9336,85799,2163,103
1754331675,5,9294,85929,2159,107
1754331976,6,9270,85974,2156,103
1754332276,6,8989,85660,2154,106
1754332577,5,9235,85873,2151,107
1754332877,6,9076,85803,2147,103
1754333177,6,9086,85890,2144,103
1754333478,6,8956,85781,2141,107
1754333778,6,8945,85613,2138,107
1754334079,6,8894,85839,2135,103
1754334379,5,9123,85385,2132,107
1754334680,5,9057,85682,2129,105
1754334980,6,9050,85624,2126,107
1754335280,6,8946,85748,2123,107
1754335581,5,8958,86040,2120,107
1754335881,5,8802,86066,2119,107
1754336182,5,8826,85954,2116,107
1754336482,6,8815,85693,2115,107
1754336782,6,8816,85673,2113,105
1754337083,6,8992,85953,2110,103
1754337383,6,9059,85765,2109,107
1754337684,5,9125,85847,2106,107
1754337984,5,8985,85465,2105,105
1754338284,5,9088,85653,2103,103
1754338585,5,9113,85677,2102,107
1754338885,5,8905,85834,2100,107
1754339186,5,8807,85980,2099,107
1754339486,5,8672,85751,2097,107
1754339786,5,8570,85551,2094,105
1754340087,6,8581,85660,2093,106
1754340387,5,8521,85632,2091,103
1754340688,6,8458,85783,2090,103
1754340988,5,8466,85812,2089,107
1754341288,7,8277,85655,2087,104
1754341589,6,8276,85510,2087,103
1754341889,6,8189,85885,2085,104
1754342190,5,8185,85658,2083,104
1754342490,5,8364,86112,2082,103
1754342790,6,8392,85557,2082,107
1754343091,5,8289,85598,2080,103
1754343391,6,8027,85707,2078,107
1754343692,5,8226,85730,2079,103
1754343992,4,8250,85833,2078,103
1754344293,6,8289,86012,2075,105
1754344593,6,8396,85573,2074,107
1754344893,5,8380,85851,2075,107
1754345194,5,8380,85535,2074,107
1754345494,5,8493,85714,2075,107
1754345795,5,8453,85648,2071,104
1754346095,4,8149,85914,2070,103
1754346395,4,8286,85531,2070,107
1754346696,4,8269,85829,2069,107
1754346996,5,8310,85609,2066,107
1754347297,5,8309,85744,2067,107
1754347597,5,8152,85471,2066,105
1754347897,5,8396,85538,2066,105
1754348198,6,8161,85570,2065,107
1754348498,5,8399,86070,2064,105
1754348799,6,8049,85511,2065,105
1754349099,5,8320,85539,2063,105
1754349399,5,8161,85876,2062,105
1754349700,4,8292,85913,2061,105
1754350000,5,8075,85815,2060,103
1754350301,5,7914,85690,2060,107
1754350601,6,7862,85553,2059,105
1754350901,6,7958,85708,2058,103
1754351202,5,8015,85297,2058,103
1754351502,4,7834,85351,2056,103
1754351803,6,7797,85802,2056,105
1754352103,6,7906,85009,2055,105
1754352404,5,7754,85528,2054,105
1754352704,4,7787,85852,2053,103
1754353004,4,7638,85790,2051,105
1754353305,5,7628,85662,2051,105
1754353605,5,7766,86032,2048,105
1754353906,7,7752,85468,2048,105
1754354206,6,7789,85433,2046,103
1754354506,5,7967,85883,2045,105
1754354807,5,8098,85915,2043,105
1754355107,5,7891,85392,2043,104
1754355408,4,7839,84783,2042,105
1754355708,5,7812,85237,2041,105
1754356008,5,7825,85759,2041,105
1754356309,4,7865,85669,2039,105
1754356609,6,7713,85816,2037,105
1754356910,5,7857,85726,2036,103
1754357210,5,7959,85334,2036,104
1754357510,5,7995,85400,2033,104
1754357811,5,8012,85269,2033,104
1754358111,6,7985,84956,2031,105
1754358412,5,7966,85591,2030,103
1754358712,5,7982,85401,2029,105
1754359012,5,7925,84462,2028,105
1754359313,5,8001,85616,2026,105
1754359613,4,10937,85456,2027,103
1754359914,5,7994,85370,2027,104
1754360214,4,7861,85495,2027,105
1754360514,5,7984,85261,2027,103
1754360815,5,7834,85879,2026,103
1754361115,6,7934,85370,2026,104
1754361416,5,7871,85498,2026,105
1754361716,5,7864,85362,2026,104
1754362017,5,7773,85620,2025,105
1754362317,5,8050,85103,2024,104
1754362617,4,7893,85535,2025,104
1754362918,5,7792,85361,2024,104
1754363218,5,7816,85534,2026,103
1754363519,5,7649,85567,2025,103
1754363819,5,7703,85652,2024,104
1754364119,5,7689,85868,2025,104
1754364420,4,7541,85679,2024,103
1754364720,5,7644,85677,2023,104
1754365021,5,7639,85584,2024,104
1754365321,4,7641,85691,2024,104
1754365621,5,7736,85720,2023,105
1754365922,5,7723,85649,2023,105
1754366222,5,7682,85618,2021,104
1754366523,5,7671,85543,2021,104
1754366823,5,7898,85545,2020,104
1754367123,5,7846,85700,2019,104
1754367424,5,7687,85413,2018,104
1754367724,4,7789,85601,2016,104
1754368025,5,7964,85741,2014,104
1754368325,4,7946,85799,2013,104
1754368625,6,7787,85763,2011,104
1754368926,5,7780,85614,2011,105
1754369226,6,7799,85579,2009,104
1754369527,5,7743,85667,2009,103
1754369827,5,7865,85624,2007,104
1754370127,4,7845,85885,2006,104
1754370428,5,7828,85662,2006,104
1754370728,5,7718,85700,2007,104
1754371029,5,7704,85511,2008,105
1754371329,5,7672,85701,2008,104
1754371630,6,7673,85875,2008,103
1754371930,8,7580,85859,2008,104
1754372230,9,7848,85851,2007,104
1754372531,11,7994,85691,2005,104
1754372831,17,7897,85811,2004,104
1754373132,16,7813,85982,2003,103
1754373432,18,7754,85625,2002,104
1754373732,26,7866,86059,2002,104
1754374033,27,7821,85695,2002,104
1754374333,34,7847,85684,2003,104
1754374634,45,7703,85794,2004,104
1754374934,43,7745,85404,2006,104
1754375234,51,7691,85797,2007,104
1754375535,54,7820,85902,2009,105
1754375835,61,7784,85984,2011,104
1754376136,53,7879,85864,2013,104
1754376436,96,7810,85642,2016,105
1754376736,108,7744,85661,2017,104
1754377037,69,7725,85864,2020,104
1754377337,47,7799,85779,2022,105
1754377638,28,8177,86001,2024,104
1754377938,19,8231,86170,2024,103
1754378238,18,8173,86114,2026,105
1754378539,34,8248,85677,2027,105
1754378839,41,8098,85950,2029,104
1754379140,48,7998,85644,2032,105
1754379440,86,7884,85997,2036,103
1754379740,134,7764,85871,2039,102
1754380041,96,7866,85439,2043,105
1754380341,125,7810,86204,2046,102
1754380642,134,7764,85967,2052,103
1754380942,118,7763,85812,2056,105
1754381243,105,8270,86073,2060,103
1754381543,149,7871,86118,2064,104
1754381843,129,7799,85883,2068,104
1754382144,130,7788,85678,2072,103
1754382444,136,7763,85991,2077,104
1754382745,183,7811,85917,2083,104
1754383045,144,7680,85948,2089,104
1754383345,195,7746,85721,2092,104
1754383646,151,7698,85550,2095,102
1754383946,136,7933,86003,2099,102
1754384247,109,7834,85971,2103,103
1754384547,237,7632,85580,2110,105
1754384847,262,7576,85908,2116,105
1754385148,327,7644,85772,2123,102
1754385448,344,7558,85950,2131,102
1754385749,329,7560,86132,2140,103
1754386049,566,7557,85800,2145,104
1754386349,302,7577,86047,2146,105
1754386650,228,7538,86109,2149,104
1754386950,413,7537,86117,2153,104
1754387251,640,7482,86022,2161,104
1754387551,563,7441,85904,2168,104
1754387851,857,7350,85937,2172,104
1754388152,612,7544,85972,2180,104
1754388452,586,7562,85917,2185,102
1754388753,960,7392,85465,2189,102
1754389053,699,7445,85873,2191,102
1754389353,440,7465,86218,2192,104
1754389654,796,7488,85834,2195,102
1754389954,1187,7386,85946,2201,104
1754390255,1610,7359,86433,2207,104
1754390555,1268,7351,86079,2214,104
1754390856,767,7501,86084,2220,104
1754391156,808,7424,85885,2223,104
1754391456,600,7470,85708,2222,102
1754391757,458,7384,86095,2222,105
1754392057,867,7352,86178,2223,104
1754392358,589,7417,86237,2224,104
1754392658,511,7398,86235,2224,104
1754392958,449,7403,86106,2225,104
1754393259,413,7402,85862,2226,104
1754393559,386,7440,86170,2227,104
1754393860,247,7508,86139,2227,102
1754394160,283,7584,86102,2227,104
1754394460,351,7588,86175,2227,104
1754394761,580,7465,85835,2228,104
1754395061,698,7551,86343,2234,102
1754395362,644,7668,85929,2243,104
1754395662,756,7595,86266,2249,103
1754395962,643,7680,85941,2257,104
1754396263,636,7766,85825,2269,104
1754396563,241,7871,86082,2284,102
1754396864,133,8145,85952,2293,102
1754397164,113,8230,85990,2296,104
1754397464,63,8332,86132,2293,104
1754397765,41,8425,85921,2292,104
1754398065,56,8172,86011,2290,104
1754398366,114,8047,86051,2292,104
1754398666,133,8036,85972,2294,103
1754398967,119,8102,85846,2296,104
1754399267,39,8348,86050,2300,104
1754399567,33,8472,85754,2305,103
1754399868,66,8201,86287,2311,102
1754400168,123,7928,86126,2315,104
1754400469,212,7919,85850,2331,102
1754400769,233,7747,86365,2336,102
1754401069,231,7788,86308,2348,104
1754401370,142,7824,85917,2353,104
1754401670,198,7818,86068,2346,104
1754401971,453,7744,86088,2348,102
1754402271,194,7775,86329,2344,103
1754402571,292,7783,85805,2339,102
1754402872,294,7825,86077,2337,102
1754403172,266,7603,85890,2337,103
1754403473,184,7950,85758,2336,103
1754403773,195,7829,85692,2344,104
1754404073,348,7732,86345,2350,103
1754404374,347,7689,86173,2356,104
1754404674,534,7683,85692,2353,102
1754404975,1126,7698,85570,2350,102
1754405275,298,7734,85279,2344,102
1754405575,186,7720,85616,2333,102
1754405876,185,7805,85862,2324,102
1754406176,473,7742,85820,2321,104
1754406477,274,7649,85739,2324,102
1754406777,175,7670,85999,2323,102
1754407078,87,7493,86305,2316,102
1754407378,82,7626,86569,2305,103
1754407678,82,7681,86556,2297,103
1754407979,108,8006,85912,2291,103
1754408279,85,8162,86120,2287,102
1754408580,53,7544,85731,2283,103
1754408880,70,7528,86263,2280,103
1754409180,30,9262,86135,2277,102
1754409481,30,7954,85940,2273,102
1754409781,23,7707,86155,2270,102
1754410082,33,7686,86100,2266,102
1754410382,37,7730,86109,2264,103
1754410682,24,7863,85882,2262,102
1754410983,30,7859,85870,2260,102
1754411283,28,7841,86023,2258,102
1754411584,32,7903,85953,2256,102
1754411884,34,7915,85443,2255,102
1754412184,26,8007,85886,2254,101
1754412485,31,7920,85776,2252,101
1754412785,16,8031,85807,2249,102
1754413086,15,7921,85956,2245,102
1754413386,16,8175,86326,2240,102
1754413686,10,8211,85953,2235,103
1754413987,12,8012,85972,2231,101
1754414287,15,8034,85731,2228,101
1754414588,16,7825,85529,2223,101
1754414888,9,7915,86035,2219,101
1754415188,12,7848,86223,2214,101
1754415489,12,7903,86062,2208,101
1754415789,12,7856,86278,2201,101
1754416090,11,7821,86156,2196,102
1754416390,12,7751,85318,2192,101
1754416691,11,7999,85854,2188,101
1754416991,9,7884,86235,2185,101
1754417291,9,7930,86138,2180,100
1754417592,11,7883,85792,2176,101
1754417892,8,8223,85711,2171,102
1754418193,9,7977,86140,2167,101
1754418493,8,8037,85991,2162,100
1754418793,7,7815,85513,2158,101
1754419094,7,7708,86208,2153,101
1754419394,9,7694,86260,2149,101
1754419695,6,7707,86049,2145,101
1754419995,6,7762,86279,2140,101
1754420295,7,9137,85864,2137,100
1754420596,6,7838,85976,2134,101
1754420896,6,7772,86160,2129,100
1754421197,5,7707,85654,2126,100
1754421497,6,7733,86423,2123,100
1754421797,6,7800,86215,2119,100
1754422098,6,7766,86256,2116,101
1754422398,5,7841,85892,2113,100
1754422699,6,8026,86165,2110,100
1754422999,6,8261,86455,2107,101
1754423299,5,8072,85485,2105,101
1754423600,5,8152,86338,2101,100
1754423900,5,8100,86225,2099,100
1754424201,5,7890,86700,2095,100
1754424501,6,7863,85747,2093,100
1754424802,5,7755,86386,2091,100
1754425102,5,7827,86073,2090,101
1754425402,5,7777,86081,2087,100
1754425703,5,7723,86465,2084,100
1754426003,5,7701,86217,2081,100
1754426304,6,7624,86117,2079,100
1754426604,6,7696,86080,2076,101
1754426904,5,7635,86241,2074,100
1754427205,5,7694,86283,2072,101
1754427505,5,7657,85898,2071,100
1754427806,5,7612,85853,2068,101
1754428106,5,7622,86409,2066,101
1754428406,5,7689,86361,2064,101
1754428707,5,7714,86371,2063,101
1754429007,4,7589,86389,2060,100
1754429308,6,7568,86213,2060,101
1754429608,5,7492,86273,2058,100
1754429908,6,7435,85986,2057,101
1754430209,6,7475,85913,2055,100
1754430509,5,7499,86067,2055,100
1754430810,5,7515,86150,2053,100
1754431110,5,7548,86262,2052,101
1754431410,5,7545,86192,2052,101
1754431711,5,7518,86200,2051,100
1754432011,5,7498,86208,2048,100
1754432312,6,7448,86015,2048,100
1754432612,6,7456,85966,2047,101
1754432912,6,7414,86046,2047,101
1754433213,5,7486,86107,2045,101
1754433513,5,7440,86027,2044,101
1754433814,5,7431,86103,2043,100
1754434114,5,7389,86173,2043,100
1754434415,5,7357,86195,2042,100
1754434715,6,7433,85973,2041,99
1754435015,6,7420,86051,2040,100
1754435316,5,7392,85913,2039,101
1754435616,5,7363,86039,2037,101
1754435917,6,7373,85966,2036,101
1754436217,5,7399,86076,2036,100
1754436517,5,7403,86303,2034,101
1754436818,5,7414,86194,2033,101
1754437118,6,7435,85783,2032,101
1754437419,5,7445,86265,2031,101
1754437719,5,7317,86225,2030,101
1754438019,5,7257,86102,2030,100
1754438320,5,7354,86019,2029,101
1754438620,6,7337,85976,2028,100
1754438921,5,7308,86403,2026,101
1754439221,5,8286,86990,2025,99
1754439521,5,8138,86377,2024,101
1754439822,5,30568,86621,2023,99
1754440122,5,41402,86569,2023,99
1754440423,5,8358,86655,2021,101
1754440723,5,8220,86780,2020,99
1754441023,5,7324,86705,2020,101
1754441324,5,9281,86711,2021,99
1754441624,5,9453,86809,2022,99
1754441925,5,13599,86641,2022,101
1754442225,5,7204,86155,2023,99
1754442525,5,7096,86417,2023,99
1754442826,5,7158,86566,2023,99
1754443126,5,7362,86298,2022,100
1754443427,5,7243,86472,2022,100
1754443727,5,7192,86175,2023,100
1754444028,5,7125,86239,2023,100
1754444328,5,7134,86177,2023,101
1754444628,5,7238,86079,2023,99
1754444929,5,7199,86111,2022,101
1754445229,5,7324,86204,2022,100
1754445530,5,7304,86167,2022,100
1754445830,6,7464,86230,2023,99
1754446130,5,7329,86386,2022,99
1754446431,5,7361,86273,2021,99
1754446731,5,7407,86301,2021,101
1754447032,6,7486,86165,2021,99
1754447332,5,7373,86105,2019,101
1754447632,5,7376,86036,2019,99
1754447933,6,7290,85979,2017,99
1754448233,6,7258,86147,2016,99
1754448534,6,7184,86168,2013,100
1754448834,5,7067,86361,2011,99
1754449134,6,7062,86333,2010,99
1754449435,5,7237,86162,2009,99
1754449735,6,7120,86213,2007,99
1754450036,6,7179,86091,2006,99
1754450336,5,7194,86100,2004,99
1754450636,5,7182,86196,2002,99
1754450937,5,7139,85975,2002,101
1754451237,5,6953,85858,2001,99
1754451538,6,6990,86231,2000,101
1754451838,5,6970,86303,1998,99
1754452138,5,6968,86153,1997,99
1754452439,6,7033,86139,1996,99
1754452739,5,7016,86331,1995,99
1754453040,5,7128,86646,1993,101
1754453340,6,7227,86339,1992,99
1754453641,6,7399,86086,1990,99
1754453941,5,7402,86427,1989,101
1754454241,5,7375,86297,1988,101
1754454542,5,7428,86031,1988,101
1754454842,5,7373,85800,1985,100
1754455143,5,7326,85963,1984,99
1754455443,6,7215,85585,1984,99
1754455743,5,7172,86083,1983,99
1754456044,5,7247,86214,1983,100
1754456344,5,7251,86157,1982,98
1754456645,5,7215,86052,1982,101
1754456945,5,7233,85877,1982,100
1754457245,6,7271,85730,1981,101
1754457546,7,7414,85911,1980,99
1754457846,7,7399,85731,1980,100
1754458147,10,7355,86118,1979,101
1754458447,16,7271,86034,1978,98
1754458747,24,7361,85993,1979,99
1754459048,28,7455,85661,1979,98
1754459348,39,7339,86188,1978,98
1754459649,51,7330,86183,1979,101
1754459949,70,7297,85721,1980,99
1754460249,113,7195,86230,1980,99
1754460550,212,7168,85977,1982,99
1754460850,175,7167,86338,1983,100
1754461151,147,7227,86121,1985,99
1754461451,199,7352,86109,1986,101
1754461751,173,7383,86088,1989,99
1754462052,178,7493,86031,1992,99
1754462352,219,7437,85976,1995,100
1754462653,451,7193,85978,2000,99
1754462953,414,7175,85846,2003,100
1754463254,545,7129,85828,2008,99
1754463554,668,7142,85895,2012,100
1754463854,440,7299,85977,2016,100
1754464155,409,7322,85790,2020,100
1754464455,340,7311,85812,2023,100
1754464756,342,7268,85868,2026,98
1754465056,302,7253,85954,2028,100
1754465356,359,7241,85577,2032,99
1754465657,352,7200,85800,2038,99
1754465957,404,7197,85726,2045,99
1754466258,327,7193,86014,2053,99
1754466558,257,7190,86132,2061,99
1754466858,98,7427,86333,2070,99
1754467159,105,7235,86303,2078,99
1754467459,205,7312,86122,2084,99
1754467760,226,7207,86014,2092,99
1754468060,374,7290,86060,2101,99
1754468360,522,7126,86275,2112,98
1754468661,243,7236,86265,2116,98
1754468961,290,7244,86310,2124,98
1754469262,369,7190,86045,2136,95
1754469562,359,7265,86152,2138,99
1754469862,347,7324,85945,2138,99
1754470163,360,7342,86050,2139,98
1754470463,630,7213,85980,2143,99
1754470764,866,7120,86009,2159,99
1754471064,907,7103,86057,2178,98
1754471364,737,7166,86080,2190,99
1754471665,903,7107,86303,2209,98
1754471965,1268,7078,86019,2230,98
1754472266,1120,7088,86163,2241,98
1754472566,1252,7139,86175,2251,98
1754472867,1288,7128,86029,2269,98
1754473167,1128,7131,86202,2283,98
1754473467,1274,7063,86283,2291,98
1754473768,1353,7031,85978,2300,98
1754474068,1867,6930,85868,2316,99
1754474369,2370,6908,86204,2333,98
1754474669,2463,7021,86269,2345,99
1754474969,4356,6962,86074,2356,98
1754475270,5278,6921,85939,2359,98
1754475570,6066,6987,86043,2364,99
1754475871,6304,6991,86285,2377,99
1754476171,6139,6947,85481,2382,99
1754476471,1108,11555,86242,2377,99
1754476772,5082,6990,86296,2373,99
1754477072,5675,6908,86152,2374,99
1754477373,6203,6959,85989,2377,99
1754477673,5257,7063,85986,2380,95
1754477973,4944,7163,86107,2374,99
1754478274,4042,7046,85962,2366,99
1754478574,2550,7091,85862,2355,99
1754478875,2865,7066,85960,2344,95
1754479175,2728,7150,85938,2337,97
1754479475,2675,7158,86059,2334,97
1754479776,2506,7196,86001,2341,95
1754480076,4635,7191,86023,2355,98
1754480377,4373,7154,86085,2365,97
1754480677,4459,7175,86002,2377,95
1754480978,5054,7194,86238,2388,97
1754481278,5061,7189,86219,2397,95
1754481578,6266,7181,85998,2402,99
1754481879,4339,7270,85987,2404,96
1754482179,1962,7332,85836,2398,96
1754482480,1032,7246,85905,2391,98
1754482780,1313,7258,85920,2381,95
1754483080,1814,7196,85710,2374,99
1754483381,1768,7228,85910,2370,95
1754483681,3233,7303,86024,2372,99
1754483982,2581,7352,86076,2386,95
1754484282,1599,7447,85999,2395,95
1754484582,1510,7407,85883,2403,99
1754484883,1843,7355,86193,2412,97
1754485183,1232,7420,86119,2421,97
1754485484,1445,7435,85994,2425,97
1754485784,2021,7390,86045,2436,96
1754486084,1504,7473,85940,2445,95
1754486385,843,7462,86132,2455,99
1754486685,760,7468,86011,2476,97
1754486986,559,7570,85532,2474,96
1754487286,424,7452,85530,2466,96
1754487586,539,7428,85837,2456,95
1754487887,384,7478,85926,2448,98
1754488187,449,7669,85841,2444,97
1754488488,1869,7479,85689,2439,99
1754488788,673,7564,85633,2451,97
1754489089,3516,7418,85942,2446,95
1754489389,4126,7309,85155,2476,99
1754489689,5449,7400,85752,2503,99
1754489990,4983,7373,84993,2508,97
1754490290,2299,7322,85020,2501,97
1754490591,1900,7328,85852,2490,97
1754490891,1274,7357,85802,2499,97
1754491191,1357,7265,85708,2504,99
1754491492,2147,7262,85756,2508,97
1754491792,4141,7262,85651,2517,97
1754492093,2448,7347,85611,2529,97
1754492393,1375,7321,85575,2518,96
1754492693,1165,7437,86007,2503,97
1754492994,1312,7393,85364,2484,97
1754493294,1034,7308,85330,2466,95
1754493595,476,7759,85571,2451,97
1754493895,371,7570,85660,2436,97
1754494195,420,7890,85650,2426,96
1754494496,326,7923,85415,2417,97
1754494796,341,7901,85414,2409,97
1754495097,239,7942,85472,2401,95
1754495397,223,7884,85333,2395,95
1754495698,164,7877,85414,2387,99
1754495998,131,7816,85526,2377,97
1754496298,105,7954,85564,2368,95
1754496599,93,7775,85490,2359,96
1754496899,95,7730,85290,2351,97
1754497200,117,7441,85493,2345,96
1754497500,145,7473,85566,2338,96
1754497800,188,7345,85556,2331,97
1754498101,226,7377,85194,2325,96
1754498401,322,7388,85231,2319,96
1754498702,397,7297,85393,2313,96
1754499002,415,7327,85466,2307,97
1754499302,376,7316,85347,2303,97
1754499603,515,7297,85468,2299,96
1754499903,549,7413,85325,2300,96
1754500204,667,7329,85404,2301,96
1754500504,527,7392,85622,2302,95
1754500804,568,7360,85187,2300,96
1754501105,509,7373,85237,2296,95
1754501405,470,7459,85843,2292,95
1754501706,513,7491,85774,2287,96
1754502006,270,7541,86051,2281,96
1754502306,289,7707,86099,2275,97
1754502607,314,7423,85826,2270,96
1754502907,340,7511,85672,2265,96
1754503208,319,7587,85787,2260,96
1754503508,572,7240,85506,2256,96
1754503808,512,7204,85488,2251,95
1754504109,344,7201,85427,2246,96
1754504409,232,7249,85242,2242,97
1754504710,187,7172,85306,2238,95
1754505010,171,7166,84952,2233,94
1754505311,123,7205,85292,2229,94
1754505611,85,7211,85327,2224,96
1754505911,51,7220,85331,2220,96
1754506212,35,7222,85463,2216,94
1754506512,22,7211,85657,2211,96
1754506813,13,7273,85751,2206,96
1754507113,9,7178,85459,2202,97
1754507413,8,7140,85239,2197,96
1754507714,7,7195,85539,2194,96
1754508014,7,7203,85413,2190,97
1754508315,6,7208,85400,2187,96
1754508615,6,7172,85295,2182,96
1754508915,5,7158,85522,2178,96
1754509216,6,7174,85479,2174,96
1754509516,6,7186,85682,2170,96
1754509817,6,7246,85622,2168,97
1754510117,6,7290,85618,2165,97
1754510417,6,7345,85330,2161,97
1754510718,7,7295,85722,2159,97
1754511018,5,7313,85810,2156,94
1754511319,6,7360,85749,2154,95
1754511619,6,7284,85649,2151,95
1754511919,6,7258,85463,2149,96
1754512220,6,7308,85798,2147,95
1754512520,7,7318,85862,2145,96
1754512821,5,7360,85925,2143,94
1754513121,6,7296,85858,2141,94
1754513422,6,7331,85824,2139,94
1754513722,6,7335,85609,2136,95
1754514022,6,7370,85747,2134,93
1754514323,6,7313,85691,2132,94
1754514623,7,7307,85799,2130,93
1754514924,6,7374,85986,2128,93
1754515224,7,7254,85720,2126,94
1754515524,6,7346,85720,2124,94
1754515825,6,7269,85514,2123,93
1754516125,6,7302,85641,2121,95
1754516426,7,7255,85871,2118,93
1754516726,7,7371,85634,2116,94
1754517026,5,7260,85868,2113,94
1754517327,7,7278,85488,2111,93
1754517627,7,7312,85882,2109,93
1754517928,6,7278,85710,2106,93
1754518228,6,7290,85715,2103,94
1754518528,6,7321,85799,2101,95
1754518829,6,7275,85897,2099,94
1754519129,6,7276,85752,2097,94
1754519430,6,7331,85942,2095,93
1754519730,6,7339,85862,2093,95
1754520030,6,7332,85766,2092,95
1754520331,6,7280,85943,2092,95
1754520631,6,7307,85798,2093,94
1754520932,6,7346,85911,2093,95
1754521232,7,7264,85647,2092,95
1754521532,6,7292,85644,2092,95
1754521833,7,7276,85897,2092,94
1754522133,6,7235,85847,2092,94
1754522434,7,7232,85777,2091,94
1754522734,6,7342,85934,2091,94
1754523035,6,7303,85706,2091,93
1754523335,7,7316,85522,2090,94
1754523635,6,7366,85846,2090,94
1754523936,6,7511,85721,2089,94
1754524236,6,7403,85780,2089,94
1754524537,6,7421,85552,2088,94
1754524837,6,7431,85666,2087,94
1754525137,6,7450,85567,2087,94
1754525438,6,7356,85808,2086,94
1754525738,7,7402,85673,2085,94
1754526039,6,7490,85925,2085,94
1754526339,6,7368,85709,2084,94
1754526639,5,7346,85698,2084,94
1754526940,6,7349,85778,2083,94
1754527240,6,7287,85779,2083,94
1754527541,5,7272,85650,2083,93
1754527841,6,7293,85717,2082,93
1754528141,7,7293,85803,2082,93
1754528442,6,7262,85822,2081,93
1754528742,7,7297,85833,2081,93
1754529043,6,7283,85736,2081,93
1754529343,7,7254,85496,2080,93
1754529643,6,7203,85861,2080,93
1754529944,7,7210,85686,2080,93
1754530244,6,7249,85655,2079,93
1754530545,5,7257,85809,2079,93
1754530845,6,7315,85570,2078,93
1754531145,7,7286,85858,2078,93
1754531446,6,7242,85731,2077,93
1754531746,7,7235,85738,2077,93
1754532047,5,7213,85724,2076,93
1754532347,6,7234,85640,2076,93
1754532648,6,7215,85595,2075,93
1754532948,6,7219,85847,2074,93
1754533248,6,7235,85810,2074,93
1754533549,6,7251,85649,2073,93
1754533849,6,7247,85729,2072,93
1754534150,6,7269,85310,2071,93
1754534450,6,7231,85566,2071,93
1754534750,7,7223,85465,2071,93
1754535051,6,7190,85297,2071,93
1754535351,6,7232,85713,2070,93
1754535652,5,7180,85470,2071,93
1754535952,6,7155,85316,2071,93
1754536252,6,7168,85631,2071,93
1754536553,6,7181,85576,2071,92
1754536853,7,7141,85331,2071,92
1754537154,6,7221,85400,2070,92
1754537454,7,7242,85640,2070,92
1754537754,7,7252,85478,2069,92
1754538055,6,7153,85521,2069,92
1754538355,6,7253,85349,2069,92
1754538656,7,7168,85605,2069,92
1754538956,7,7239,85506,2068,92
1754539256,6,7174,85476,2068,92
1754539557,7,7234,85631,2067,92
1754539857,7,7210,85516,2067,92
1754540158,6,7158,85353,2067,92
1754540458,5,7277,85440,2066,92
1754540758,6,7173,85644,2066,92
1754541059,6,7210,85303,2066,92
1754541359,7,7198,85420,2066,92
1754541660,6,7258,85490,2065,92
1754541960,6,7248,85459,2065,92
1754542261,6,7219,85282,2064,92
1754542561,7,7236,85397,2063,92
1754542861,6,7308,85458,2062,92
1754543162,6,7362,85446,2062,92
1754543462,7,7229,85737,2062,92
1754543763,8,7237,85213,2062,92
1754544063,13,7238,85047,2062,92
1754544363,19,7169,85202,2063,92
1754544664,18,7333,85967,2062,92
1754544964,45,7141,85944,2063,92
1754545265,90,7154,85760,2063,92
1754545565,112,7152,85619,2063,92
1754545865,148,7134,85360,2063,92
1754546166,157,7228,85442,2063,92
1754546466,214,7228,85574,2063,92
1754546767,205,7262,85560,2063,92
1754547067,312,7207,85272,2063,92
1754547367,470,7134,85404,2063,92
1754547668,697,7057,85396,2063,92
1754547968,991,7073,85774,2064,92
1754548269,1253,7108,85396,2065,92
1754548569,1291,7188,85259,2067,92
1754548869,1362,7128,85673,2069,92
1754549170,1886,7158,85728,2071,92
1754549470,1670,7166,85818,2073,92
1754549771,1550,7092,85583,2074,92
1754550071,1926,7085,85731,2075,92
1754550371,3015,7055,85476,2077,92
1754550672,3286,7162,85746,2080,92
1754550972,2798,7147,85721,2084,92
1754551273,4051,7124,85509,2088,92
1754551573,6870,7057,85331,2093,92
1754551874,6983,7040,85856,2099,92
1754552174,3783,7071,85623,2104,92
1754552474,4424,7071,85578,2106,92
1754552775,4958,7033,85772,2110,92
1754553075,4404,7037,85820,2113,92
1754553376,4847,7074,85612,2116,92
1754553676,4550,7069,85554,2119,92
1754553976,4577,7084,85612,2122,92
1754554277,4670,7130,85662,2123,92
1754554577,5140,7082,85812,2127,92
1754554878,6849,7063,85506,2133,92
1754555178,7869,7041,85490,2141,92
1754555478,9186,7064,85644,2151,92
1754555779,9824,7811,85127,2165,92
1754556079,8431,7061,85616,2174,92
1754556380,8903,7122,85687,2184,92
1754556680,9556,7088,85444,2191,92
1754556980,9815,7127,85419,2196,92
1754557281,11035,7134,85438,2199,92
1754557581,10921,7090,85364,2202,92
1754557882,12766,7107,85423,2206,92
1754558182,13718,7062,85464,2210,92
1754558482,14618,7089,85408,2213,92
1754558783,13139,7093,85242,2216,92
1754559083,13104,7139,85393,2219,92
1754559384,11916,7078,85238,2222,92
1754559684,14464,7124,85092,2226,92
1754559985,13818,7103,85523,2230,92
1754560285,16997,7144,85389,2234,92
1754560585,17655,7114,85624,2240,92
1754560886,16899,7147,85251,2246,92
1754561186,7979,7188,86067,2252,92
1754561487,4600,19785,84543,2380,92
1754561787,45960,22917,84544,2431,92
