Firmware updated: 2025/04/20
OpenOBS SN:455

time,millis,ambient_light,backscatter,pressure,water_temp,battery
1752074277,2625,10712,14057,217150,2454,155
1752074281,184,10803,14043,217150,2453,157
1752074286,1409,10449,14063,217150,2453,159
1752074291,184,11400,13939,217160,2453,154
1752074591,300238,1317,13905,217100,2449,115
1752074891,600293,1454,13914,217670,2495,115
1752075192,900345,2926,13920,218650,2566,115
1752075492,6230,65535,15565,220090,2670,152
1752075793,186,65535,15095,221510,2770,137
1752076093,300240,20959,14441,221830,2795,115
1752076394,600295,22,7100,219260,2442,116
1752076694,900347,26,7094,217900,2412,117
1752076994,1200402,198,6324,217780,2400,116
1752077295,1500456,130,6632,217850,2398,116
1752077595,1800511,72,6797,217590,2407,116
1752077895,2100563,86,6390,218140,2425,115
1752078195,2400618,115,6455,217970,2442,116
1752078496,2700673,50,6905,218650,2447,116
1752078796,3000725,131,6358,218300,2446,117
1752079096,3300780,71,6446,218500,2438,115
1752079397,3600834,46,6730,218470,2428,116
1752079697,3900889,88,6509,218380,2421,116
1752079997,4200943,57,6856,218390,2413,116
1752080298,4500998,142,6435,218040,2404,116
1752080598,4801050,74,6540,218150,2394,116
1752080898,5101105,42,6982,217550,2383,116
1752081198,5401159,51,8375,217470,2372,116
1752081499,5701214,76,6614,216870,2363,116
1752081799,6001266,57,6932,216940,2355,115
1752082099,6301321,47,7025,216970,2348,116
1752082400,6601375,7,10123,216860,2342,116
1752082700,6901428,18,9519,216570,2335,115
1752083000,7201484,21,7557,216710,2327,116
1752083301,7501539,19,7736,216980,2319,115
1752083601,7801591,33,6689,216770,2315,115
1752083901,8101646,53,6226,216780,2310,115
1752084201,8401700,48,6229,216990,2306,115
1752084502,8701753,56,6889,216560,2301,115
1752084802,9001807,35,6563,216350,2297,116
1752085102,9301862,31,6413,216060,2292,115
1752085403,9601914,44,6283,216370,2288,116
1752085703,9901969,49,5995,216550,2284,115
1752086003,10202023,41,6323,216690,2282,115
1752086304,10502076,55,6203,215890,2279,115
1752086604,10802132,29,6165,215990,2276,116
1752086904,11102187,23,6237,215890,2272,116
1752087204,11402240,16,5884,215770,2267,115
1752087505,11702294,5,6025,215640,2263,116
1752087805,12002349,10,5463,215720,2257,115
1752088105,12302401,8,6304,216010,2253,115
1752088406,12602456,6,5414,215620,2246,115
1752088706,12902510,9,5237,215330,2240,116
1752089006,13202563,3,5142,216070,2236,116
1752089307,13502617,6,5050,215350,2232,115
1752089607,13802672,6,5142,215280,2228,116
1752089907,14102726,4,5038,215600,2222,116
1752090207,14402781,5,5146,215380,2220,115
1752090508,14702835,6,5059,215620,2217,115
1752090808,15002888,6,4999,215500,2214,115
1752091108,15302942,4,4915,215380,2212,116
1752091409,15602997,4,4891,215390,2210,115
1752091709,15903049,6,4786,215470,2208,116
1752092009,16203104,2,5794,215250,2205,116
1752092310,16503158,4,4626,215150,2202,114
1752092610,16803211,4,4844,215100,2198,116
1752092910,17103265,6,5204,215220,2195,113
1752093210,17403320,5,4580,215220,2193,116
1752093511,17703374,3,4564,215230,2189,113
1752093811,18003429,6,4580,214650,2183,114
1752094111,18303481,7,5018,215100,2179,115
1752094412,18603536,8,4493,215170,2176,114
1752094712,18903590,6,5238,215150,2172,113
1752095012,19203643,5,7996,214820,2167,114
1752095313,19503697,5,5309,214930,2165,114
1752095613,19803752,4,4979,214290,2165,111
1752095913,20103804,8,4428,214910,2164,111
1752096213,20403859,7,4489,214520,2163,114
1752096514,20703913,5,5329,215600,2160,115
1752096814,21003966,7,4490,214740,2159,114
1752097114,21304023,5,4434,215290,2158,114
1752097415,21604075,4,4697,214490,2156,114
1752097715,21904130,4,4958,215230,2156,113
1752098015,22204188,4,5022,215010,2153,114
1752098316,22504243,6,5053,214630,2151,113
1752098616,22804297,3,5034,215460,2149,114
1752098916,23104350,5,5958,215000,2146,114
1752099216,23404404,4,7501,214860,2145,114
1752099517,23704457,4,10224,215710,2143,111
1752099817,24004511,2,11786,215560,2141,114
1752100117,24304566,6,12601,215610,2138,111
1752100418,24604620,6,12553,215680,2136,114
1752100718,24904675,1,11608,215620,2135,114
1752101018,25204729,7,11757,215110,2134,114
1752101319,25504784,4,12283,215710,2130,113
1752101619,25804836,4,12106,215510,2131,114
1752101919,26104891,4,11425,215480,2131,111
1752102219,26404945,4,11412,215120,2128,111
1752102520,26704998,5,11591,216400,2127,111
1752102820,27005052,4,12840,216530,2124,113
1752103120,27305107,4,15003,216870,2123,111
1752103421,27605161,8,16764,216640,2122,111
1752103721,27905214,7,17073,216310,2120,111
1752104021,28205271,4,18936,216330,2119,111
1752104322,28505323,4,19879,216900,2118,111
1752104622,28805378,7,19573,217150,2116,111
1752104922,29105432,7,18115,216650,2114,111
1752105222,29405485,5,16872,217090,2112,113
1752105523,29705539,3,16955,217010,2110,114
1752105823,30005594,6,16723,216840,2109,111
1752106123,30305648,7,15712,216850,2109,111
1752106424,30605701,8,15631,216270,2107,111
1752106724,30905755,4,14836,215690,2107,111
1752107024,31205810,6,14275,216340,2107,111
1752107325,31505864,6,14395,216600,2106,111
1752107625,31805919,1,14610,216670,2106,111
1752107925,32105973,5,14160,216260,2106,111
1752108225,32406026,3,13246,216040,2106,114
1752108526,32706080,7,13451,216070,2105,114
1752108826,33006135,5,13646,216140,2104,114
1752109126,33306187,5,14134,216260,2104,111
1752109427,33606242,8,13845,216150,2103,113
1752109727,33906296,8,13551,216260,2102,114
1752110027,34206349,4,13411,215910,2101,113
1752110328,34506403,4,13955,216040,2100,111
1752110628,34806458,5,13560,216050,2100,114
1752110928,35106512,6,12239,216200,2099,114
1752111228,35406567,3,12646,216150,2098,114
1752111529,35706621,0,12028,216030,2097,113
1752111829,36006674,3,12846,215770,2096,111
1752112129,36306728,6,10881,216060,2096,111
1752112430,36606783,2,12701,216110,2095,111
1752112730,36906835,3,11712,215660,2094,111
1752113030,37206890,6,12468,215890,2093,113
1752113331,37506945,4,11679,215350,2092,114
1752113631,37806997,5,11861,215750,2091,113
1752113931,38107052,6,11802,215430,2091,111
1752114231,38407108,4,12120,215350,2090,111
1752114532,38707161,3,12171,215610,2089,111
1752114832,39007215,3,12389,215250,2088,111
1752115132,39307270,8,12186,215530,2086,111
1752115433,39607322,2,13033,215180,2084,111
1752115733,39907377,5,11882,215640,2082,111
1752116033,40207431,5,11554,215230,2081,111
1752116334,40507484,6,11959,215600,2080,111
1752116634,40807538,5,10698,215450,2079,111
1752116934,41107593,3,11001,215740,2078,112
1752117234,41407645,2,10656,215190,2077,111
1752117535,41707702,3,11024,215500,2075,111
1752117835,42007756,6,11773,215400,2075,111
1752118135,42307809,6,11697,215420,2074,111
1752118436,42607863,4,11116,215550,2072,111
1752118736,42907918,5,11311,215160,2071,111
1752119036,43207970,6,10734,215460,2070,111
1752119337,43508025,4,10838,215670,2068,113
1752119637,43808079,4,11369,215370,2066,111
1752119937,44108132,7,11088,215710,2065,111
1752120237,44408186,4,11425,215900,2063,114
1752120538,44708241,5,10976,215700,2062,111
1752120838,45008293,2,11039,215270,2060,111
1752121138,45308350,5,10585,215690,2059,111
1752121439,45608402,6,10490,215770,2059,111
1752121739,45908457,4,10125,215830,2058,111
1752122039,46208512,3,10034,215420,2057,111
1752122340,46508564,4,10007,215710,2056,113
1752122640,46808619,7,9961,215710,2056,111
1752122940,47108673,2,10246,215130,2056,111
1752123240,47408726,5,10622,215380,2055,113
1752123541,47708780,6,9502,215310,2055,111
1752123841,48008835,6,10064,215520,2054,111
1752124141,48308887,4,9345,215560,2054,113
1752124442,48608942,4,9118,215690,2054,111
1752124742,48908996,6,9095,215740,2053,111
1752125042,49209051,6,9037,215360,2052,113
1752125343,49509103,4,9070,215250,2051,113
1752125643,49809158,5,8958,215210,2050,111
1752125943,50109210,5,9108,215070,2050,113
1752126243,50409265,0,8799,215320,2049,112
1752126544,50709317,5,9040,215160,2048,113
1752126844,51009372,7,8571,215120,2048,113
1752127144,51309424,5,8944,215210,2049,112
1752127445,51609479,6,8825,215460,2048,113
1752127745,51909531,6,8998,215280,2047,112
1752128045,52209588,4,8972,215170,2047,111
1752128346,52509642,8,8756,215210,2048,111
1752128646,52809697,6,8942,215080,2049,112
1752128946,53109749,5,8796,215130,2050,112
1752129246,53409804,5,8148,215620,2053,113
1752129547,53709858,5,8372,215300,2056,112
1752129847,54009911,3,8368,215370,2059,111
1752130147,54309965,2,8231,215430,2060,111
1752130448,54610020,7,7922,215300,2062,111
1752130748,54910072,3,7983,215520,2066,112
1752131048,55210127,4,11224,215620,2069,111
1752131349,55510183,2,8976,215500,2074,111
1752131649,55810236,5,8140,215960,2077,112
1752131949,56110290,7,8619,215870,2081,112
1752132249,56410345,5,7837,215410,2083,112
1752132550,56710397,6,7595,215970,2085,111
1752132850,57010452,5,7761,216210,2086,111
1752133150,57310507,0,8186,216160,2086,113
1752133451,57610561,4,8375,215980,2087,112
1752133751,57910614,4,8470,216050,2088,111
1752134051,58210668,3,8057,216060,2090,113
1752134352,58510723,4,8103,215760,2094,112
1752134652,58810775,5,7916,216390,2101,111
1752134952,59110836,12,7468,216380,2109,111
1752135252,59410890,9,7704,216170,2116,113
1752135553,59710943,7,8723,216050,2120,112
1752135853,60010997,2,9070,216480,2124,113
1752136153,60311052,3,9391,216110,2126,113
1752136454,60611106,3,9657,216730,2129,112
1752136754,60911159,3,9860,216440,2131,111
1752137054,61211213,7,9727,216600,2133,113
1752137355,61511268,4,9502,216840,2135,113
1752137655,61811320,3,9772,216760,2140,111
1752137955,62111375,5,10224,216840,2145,112
1752138255,62411429,2,10349,216940,2148,111
1752138556,62711484,5,10264,217180,2154,113
1752138856,63011538,6,11071,216840,2159,111
1752139156,63311593,5,10384,217170,2166,111
1752139457,63611645,3,10173,217270,2171,111
1752139757,63911700,7,10141,217200,2178,112
1752140057,64211755,6,10014,217570,2183,111
1752140358,64511809,4,10628,217660,2187,111
1752140658,64811862,7,11238,217570,2192,113
1752140958,65111916,6,11583,217620,2196,112
1752141258,65411971,5,11370,217410,2201,111
1752141559,65712025,3,11840,217620,2204,113
1752141859,66012080,4,11650,217680,2208,112
1752142159,66312134,5,10085,217930,2213,111
1752142460,66612189,3,10409,217830,2219,111
1752142760,66912241,4,11341,217900,2225,111
1752143060,67212296,3,11891,217980,2230,112
1752143361,67512350,5,12039,217840,2239,111
1752143661,67812405,4,11858,218310,2249,111
1752143961,68112457,4,12217,218020,2258,111
1752144261,68412512,8,13534,218410,2266,112
1752144562,68712566,3,12644,218740,2271,112
1752144862,69012621,5,15979,218860,2274,111
1752145162,69312675,4,16025,218730,2277,111
1752145463,69612730,7,14560,218860,2278,111
1752145763,69912784,3,13865,218740,2281,111
1752146063,70212837,5,12755,218850,2288,111
1752146364,70512891,7,12728,218800,2296,111
1752146664,70812946,6,17396,218960,2303,112
1752146964,71112998,9,19000,219070,2308,111
1752147264,71413053,9,17519,219280,2313,111
1752147565,71713107,5,16953,219600,2325,113
1752147865,72013162,5,15326,219570,2333,113
1752148165,72313214,6,12798,219860,2347,112
1752148466,72613269,5,11908,220160,2366,112
1752148766,72913324,8,10992,220120,2378,111
1752149066,73213378,6,12552,220250,2386,111
1752149367,73513433,6,11548,220530,2394,112
1752149667,73813487,5,10236,220280,2403,111
1752149967,74113540,4,11392,220530,2420,111
1752150267,74413594,5,10290,220570,2443,111
1752150568,74713649,4,10784,220970,2458,111
1752150868,75013703,4,10724,221430,2460,112
1752151168,75313756,5,10236,221070,2456,112
1752151469,75613810,5,9477,221020,2445,112
1752151769,75913865,4,9355,220700,2428,113
1752152069,76213919,5,9954,220080,2410,111
1752152370,76513974,9,13012,219960,2394,112
1752152670,76814026,4,13779,219930,2380,113
1752152970,77114081,5,11952,219720,2371,111
1752153270,77414135,4,12583,219620,2366,112
1752153571,77714190,8,12170,219590,2367,112
1752153871,78014242,7,11818,219710,2370,111
1752154171,78314297,7,12421,219820,2374,111
1752154472,78614351,7,11958,219880,2374,111
1752154772,78914406,5,12595,219820,2372,113
1752155072,79214458,6,13578,219880,2376,111
1752155373,79514513,4,12925,219840,2377,113
1752155673,79814567,8,13708,220150,2375,112
1752155973,80114622,6,13741,219990,2375,112
1752156273,80414676,5,13662,220070,2377,113
1752156574,80714731,5,13106,219410,2387,111
1752156874,81014784,6,14519,220650,2392,111
1752157174,81314838,6,18558,220460,2392,112
1752157475,81614893,4,19605,220450,2391,111
1752157775,81914945,7,22813,221870,2389,111
1752158075,82215000,5,41963,221400,2389,112
1752158376,82515054,3,46307,221650,2379,112
1752158676,82815109,7,44191,221130,2385,111
1752158976,83115163,6,41071,220380,2380,111
1752159276,83415218,4,38634,219930,2373,112
1752159577,83715270,6,37721,220690,2361,111
1752159877,84015325,8,37205,219750,2356,111
1752160177,84315379,3,34521,218870,2357,112
1752160478,84615434,4,33678,219490,2353,113
1752160778,84915486,6,33412,219170,2355,112
1752161078,85215541,5,31150,219450,2351,111
1752161379,85515595,5,28386,219110,2347,112
1752161679,85815648,3,27461,219340,2342,112
1752161979,86115702,3,28397,218840,2333,112
1752162279,86415759,5,27865,218500,2327,111
1752162580,86715811,6,26751,218580,2320,113
1752162880,87015866,6,25882,218430,2312,111
1752163180,87315920,5,24183,217470,2306,111
1752163481,87615973,4,22808,218110,2303,111
1752163781,87916027,5,22474,218130,2300,111
1752164081,88216082,2,19902,217200,2295,111
1752164382,88516134,4,18881,217990,2289,111
1752164682,88816189,4,18376,217600,2281,112
1752164982,89116243,3,18740,217720,2275,111
1752165282,89416298,6,17765,217780,2266,111
1752165583,89716350,6,17503,217020,2258,111
1752165883,90016407,4,17016,218190,2250,111
1752166183,90316460,6,18298,217480,2244,111
1752166484,90616514,6,16068,217710,2241,112
1752166784,90916569,5,16605,217160,2238,112
1752167084,91216621,4,16225,217580,2234,111
1752167385,91516676,9,16802,217150,2231,111
1752167685,91816730,2,15822,217070,2226,111
1752167985,92116783,7,14155,217280,2221,111
1752168285,92416837,3,14133,217640,2214,111
1752168586,92716892,2,13406,217060,2210,111
1752168886,93016946,0,13542,217190,2206,111
1752169186,93317001,5,14781,217180,2202,111
1752169487,93617055,4,14697,217250,2197,111
1752169787,93917108,3,14116,216870,2195,111
1752170087,94217162,3,12931,216590,2192,112
1752170388,94517217,5,14107,216580,2189,111
1752170688,94817269,4,14896,216680,2187,112
1752170988,95117324,4,13873,216810,2184,112
1752171288,95417378,4,14409,215970,2180,111
1752171589,95717431,6,13580,216790,2176,112
1752171889,96017485,6,13112,216760,2173,111
1752172189,96317540,7,14469,216560,2169,111
1752172490,96617594,2,15719,216890,2167,111
1752172790,96917649,5,16346,217220,2163,111
1752173090,97217703,6,18551,217080,2159,111
1752173391,97517756,3,17371,216680,2155,111
1752173691,97817810,6,18501,216240,2152,111
1752173991,98117865,6,18416,217120,2150,111
1752174291,98417917,4,17803,216520,2147,111
1752174592,98717972,6,17645,216990,2144,111
1752174892,99018027,6,17357,215700,2142,112
1752175192,99318079,6,16854,216750,2140,112
1752175493,99618134,6,16168,216770,2138,111
1752175793,99918188,3,15265,216350,2137,111
1752176093,100218243,5,15266,217160,2134,111
1752176394,100518297,7,14615,216450,2133,111
1752176694,100818352,3,14039,216450,2131,111
1752176994,101118404,4,13511,216320,2129,112
1752177294,101418459,6,13382,216400,2127,111
1752177595,101718513,4,12227,216050,2126,111
1752177895,102018566,6,12073,216900,2123,111
1752178195,102318620,6,12329,216210,2122,111
1752178496,102618675,5,11650,216200,2120,111
1752178796,102918729,2,12175,216330,2119,112
1752179096,103218782,4,12094,215830,2117,111
1752179397,103518838,7,11552,215140,2116,111
1752179697,103818893,2,11505,216080,2114,111
1752179997,104118945,4,11616,216560,2113,111
1752180297,104419000,6,11132,215980,2111,111
1752180598,104719054,9,11191,216210,2110,111
1752180898,105019107,4,10632,215690,2110,111
1752181198,105319161,4,11242,216500,2108,111
1752181499,105619216,3,10658,214900,2108,111
1752181799,105919268,4,10582,215520,2106,111
1752182099,106219323,4,10178,215840,2105,111
1752182400,106519377,6,10225,215420,2104,111
1752182700,106819432,4,10032,216490,2104,111
1752183000,107119486,3,10202,215300,2103,111
1752183300,107419541,5,10158,216140,2101,112
1752183601,107719596,4,9867,215660,2099,111
1752183901,108019650,2,9752,214970,2099,111
1752184201,108319703,1,10169,214850,2098,112
1752184502,108619757,5,10592,216000,2096,111
1752184802,108919812,5,10559,215900,2094,111
1752185102,109219866,5,10198,215430,2093,112
1752185403,109519921,3,9875,216040,2092,111
1752185703,109819973,1,9591,215410,2092,111
1752186003,110120030,4,9645,216300,2091,111
1752186303,110420084,2,9283,215610,2090,111
1752186604,110720137,9,10141,215100,2089,111
1752186904,111020191,6,9891,215260,2087,111
1752187204,111320246,4,9295,215890,2086,111
1752187505,111620300,6,9669,215890,2086,112
1752187805,111920355,4,9578,215600,2085,112
1752188105,112220407,7,9607,215880,2082,111
1752188406,112520462,5,9633,215530,2081,112
1752188706,112820516,4,10258,215760,2078,111
1752189006,113120571,3,9627,216120,2076,111
1752189306,113420623,4,9478,215470,2074,111
1752189607,113720680,5,9433,215260,2073,111
1752189907,114020734,3,9298,215790,2072,111
1752190207,114320787,6,8982,216040,2071,111
1752190508,114620841,4,8450,215370,2071,111
1752190808,114920896,5,8664,215760,2070,111
1752191108,115220951,4,8762,215260,2070,111
1752191409,115521005,4,8880,215530,2070,112
1752191709,115821058,5,8845,215430,2069,111
1752192009,116121112,3,8820,215150,2068,111
1752192309,116421167,4,8735,215430,2068,111
1752192610,116721221,4,8552,215830,2067,111
1752192910,117021276,4,8316,215150,2066,112
1752193210,117321330,5,8542,214940,2066,112
1752193511,117621385,10,7924,215540,2066,111
1752193811,117921437,8,8118,215050,2067,111
1752194111,118221492,4,8441,215380,2066,112
1752194412,118521546,5,8534,215380,2066,112
1752194712,118821601,4,8802,214810,2066,111
1752195012,119121653,0,9040,214240,2066,111
1752195312,119421708,2,8779,214990,2066,112
1752195613,119721762,5,8396,214870,2066,112
1752195913,120021817,6,8232,214600,2065,111
1752196213,120321871,1,8249,214730,2064,111
1752196514,120621926,6,8087,214720,2064,112
1752196814,120921980,6,8460,215170,2062,112
1752197114,121222033,7,8476,215240,2062,111
1752197415,121522087,3,8176,214670,2061,111
1752197715,121822142,6,8349,214490,2060,111
1752198015,122122196,3,7933,214570,2059,112
1752198315,122422249,7,7861,214720,2057,111
1752198616,122722304,3,7980,215120,2056,112
1752198916,123022358,5,7754,215320,2055,112
1752199216,123322411,2,8046,215320,2054,112
1752199517,123622465,7,8294,214920,2054,112
1752199817,123922522,5,8323,214970,2053,112
1752200117,124222574,4,8037,214770,2052,111
1752200418,124522629,6,8131,215510,2052,111
1752200718,124822683,5,8679,214950,2052,112
1752201018,125122738,7,8444,214640,2052,111
1752201318,125422790,3,8487,214560,2051,112
1752201619,125722845,4,8321,214410,2050,112
1752201919,126022899,6,8083,214480,2048,111
1752202219,126322952,5,8137,214620,2048,112
1752202520,126623006,7,8875,214320,2048,111
1752202820,126923061,4,8456,214690,2049,111
1752203120,127223115,3,8393,214440,2048,111
1752203421,127523170,3,8329,214240,2048,111
1752203721,127823224,5,8388,214340,2049,111
1752204021,128123279,5,8284,214810,2048,112
1752204321,128423331,3,8879,214770,2048,112
1752204622,128723386,6,8068,214710,2049,111
1752204922,129023440,5,7973,214520,2048,111
1752205222,129323495,6,7664,214730,2048,111
1752205523,129623547,3,7871,214530,2048,111
1752205823,129923602,4,7870,214440,2048,111
1752206123,130223656,6,7843,214140,2046,112
1752206424,130523709,0,8186,214560,2044,112
1752206724,130823766,5,8076,214390,2043,112
1752207024,131123820,4,7908,214370,2043,111
1752207324,131423873,8,8151,214530,2043,111
1752207625,131723927,5,8019,214500,2043,111
1752207925,132023982,5,7911,214490,2045,111
1752208225,132324034,6,8113,213960,2045,112
1752208526,132624095,5,7404,214650,2045,111
1752208826,132924149,7,7623,214640,2045,112
1752209126,133224202,5,7890,214600,2045,111
1752209427,133524256,1,7405,214440,2045,111
1752209727,133824311,4,7532,214160,2046,111
1752210027,134124365,6,8245,214160,2046,111
1752210327,134424420,4,8146,214550,2045,111
1752210628,134724474,4,7919,214810,2045,111
1752210928,135024527,8,8380,214660,2044,111
1752211228,135324581,4,8042,214230,2044,111
1752211529,135624636,5,7779,213910,2044,111
1752211829,135924690,5,8006,213920,2045,111
1752212129,136224743,4,7803,214010,2045,112
1752212430,136524797,4,8022,214090,2046,112
1752212730,136824852,3,7597,213780,2046,112
1752213030,137124904,7,8075,214200,2047,112
1752213330,137424961,4,7814,214280,2047,112
1752213631,137725016,3,7796,214210,2047,111
1752213931,138025068,5,8223,214590,2048,111
1752214231,138325123,3,8326,214330,2049,111
1752214532,138625177,2,8593,214670,2050,111
1752214832,138925230,6,8347,214650,2050,111
1752215132,139225284,2,8418,214680,2051,112
1752215433,139525339,5,8129,214520,2053,112
1752215733,139825393,3,8014,214900,2053,112
1752216033,140125446,5,7907,214210,2055,112
1752216333,140425500,5,9324,214560,2056,112
1752216634,140725555,3,10892,214730,2057,111
1752216934,141025609,7,8869,214320,2060,112
1752217234,141325664,2,7951,214920,2062,111
1752217535,141625718,4,7865,214630,2064,112
1752217835,141925771,3,8178,215140,2065,112
1752218135,142225825,6,8620,214940,2067,112
1752218436,142525880,6,8845,214840,2069,112
1752218736,142825932,5,8267,215300,2072,111
1752219036,143125987,3,8355,215500,2076,111
1752219336,143426041,4,7597,215350,2083,111
1752219637,143726094,4,8004,214930,2087,112
1752219937,144026148,4,8464,215170,2092,112
1752220237,144326205,5,7955,215400,2096,112
1752220538,144626257,4,8146,215490,2101,112
1752220838,144926312,4,8044,215710,2107,112
1752221138,145226366,4,7962,215800,2121,112
1752221439,145526419,6,8504,216130,2135,112
1752221739,145826473,6,9146,216300,2146,112
1752222039,146126528,4,8565,216260,2154,111
1752222339,146426580,6,8217,216430,2167,112
1752222640,146726635,6,8010,216310,2171,109
1752222940,147026690,5,8433,216220,2181,111
1752223240,147326742,5,8322,217170,2199,111
1752223541,147626799,3,8644,216700,2211,111
1752223841,147926853,4,8239,216840,2225,111
1752224141,148226906,6,8037,217030,2230,111
1752224442,148526960,8,8044,217130,2238,112
1752224742,148827015,4,8383,217500,2251,109
1752225042,149127067,7,7848,217760,2252,112
1752225342,149427122,5,10208,217250,2248,112
1752225643,149727176,2,8494,217560,2245,109
1752225943,150027229,4,7481,217830,2243,111
1752226243,150327283,8,7541,217460,2243,109
1752226544,150627338,6,7686,217580,2246,112
1752226844,150927392,8,8009,217890,2250,111
1752227144,151227447,4,8057,217730,2245,111
1752227445,151527501,8,8040,217700,2238,111
1752227745,151827554,5,8493,217430,2230,112
1752228045,152127608,5,8495,217700,2225,109
1752228345,152427663,5,8042,217410,2221,111
1752228646,152727715,5,8512,217340,2216,109
1752228946,153027770,5,8329,217450,2211,109
1752229246,153327824,4,8369,217230,2208,112
1752229547,153627877,6,8259,217230,2207,109
1752229847,153927931,5,7799,217330,2219,109
1752230147,154227986,1,7683,217390,2237,110
1752230448,154528040,6,7815,217880,2251,111
1752230748,154828095,6,8213,218140,2259,112
1752231048,155128147,5,7973,217930,2264,109
1752231348,155428202,9,7772,218080,2270,112
1752231649,155728257,6,7635,218290,2277,112
1752231949,156028309,6,7816,218250,2282,109
1752232249,156328364,5,7789,218560,2290,109
1752232550,156628418,5,8453,218100,2296,112
1752232850,156928471,8,7713,218890,2303,112
1752233150,157228525,6,8006,218620,2306,111
1752233451,157528580,4,7947,218510,2306,109
1752233751,157828632,6,7972,218220,2303,112
1752234051,158128685,6,8083,218540,2301,109
1752234351,158428739,9,8048,218700,2312,109
1752234652,158728792,9,7869,219050,2329,112
1752234952,159028846,6,8253,219200,2351,109
1752235252,159328901,15,7324,219810,2386,110
1752235553,159628953,10,7320,220190,2402,112
1752235853,159929008,8,7275,219780,2393,111
1752236153,160229062,13,7136,219680,2377,109
1752236454,160529115,4,7823,219570,2363,112
1752236754,160829169,7,8281,219550,2354,112
1752237054,161129222,4,7716,218950,2350,109
1752237354,161429278,8,7717,219100,2362,112
1752237655,161729333,11,8030,219220,2377,109
1752237955,162029387,12,7586,219480,2406,110
1752238255,162329440,7,7665,219250,2407,112
1752238556,162629494,9,7454,219430,2404,107
1752238856,162929549,8,7513,218930,2399,109
1752239156,163229603,12,7802,219780,2401,110
1752239457,163529658,5,8010,220330,2430,110
1752239757,163829710,8,8066,220260,2453,109
1752240057,164129765,4,8838,220310,2477,107
1752240357,164429819,6,8369,220360,2469,109
1752240658,164729874,5,8402,220000,2465,110
1752240958,165029928,6,8194,219940,2465,109
1752241258,165329983,6,7912,219810,2451,111
1752241559,165630038,7,7686,219750,2436,110
1752241859,165930092,9,7627,219700,2429,110
1752242159,166230145,17,7326,219540,2424,109
1752242460,166530199,9,7749,219620,2440,112
1752242760,166830254,4,9932,219780,2461,112
1752243060,167130308,6,8177,219900,2478,110
1752243360,167430361,11,7509,219930,2479,107
1752243661,167730415,8,7383,220110,2479,110
1752243961,168030472,8,7504,220060,2465,107
1752244261,168330526,3,7220,220060,2451,110
1752244562,168630579,5,7296,219940,2439,109
1752244862,168930633,9,7401,219230,2427,110
1752245162,169230688,3,8637,219450,2415,109
1752245463,169530748,6,8595,219160,2393,107
1752245763,169830801,4,16907,219830,2374,110
1752246063,170130855,7,17482,218920,2372,107
1752246364,170430910,7,17475,218410,2376,110
1752246664,170730964,3,18381,218850,2380,110
1752246964,171031019,3,18942,219180,2399,109
1752247264,171331072,7,15323,219160,2410,107
1752247565,171631128,7,14610,219220,2425,110
1752247865,171931183,5,11365,219160,2454,110
1752248165,172231237,6,9429,218870,2461,112
1752248466,172531290,10,8236,219660,2465,107
1752248766,172831344,7,7789,219210,2466,110
1752249066,173131399,9,8906,219520,2457,112
1752249367,173431453,10,8011,219080,2446,107
1752249667,173731506,5,7912,219790,2455,109
1752249967,174031560,14,7372,219350,2469,112
1752250267,174331615,6,8697,219210,2476,110
1752250568,174631669,8,8103,219830,2472,110
1752250868,174931724,8,8124,219160,2462,107
1752251168,175231778,9,7448,218900,2449,107
1752251469,175531833,9,7811,218410,2433,110
1752251769,175831885,10,7344,219080,2419,110
1752252069,176131940,4,7682,218950,2408,107
1752252370,176431994,8,7338,218390,2399,110
1752252670,176732049,6,7868,218530,2389,110
1752252970,177032103,6,7722,218710,2380,110
1752253270,177332156,7,7653,218340,2371,107
1752253571,177632210,4,7535,218490,2366,110
1752253871,177932265,5,7993,218300,2361,107
1752254171,178232320,5,8820,217630,2356,110
1752254472,178532374,5,9216,218080,2350,107
1752254772,178832429,8,9482,217590,2345,107
1752255072,179132481,6,10976,218040,2339,109
1752255373,179432536,8,9562,217750,2337,110
1752255673,179732590,5,9096,217650,2333,112
1752255973,180032645,7,8974,218090,2328,109
1752256273,180332697,6,9789,218520,2324,109
1752256574,180632752,5,12381,217870,2321,107
1752256874,180932806,4,12300,218100,2318,110
1752257174,181232861,4,10374,217820,2313,112
1752257475,181532915,3,9156,217130,2306,112
1752257775,181832970,5,9003,217720,2300,112
1752258075,182133024,6,9997,216860,2294,109
1752258376,182433077,5,9786,217750,2288,107
1752258676,182733131,4,9819,217230,2282,110
1752258976,183033186,4,9693,216710,2274,107
1752259276,183333240,4,8953,217280,2270,107
1752259577,183633293,4,8833,217580,2265,110
1752259877,183933347,5,8238,217070,2261,109
1752260177,184233402,5,7632,217270,2256,110
1752260478,184533456,3,7304,216960,2251,110
1752260778,184833509,6,6922,217210,2247,110
1752261078,185133565,1,6567,217030,2244,110
1752261379,185433618,3,7433,217530,2239,110
1752261679,185733672,6,8592,217360,2237,107
1752261979,186033727,7,8986,217420,2234,107
1752262279,186333782,6,8756,217470,2230,109
1752262580,186633834,7,8406,216910,2225,107
1752262880,186933889,3,8236,216850,2220,110
1752263180,187233943,3,11616,217040,2214,110
1752263481,187533996,6,8235,216840,2209,107
1752263781,187834050,3,8012,217070,2204,109
1752264081,188134105,4,8200,217320,2200,109
1752264382,188434159,6,7745,216920,2196,107
1752264682,188734214,7,7638,216810,2193,109
1752264982,189034268,5,7580,216250,2188,107
1752265282,189334323,5,7518,216350,2184,109
1752265583,189634375,4,8336,216090,2181,110
1752265883,189934430,3,7665,216530,2178,110
1752266183,190234484,4,7606,216750,2176,107
1752266484,190534537,0,7446,216360,2175,110
1752266784,190834591,5,7538,216220,2172,109
1752267084,191134646,4,7290,216650,2170,112
1752267385,191434700,5,6892,216500,2168,107
1752267685,191734753,3,7602,216530,2166,109
1752267985,192034809,0,7145,216500,2164,109
1752268285,192334862,5,6996,216650,2162,107
1752268586,192634916,7,6869,216380,2159,107
1752268886,192934971,4,7082,216560,2157,107
1752269186,193235025,6,6994,216380,2156,107
1752269487,193535078,3,6846,216440,2152,107
1752269787,193835132,5,6957,216660,2150,107
1752270087,194135187,4,6841,216600,2148,107
1752270388,194435239,4,6818,216420,2145,109
1752270688,194735294,5,7129,216040,2143,109
1752270988,195035348,5,6778,215880,2142,109
1752271288,195335403,5,7285,216180,2141,110
1752271589,195635458,3,6906,216250,2139,109
1752271889,195935512,4,6919,215770,2137,109
1752272189,196235565,4,6874,215980,2136,109
1752272490,196535619,6,6614,216160,2134,107
1752272790,196835674,6,6505,215820,2133,109
1752273090,197135726,1,9416,216170,2131,110
1752273391,197435781,3,6475,215660,2129,107
1752273691,197735835,8,6712,216130,2127,110
1752273991,198035890,3,6458,215820,2126,110
1752274291,198335942,7,6370,215940,2124,110
1752274592,198635999,2,6269,215650,2122,110
1752274892,198936053,6,6405,216080,2122,110
1752275192,199236106,5,6523,216040,2121,109
1752275493,199536160,5,6509,216290,2121,110
1752275793,199836215,9,6477,216280,2120,107
1752276093,200136267,7,6729,216100,2120,110
1752276394,200436322,4,6674,215960,2118,110
1752276694,200736376,4,6943,216160,2117,107
1752276994,201036429,5,7122,216040,2116,110
1752277294,201336483,4,7070,215620,2116,110
1752277595,201636538,5,7279,216080,2115,110
1752277895,201936590,4,6989,215850,2114,110
1752278195,202236647,3,6916,215910,2113,110
1752278496,202536699,6,6939,216190,2113,110
1752278796,202836754,3,6690,216150,2111,110
1752279096,203136808,2,6704,216040,2111,110
1752279397,203436863,5,6694,215460,2110,109
1752279697,203736915,1,6809,215860,2109,109
1752279997,204036970,7,6701,216220,2109,107
1752280297,204337025,7,6823,215550,2107,109
1752280598,204637077,1,6250,215560,2107,110
1752280898,204937132,6,6514,215440,2107,110
1752281198,205237186,5,6178,215660,2105,110
1752281499,205537241,4,6159,215610,2105,110
1752281799,205837295,1,7623,215620,2104,107
1752282099,206137348,6,6261,215600,2104,110
1752282400,206437402,7,6625,215940,2102,109
1752282700,206737457,3,6614,215420,2102,107
1752283000,207037509,3,6679,215840,2101,107
1752283300,207337564,3,6688,216370,2102,109
1752283601,207637618,4,6660,215770,2101,107
1752283901,207937671,7,6474,216000,2101,107
1752284201,208237725,3,6501,215700,2101,107
1752284502,208537780,2,6180,215850,2101,107
1752284802,208837832,2,5946,215480,2101,107
1752285102,209137889,2,6083,215530,2100,109
1752285403,209437943,4,7808,215710,2100,107
1752285703,209737996,3,6100,215610,2099,107
1752286003,210038050,5,5919,215590,2099,107
1752286303,210338105,4,5848,215800,2098,109
1752286604,210638157,5,5594,215280,2097,107
1752286904,210938212,3,5952,215600,2095,107
1752287204,211238266,5,6138,214850,2094,107
1752287505,211538319,4,5897,215350,2094,107
1752287805,211838373,6,5857,215640,2094,107
1752288105,212138426,5,5960,215290,2093,107
1752288406,212438482,6,5734,215670,2093,107
1752288706,212738535,2,5682,215130,2093,109
1752289006,213038589,4,5744,215350,2092,107
1752289306,213338644,7,5728,214990,2092,107
1752289607,213638696,6,5837,215260,2091,107
1752289907,213938751,5,5842,215220,2091,107
1752290207,214238806,6,5627,215460,2092,109
1752290508,214538858,4,5669,215480,2091,109
1752290808,214838913,2,5800,215210,2090,107
1752291108,215138965,4,5788,215180,2090,107
1752291409,215439020,6,5964,215120,2089,107
1752291709,215739082,6,5729,215270,2088,109
1752292009,216039137,4,5227,215330,2087,107
1752292309,216339193,6,5338,215040,2086,107
1752292610,216639248,5,5249,215230,2084,107
1752292910,216939304,4,5439,214770,2083,109
1752293210,217239359,5,5245,214760,2083,107
1752293511,217539416,5,5277,215030,2080,109
1752293811,217839472,6,5329,214410,2079,107
1752294111,218139527,4,5100,215040,2077,109
1752294412,218439583,4,5179,214760,2075,109
1752294712,218739640,7,5189,215110,2073,107
1752295012,219039694,5,5164,215270,2072,109
1752295312,219339751,6,5062,214700,2071,109
1752295613,219639808,5,5080,214990,2071,109
1752295913,219939864,5,5413,214630,2070,107
1752296213,220239919,4,5403,214850,2069,109
1752296514,220539975,2,6784,215510,2068,107
1752296814,220840032,4,5328,214670,2067,107
1752297114,221140086,2,5182,215180,2065,110
1752297415,221440143,7,5254,214800,2064,109
1752297715,221740197,6,5068,214510,2064,108
1752298015,222040254,6,5068,214950,2063,107
1752298315,222340311,10,5282,215490,2063,110
1752298616,222640367,10,5370,214700,2063,109
1752298916,222940424,9,5356,214770,2063,108
1752299216,223240478,9,5301,214390,2061,107
1752299517,223540535,20,5448,214900,2061,109
1752299817,223840591,15,5488,214870,2061,109
1752300117,224140646,28,5239,214490,2059,108
1752300418,224440702,30,5321,214540,2061,107
1752300718,224740759,39,5291,214630,2061,109
1752301018,225040816,53,5269,214430,2063,109
1752301318,225340870,85,5246,214350,2065,110
1752301619,225640927,69,5004,214100,2066,109
1752301919,225940983,66,5051,214870,2067,109
1752302219,226241040,65,5065,214850,2066,107
1752302520,226541096,50,5612,215020,2067,109
1752302820,226841151,82,5153,214880,2069,109
1752303120,227141208,22,5895,214900,2070,107
1752303421,227441264,82,5297,214910,2072,108
1752303721,227741319,6,7216,214570,2073,108
1752304021,228041375,18,6105,215000,2074,107
1752304322,228341432,72,5379,215300,2083,107
1752304622,228641486,82,5112,214930,2091,108
1752304922,228941543,62,5217,215740,2095,107
1752305222,229241602,64,5307,216170,2102,107
1752305523,229541656,59,5214,215650,2113,108
1752305823,229841713,65,5128,215800,2124,107
1752306123,230141769,73,5279,215630,2134,107
1752306424,230441824,62,5369,216330,2144,107
1752306724,230741880,7,6900,216540,2154,109
1752307024,231041937,6,7827,215420,2159,107
1752307325,231341991,9,6474,216380,2164,109
1752307625,231642048,41,5888,216980,2176,107
1752307925,231942105,86,5482,216800,2186,108
1752308225,232242159,12,7141,216820,2191,107
1752308526,232542216,9,6724,217180,2197,107
1752308826,232842272,12,6525,217040,2204,107
1752309126,233142329,18,6618,216820,2216,109
1752309427,233442385,13,6163,216860,2227,107
1752309727,233742440,25,6178,217220,2240,107
1752310027,234042497,23,6199,217250,2242,109
1752310328,234342551,20,6356,217370,2261,107
1752310628,234642608,16,6203,218180,2274,109
1752310928,234942664,30,5818,217960,2296,107
1752311228,235242719,21,5825,218520,2311,109
1752311529,235542775,41,5752,218100,2321,109
1752311829,235842832,37,5922,218640,2326,107
1752312129,236142888,20,6148,218800,2335,109
1752312430,236442945,32,5961,218590,2358,109
1752312730,236743000,7,7281,218920,2366,107
1752313030,237043056,14,6558,219010,2368,107
1752313331,237343113,25,6138,219020,2339,109
1752313631,237643167,22,6154,218530,2317,109
1752313931,237943224,49,5902,218250,2299,107
1752314231,238243280,93,5644,217790,2299,109
1752314532,238543335,72,5872,217840,2285,109
1752314832,238843392,128,5750,217710,2293,109
1752315132,239143448,110,5705,218380,2311,108
1752315433,239443505,174,5661,218560,2322,107
1752315733,239743561,125,5887,218960,2346,109
1752316033,240043618,240,5431,219090,2380,107
1752316334,240343672,232,5712,219980,2397,107
1752316634,240643729,767,5736,219250,2403,109
1752316934,240943785,1100,5548,219500,2408,108
1752317235,241243842,549,5288,219220,2428,109
1752317535,241543897,441,5292,219830,2440,109
1752317835,241843953,644,5149,220100,2424,108
1752318135,242144010,1134,4985,219530,2408,109
1752318436,242444066,779,4858,219400,2406,107
1752318736,242744129,459,4920,219410,2396,107
1752319036,243044186,611,4980,219130,2385,109
1752319337,243344240,1579,5388,219550,2389,107
1752319637,243644297,4867,4954,220300,2421,108
1752319937,243944353,2330,5180,220270,2451,108
1752320238,244244410,212,6065,220520,2458,108
1752320538,244544464,2642,5420,220780,2486,107
1752320838,244844521,3369,5080,221160,2521,108
1752321138,245144578,2530,5104,221580,2541,109
1752321439,245444634,2674,5044,221450,2567,108
1752321739,245744691,2324,5143,221990,2588,109
1752322039,246044743,340,5196,221870,2581,109
1752322340,246344800,171,5458,221700,2558,109
1752322640,246644856,227,5398,220710,2529,107
1752322940,246944913,2509,5316,220940,2524,109
1752323241,247244967,3006,5181,221450,2542,107
1752323541,247545024,2574,5121,221530,2562,109
1752323841,247845081,1236,5015,221570,2571,109
1752324141,248145137,694,4967,220940,2548,107
1752324442,248445192,504,5056,221200,2528,107
1752324742,248745248,205,5264,220840,2510,108
1752325042,249045307,89,6028,220410,2493,108
1752325343,249345361,56,5995,220560,2470,108
1752325643,249645418,17,6833,219860,2450,108
1752325943,249945473,85,5894,219880,2443,108
1752326244,250245529,116,5556,219840,2431,108
1752326544,250545586,233,5357,219680,2425,108
1752326844,250845640,847,5233,219620,2429,107
1752327145,251145697,579,5096,219310,2432,107
1752327445,251445753,519,5085,219310,2444,108
1752327745,251745810,708,5022,220150,2459,107
1752328045,252045864,405,5023,219910,2461,108
1752328346,252345923,450,5190,220530,2458,107
1752328646,252645978,1420,5125,219940,2458,108
1752328946,252946034,159,5581,219790,2464,107
1752329247,253246091,438,5028,220330,2475,108
1752329547,253546145,4086,4795,220400,2476,108
1752329847,253846202,5483,4722,220790,2501,108
1752330148,254146258,4926,4632,221030,2525,107
1752330448,254446315,3687,4801,221220,2555,108
1752330748,254746370,1568,5052,221590,2569,108
1752331048,255046426,521,5239,221990,2585,108
1752331349,255346483,309,5389,221870,2584,108
1752331649,255646539,78,6598,221720,2586,105
1752331949,255946596,250,6028,221850,2605,108
1752332250,256246652,313,5733,222260,2615,107
1752332550,256546707,728,5529,222220,2617,107
1752332850,256846764,126,5569,222220,2614,108
1752333151,257146820,794,5478,222350,2615,105
1752333451,257446875,839,5383,222670,2623,108
1752333751,257746931,171,5658,222090,2618,107
1752334051,258046988,767,5544,222030,2614,108
1752334352,258347042,773,5285,221680,2613,107
1752334652,258647099,1772,4974,222300,2616,108
1752334952,258947158,329,5200,222500,2620,108
1752335253,259247212,992,5138,222030,2601,108
1752335553,259547269,681,5147,221450,2600,108
1752335853,259847325,264,5274,221420,2573,108
1752336154,260147380,189,5423,221050,2545,105
1752336454,260447436,120,5545,221020,2530,108
1752336754,260747493,229,5422,220170,2526,105
1752337055,261047547,198,5348,220420,2530,108
1752337355,261347604,71,5652,220250,2518,107
1752337655,261647661,74,5549,220240,2511,108
1752337955,261947715,121,5659,220010,2498,108
1752338256,262247774,49,5520,220070,2488,105
1752338556,262547828,32,5592,220100,2478,107
1752338856,262847885,12,5849,219870,2468,108
1752339157,263147941,8,6158,219790,2457,108
1752339457,263447996,8,6016,220130,2446,108
1752339757,263748052,12,5623,219700,2434,107
1752340058,264048107,6,5652,219790,2422,105
1752340358,264348164,4,6202,219590,2412,107
1752340658,264648218,4,8461,219490,2405,108
1752340958,264948275,4,8513,218760,2400,108
1752341259,265248329,7,7962,218910,2391,108
1752341559,265548388,5,7796,219400,2381,108
1752341859,265848442,3,16116,219820,2377,105
1752342160,266148499,6,23960,220090,2377,108
1752342460,266448553,2,29226,219610,2379,105
1752342760,266748610,2,51208,219510,2378,108
1752343061,267048665,6,12462,218970,2375,105
1752343361,267348721,6,14917,219070,2368,105
1752343661,267648776,6,16883,218740,2362,107
1752343961,267948832,4,23211,218850,2355,105
1752344262,268248887,5,28810,218470,2348,108
1752344562,268548943,10,30331,218310,2343,108
1752344862,268849002,9,13476,218380,2336,108
1752345163,269149057,16,6348,218160,2329,105
1752345463,269449113,9,59951,218220,2323,108
1752345763,269749170,12,19773,218350,2318,108
1752346064,270049224,6,37312,217960,2312,105
1752346364,270349281,8,13588,218160,2307,108
1752346664,270649337,7,24479,218160,2301,108
1752346964,270949394,5,9229,218260,2297,107
1752347265,271249448,8,47500,218010,2292,108
1752347565,271549505,7,14471,217970,2287,105
1752347865,271849562,6,14847,217900,2283,105
1752348166,272149618,8,13292,217900,2279,105
1752348466,272449675,7,19960,217890,2274,107
1752348766,272749729,5,5696,217780,2270,107
1752349067,273049786,1,8678,217590,2265,108
1752349367,273349842,7,19992,217690,2258,107
1752349667,273649897,4,7528,217600,2254,105
1752349968,273949954,4,5378,217680,2250,107
1752350268,274250010,6,5054,217700,2245,105
1752350568,274550065,6,4816,217630,2241,108
1752350868,274850121,4,4769,217590,2237,107
1752351169,275150176,5,4802,217380,2232,106
1752351469,275450232,5,4697,217340,2227,108
1752351769,275750289,6,4846,217600,2223,107
1752352070,276050345,4,4762,217310,2219,107
1752352370,276350402,2,4669,217390,2215,105
1752352670,276650457,4,4581,217060,2210,107
1752352971,276950513,5,4659,217430,2206,107
1752353271,277250570,5,4518,217210,2203,105
1752353571,277550624,5,4592,217110,2199,105
1752353871,277850681,6,4505,217110,2197,107
1752354172,278150735,4,4540,217200,2194,108
1752354472,278450792,4,4676,217000,2190,105
1752354772,278750849,7,4716,217240,2187,105
1752355073,279050905,5,4577,217090,2184,105
1752355373,279350962,4,4528,217150,2182,108
1752355673,279651022,7,4698,217300,2179,103
1752355974,279951079,4,4689,217150,2178,108
1752356274,280251133,2,4510,216680,2176,108
1752356574,280551190,6,4634,216740,2175,108
1752356874,280851245,7,4918,217030,2174,105
1752357175,281151301,8,4678,216820,2173,108
1752357475,281451358,4,4702,217030,2172,106
1752357775,281751412,5,4784,217210,2171,108
1752358076,282051469,6,4818,216980,2170,108
1752358376,282351525,7,4617,216890,2169,108
1752358676,282651582,7,4554,217010,2168,108
1752358977,282951639,5,4561,216890,2165,105
1752359277,283251693,5,4662,216520,2163,108
1752359577,283551750,6,4703,216730,2161,107
1752359877,283851804,8,4581,216310,2158,108
1752360178,284151861,5,4517,216690,2157,106
1752360478,284451917,5,4462,216480,2155,108
1752360778,284751972,5,4420,216620,2153,103
1752361079,285052028,9,4503,216690,2151,105
1752361379,285352083,6,4496,216170,2151,108
1752361679,285652140,4,4542,216520,2149,105
1752361980,285952196,3,4756,216410,2149,108
1752362280,286252253,4,4372,216310,2148,105
1752362580,286552309,3,4483,216360,2147,103
1752362880,286852364,8,4503,216100,2145,103
1752363181,287152420,4,4514,216200,2143,105
1752363481,287452475,0,4546,216110,2142,103
1752363781,287752531,5,4562,216070,2139,105
1752364082,288052586,7,4551,215940,2137,105
1752364382,288352643,8,4561,216260,2134,108
1752364682,288652699,6,4702,216140,2132,103
1752364983,288952754,5,4568,215980,2130,108
1752365283,289252812,4,4490,216120,2130,103
1752365583,289552867,3,4464,215690,2129,103
1752365884,289852923,10,4568,216230,2127,108
1752366184,290152978,3,4680,215970,2125,106
1752366484,290453035,6,4640,215940,2122,106
1752366784,290753091,6,4502,215940,2121,106
1752367085,291053146,3,4485,216020,2119,108
1752367385,291353202,6,4579,216020,2117,106
1752367685,291653257,4,4472,215820,2116,108
1752367986,291953313,5,4440,216110,2115,103
1752368286,292253370,5,4461,215930,2115,106
1752368586,292553424,7,4419,215850,2114,103
1752368887,292853481,6,4400,215850,2112,103
1752369187,293153538,5,4417,215900,2112,106
1752369487,293453594,7,4351,215380,2111,106
1752369787,293753649,3,4294,215390,2110,103
1752370088,294053705,6,4430,215990,2108,106
1752370388,294353760,8,4330,215700,2107,105
1752370688,294653816,6,4308,215970,2105,103
1752370989,294953873,6,4324,215820,2103,106
1752371289,295253927,4,4510,215900,2103,106
1752371589,295553984,5,4630,215610,2103,106
1752371890,295854039,7,4790,215930,2103,103
1752372190,296154097,4,4710,215810,2102,103
1752372490,296454152,7,4567,215890,2100,106
1752372790,296754208,2,4489,215620,2098,106
1752373091,297054263,3,4377,215560,2097,105
1752373391,297354319,4,4496,215690,2095,106
1752373691,297654374,4,4532,215760,2093,106
1752373992,297954430,7,4687,215500,2091,103
1752374292,298254487,4,4725,215470,2090,106
1752374592,298554542,8,4506,215230,2088,103
1752374893,298854598,4,4468,215350,2088,106
1752375193,299154653,5,4482,215780,2086,106
1752375493,299454711,9,4722,215390,2084,106
1752375793,299754766,4,4717,215280,2083,106
1752376094,300054822,5,4577,215160,2082,106
1752376394,300354879,9,4613,215190,2079,106
1752376694,300654934,9,4513,215040,2078,106
1752376995,300954990,4,4499,215230,2077,106
1752377295,301255045,8,4499,215150,2075,106
1752377595,301555101,6,4535,215290,2074,103
1752377896,301855156,5,4511,215220,2073,106
1752378196,302155212,6,4629,215170,2073,106
1752378496,302455267,7,4680,215330,2071,106
1752378796,302755323,5,4480,215020,2070,106
1752379097,303055380,7,4520,215240,2068,106
1752379397,303355437,6,4608,214830,2067,106
1752379697,303655493,4,4674,215160,2066,106
1752379998,303955548,5,4556,215020,2064,106
1752380298,304255604,7,4555,214930,2063,106
1752380598,304555659,5,4428,214990,2062,106
1752380899,304855715,5,4536,215140,2059,106
1752381199,305155770,5,4570,214860,2057,106
1752381499,305455826,4,4414,214960,2056,106
1752381799,305755883,4,4630,214940,2054,106
1752382100,306055938,4,4392,214560,2053,106
1752382400,306355994,2,4413,214990,2052,106
1752382700,306656051,6,4595,214940,2051,106
1752383001,306956105,8,4495,215040,2049,105
1752383301,307256162,11,4311,214850,2048,105
1752383601,307556218,19,4400,215030,2047,103
1752383902,307856273,34,4503,214660,2046,106
1752384202,308156329,46,4493,214950,2045,106
1752384502,308456384,71,4443,214750,2046,106
1752384803,308756441,79,4450,214910,2047,106
1752385103,309056497,95,4572,215170,2049,103
1752385403,309356552,97,4491,214860,2049,103
1752385703,309656610,113,4500,215030,2050,103
1752386004,309956665,115,4516,214620,2050,106
1752386304,310256721,162,4506,214870,2051,106
1752386604,310556778,183,4441,215110,2052,106
1752386905,310856833,241,4488,215010,2054,106
1752387205,311156889,394,4412,215170,2055,103
1752387505,311456946,437,4363,214990,2058,106
1752387806,311757000,535,4433,215070,2060,106
1752388106,312057057,457,4431,215000,2063,106
1752388406,312357113,460,4392,215150,2064,106
1752388706,312657170,705,4368,215040,2064,106
1752389007,312957227,795,4406,215100,2066,106
1752389307,313257283,961,4246,214940,2067,106
1752389607,313557338,1080,4325,214990,2068,106
1752389908,313857394,775,4300,215290,2071,106
1752390208,314157451,777,4190,215150,2072,106
1752390508,314457505,606,4320,215490,2078,103
1752390809,314757562,692,4300,215560,2080,106
1752391109,315057618,53,5523,215630,2083,106
1752391409,315357673,53,5634,215600,2089,106
1752391709,315657730,23,6599,215550,2095,103
1752392010,315957786,125,5277,215960,2103,103
1752392310,316257843,339,4901,215970,2112,106
1752392610,316557899,664,4589,216000,2117,106
1752392911,316857954,672,4569,216070,2125,106
1752393211,317158010,657,4492,216480,2136,106
1752393511,317458067,842,4515,216250,2143,103
1752393812,317758124,791,4482,216330,2153,106
1752394112,318058178,742,4381,216830,2166,103
1752394412,318358235,1022,4354,216830,2177,105
1752394712,318658291,857,4377,217240,2190,106
1752395013,318958346,1006,4415,217270,2204,106
1752395313,319258402,643,4541,217500,2216,106
1752395613,319558459,557,4660,217650,2227,103
1752395914,319858515,391,4817,217940,2239,106
1752396214,320158572,266,4914,217910,2248,106
1752396514,320458627,281,4969,217970,2258,106
1752396815,320758683,128,5352,218410,2268,106
1752397115,321058740,38,6662,218170,2274,106
1752397415,321358794,129,5549,218500,2292,106
1752397715,321658851,49,6055,218250,2307,106
1752398016,321958905,90,5895,218280,2306,103
1752398316,322258962,16,6840,218740,2300,104
1752398616,322559016,5,8969,218840,2311,103
1752398917,322859075,105,6051,218440,2314,106
1752399217,323159130,56,6269,218720,2330,103
1752399517,323459186,140,5664,219090,2350,103
1752399818,323759243,246,5317,219150,2368,105
1752400118,324059299,78,5933,219980,2383,103
1752400418,324359354,17,6851,219740,2384,103
1752400719,324659410,5,8583,219880,2382,105
1752401019,324959467,485,4746,220010,2374,106
1752401319,325259524,838,4666,220080,2382,105
1752401619,325559578,765,4547,219780,2382,106
1752401920,325859635,709,4701,219550,2384,106
1752402220,326159693,136,5525,220280,2406,106
1752402520,326459748,30,6367,220640,2434,106
1752402821,326759804,425,5690,220900,2461,105
1752403121,327059861,1576,5181,221210,2484,105
1752403421,327359918,2333,4831,221570,2506,103
1752403722,327659972,2936,4853,221970,2528,106
1752404022,327960029,4361,4809,222160,2549,106
1752404322,328260085,2694,4768,222140,2544,106
1752404622,328560142,2102,5000,221770,2523,103
1752404923,328860198,1106,5266,221710,2516,103
1752405223,329160253,585,5532,222260,2539,106
1752405523,329460312,440,5759,222220,2568,104
1752405824,329760368,491,5817,222290,2561,106
1752406124,330060423,152,8426,222190,2555,104
1752406424,330360479,62,6271,222330,2562,103
1752406725,330660536,121,5721,222230,2559,103
1752407025,330960592,390,5647,222040,2563,106
1752407325,331260647,30,7930,222260,2574,105
1752407625,331560704,58,5842,221870,2555,104
1752407926,331860760,74,5408,221770,2538,103
1752408226,332160815,251,5177,221780,2530,104
1752408526,332460871,106,5518,222090,2546,106
1752408827,332760930,198,5104,221750,2540,103
1752409127,333060986,253,4956,221490,2528,105
1752409427,333361041,294,4970,221240,2507,104
1752409728,333661097,246,4980,220780,2488,105
1752410028,333961154,450,4872,220500,2473,105
1752410328,334261211,479,4764,220570,2459,103
1752410629,334561265,644,4462,220270,2452,104
1752410929,334861322,1985,4251,220420,2453,106
1752411229,335161378,2387,4283,220330,2457,103
1752411529,335461435,3114,4164,220410,2469,103
1752411830,335761491,2604,4209,220740,2478,104
1752412130,336061548,3484,4285,220860,2502,103
1752412430,336361605,17808,4244,221270,2531,103
1752412731,336661661,3645,4185,222250,2584,104
1752413031,336961718,2834,4173,222200,2591,104
1752413331,337261772,2865,4166,222060,2589,104
1752413632,337561829,384,9490,221730,2572,103
1752413932,337861885,1020,6510,221300,2556,106
1752414232,338161942,4079,4172,221710,2543,103
1752414532,338461999,4341,4067,221460,2537,105
1752414833,338762053,8846,4186,221940,2543,104
1752415133,339062112,17560,4160,221850,2562,106
1752415433,339362168,24096,4057,222180,2594,103
1752415734,339662225,23168,4107,222610,2612,104
1752416034,339962281,22031,4076,222890,2640,105
1752416334,340262336,12377,4054,222870,2643,104
1752416635,340562393,8443,4083,222880,2630,103
1752416935,340862449,5187,4175,222740,2631,106
1752417235,341162506,20168,4069,222760,2625,104
1752417535,341462562,5746,4153,223050,2642,105
1752417836,341762619,2506,4174,222770,2635,105
1752418136,342062673,1190,4332,222460,2614,103
1752418436,342362732,1547,4581,221740,2582,105
1752418737,342662789,1037,4763,221910,2561,103
1752419037,342962845,665,4966,221790,2545,103
1752419337,343262900,1532,4600,221290,2532,104
1752419638,343562956,2420,6814,221020,2516,105
1752419938,343863013,2040,4873,220940,2509,103
1752420238,344163069,3654,4775,220930,2512,105
1752420539,344463124,3754,5578,221170,2535,105
1752420839,344763181,5523,4718,221340,2559,103
1752421139,345063237,5248,4604,221710,2570,105
1752421439,345363296,2510,4839,221610,2578,105
1752421740,345663352,657,4932,221730,2583,105
1752422040,345963407,720,4837,221500,2571,104
1752422340,346263463,1561,4747,221370,2556,105
1752422641,346563520,507,5094,221220,2543,104
1752422941,346863575,124,5464,221000,2529,103
1752423241,347163631,151,5496,220880,2517,103
1752423542,347463688,167,5602,220640,2502,103
1752423842,347763744,66,6773,220570,2490,104
1752424142,348063799,78,5831,220390,2479,103
1752424442,348363855,105,5745,220240,2469,104
1752424743,348663912,85,5676,220280,2457,105
1752425043,348963969,73,5937,220130,2445,105
1752425343,349264025,85,5636,219930,2434,105
1752425644,349564080,137,5525,219760,2425,103
1752425944,349864136,37,6176,219760,2416,103
1752426244,350164193,16,6577,219670,2408,104
1752426545,350464247,13,6651,219460,2400,103
1752426845,350764304,12,6593,219300,2390,103
1752427145,351064360,7,6871,219370,2382,103
1752427445,351364415,13,6758,219220,2376,104
1752427746,351664472,31,5972,218760,2371,104
1752428046,351964528,26,6408,218380,2367,103
1752428346,352264585,13,6948,218730,2366,104
1752428647,352564641,10,6939,218830,2365,103
1752428947,352864696,14,7121,218680,2365,103
1752429247,353164759,9,7780,218740,2365,104
1752429548,353464813,11,6933,218770,2365,103
1752429848,353764870,36,5838,218590,2363,104
1752430148,354064926,41,5542,218820,2358,103
1752430449,354364981,39,5352,218910,2352,103
1752430749,354665037,16,5715,218410,2346,104
1752431049,354965094,14,5701,218290,2340,103
1752431349,355265148,11,5772,218590,2333,103
1752431650,355565205,8,5835,218400,2324,103
1752431950,355865262,7,7415,218430,2313,104
1752432250,356165318,6,9108,218850,2311,104
1752432551,356465373,2,8571,218530,2303,104
1752432851,356765429,5,10849,218960,2296,103
1752433151,357065484,6,13240,219040,2292,101
1752433452,357365540,3,18437,219140,2290,103
1752433752,357665597,5,18317,217740,2283,103
1752434052,357965651,5,19494,217720,2276,104
1752434352,358265708,6,17757,218760,2268,104
1752434653,358565765,6,16742,218040,2262,104
1752434953,358865821,4,15859,216020,2254,104
1752435253,359165876,4,15127,216310,2252,104
1752435554,359465932,11,15751,217360,2247,103
1752435854,359765989,7,14870,217440,2242,104
1752436154,360066045,6,14036,217030,2237,104
1752436455,360366100,6,13644,217070,2230,101
1752436755,360666157,3,14341,217650,2225,103
1752437055,360966211,4,17133,217930,2221,101
1752437355,361266268,6,20901,217940,2218,104
1752437656,361566324,5,23900,218410,2215,104
1752437956,361866379,6,29976,217940,2213,101
1752438256,362166437,4,32889,216640,2211,104
1752438557,362466492,7,35218,214220,2207,103
1752438857,362766548,7,36712,214780,2201,103
1752439157,363066603,4,34694,216990,2196,104
1752439458,363366660,4,33931,218950,2189,103
1752439758,363666716,5,33190,216740,2185,104
1752440058,363966771,4,32481,215370,2180,104
1752440358,364266827,5,31784,214570,2174,103
1752440659,364566884,6,29379,215910,2168,103
1752440959,364866938,4,28138,217040,2162,103
1752441259,365166995,7,26518,215520,2158,101
1752441560,365467052,6,25557,215790,2155,104
1752441860,365767108,7,24348,215620,2153,104
1752442160,366067163,4,23287,216490,2150,104
1752442461,366367219,5,22237,216340,2148,101
1752442761,366667276,7,21405,216200,2146,104
1752443061,366967330,7,20461,215910,2144,101
1752443362,367267387,4,19628,216070,2143,104
1752443662,367567441,5,18868,216840,2142,101
1752443962,367867498,8,17230,216760,2140,102
1752444262,368167555,6,16832,215540,2139,101
1752444563,368467609,3,15496,215800,2138,103
1752444863,368767668,3,15286,216100,2136,101
1752445163,369067722,6,15022,216490,2135,103
1752445464,369367779,6,13560,216480,2133,103
1752445764,369667833,7,13045,216760,2132,101
1752446064,369967890,6,12932,217260,2131,101
1752446365,370267947,6,12606,216350,2130,103
1752446665,370568001,6,12161,216830,2129,104
1752446965,370868058,4,11268,216030,2128,101
1752447265,371168114,9,10819,216050,2127,102
1752447566,371468169,9,14466,216330,2126,101
1752447866,371768225,3,10326,215930,2126,103
1752448166,372068282,6,9460,216060,2124,103
1752448467,372368338,7,9595,216120,2123,103
1752448767,372668393,6,9186,215710,2122,103
1752449067,372968450,6,8318,215830,2121,102
1752449368,373268504,3,7981,215300,2119,102
1752449668,373568561,5,8415,215620,2118,104
1752449968,373868615,3,8237,215520,2117,103
1752450268,374168670,5,8061,215820,2116,104
1752450569,374468726,5,7963,215730,2115,104
1752450869,374768781,6,7405,215560,2114,99
1752451169,375068837,6,7393,215170,2112,103
1752451470,375368892,4,7219,214890,2110,101
1752451770,375668951,8,6775,214930,2109,104
1752452070,375969005,5,6655,215180,2107,104
1752452371,376269062,5,6788,215140,2105,104
1752452671,376569118,5,6550,214630,2104,104
1752452971,376869173,5,6710,215150,2103,104
1752453271,377169229,8,6418,214830,2103,103
1752453572,377469284,5,6098,214890,2101,104
1752453872,377769340,5,6251,214800,2101,101
1752454172,378069397,2,6297,214670,2100,104
1752454473,378369452,7,6204,214960,2099,99
1752454773,378669508,5,6275,214760,2098,104
1752455073,378969565,7,6428,214450,2098,104
1752455374,379269621,2,6349,215020,2096,99
1752455674,379569676,4,5977,214670,2096,101
1752455974,379869732,3,5984,214780,2095,104
1752456274,380169789,3,5901,214690,2094,104
1752456575,380469843,6,5875,214170,2093,101
1752456875,380769900,5,5740,214730,2091,104
1752457175,381069957,4,6088,214870,2090,104
1752457476,381370011,4,5734,214790,2089,99
1752457776,381670068,6,5819,214220,2088,104
1752458076,381970122,4,5861,214100,2087,102
1752458377,382270179,6,5706,214360,2086,104
1752458677,382570235,5,5641,214100,2085,99
1752458977,382870292,6,5717,214800,2085,99
1752459278,383170347,4,6063,214830,2083,102
1752459578,383470403,6,5805,214850,2083,104
1752459878,383770460,1,5622,214440,2082,101
1752460178,384070514,5,5514,214240,2082,104
1752460479,384370571,5,6084,214150,2081,102
1752460779,384670627,4,5416,213820,2081,102
1752461079,384970682,6,5559,214680,2081,104
1752461380,385270738,3,5319,214420,2080,104
1752461680,385570793,5,5314,214400,2079,99
1752461980,385870852,7,5275,213370,2078,104
1752462281,386170906,5,5777,214230,2078,101
1752462581,386470963,5,5165,214590,2077,104
1752462881,386771019,2,5108,214800,2077,104
1752463181,387071074,5,4963,213830,2077,101
1752463482,387371130,8,5120,213770,2076,99
1752463782,387671185,4,5128,214890,2075,101
1752464082,387971241,5,5135,214470,2075,101
1752464383,388271298,6,5394,214330,2073,99
1752464683,388571353,4,5333,214270,2073,99
1752464983,388871409,3,5320,214590,2072,99
1752465284,389171466,3,5151,213000,2072,102
1752465584,389471522,3,5234,214130,2071,99
1752465884,389771577,5,5188,214790,2071,104
1752466184,390071633,6,5132,214930,2071,99
1752466485,390371688,6,5050,214570,2069,101
1752466785,390671745,6,5211,213870,2069,99
1752467085,390971801,4,4883,214060,2069,99
1752467386,391271856,7,4976,214090,2068,99
1752467686,391571912,5,4997,214300,2067,102
1752467986,391871967,6,4896,213760,2067,102
1752468287,392172023,3,4815,213750,2066,102
1752468587,392472080,5,4973,213860,2066,101
1752468887,392772136,6,4684,214350,2065,102
1752469187,393072191,6,4536,214290,2064,102
1752469488,393372248,3,4748,214060,2063,104
1752469788,393672304,10,4883,213910,2061,101
1752470088,393972359,16,4834,213990,2061,102
1752470389,394272415,30,4788,213660,2060,99
1752470689,394572472,40,4710,213780,2058,99
1752470989,394872526,42,4639,214130,2056,99
1752471290,395172583,69,4759,213330,2056,99
1752471590,395472637,86,4661,214290,2055,101
1752471890,395772694,91,4765,214190,2054,102
1752472190,396072751,89,4682,214500,2054,99
1752472491,396372807,120,4648,214150,2053,101
1752472791,396672864,175,4603,213730,2053,101
1752473091,396972920,303,4749,213450,2054,101
1752473392,397272975,103,5467,213260,2054,99
1752473692,397573031,19,6763,213790,2055,101
1752473992,397873088,76,6145,213540,2056,102
1752474293,398173143,248,5420,213830,2058,101
1752474593,398473199,356,5011,213590,2060,102
1752474893,398773256,373,4940,213600,2061,102
1752475193,399073310,283,5018,213850,2061,99
1752475494,399373369,284,4851,213630,2062,99
1752475794,399673423,365,4853,213680,2063,99
1752476094,399973480,785,4720,213420,2066,101
1752476395,400273537,561,4775,213930,2071,101
1752476695,400573593,1063,4710,214000,2077,102
1752476995,400873648,978,4631,213820,2083,102
1752477296,401173704,789,4723,214040,2088,102
1752477596,401473761,1021,4692,213680,2094,99
1752477896,401773815,226,5256,213790,2099,99
1752478197,402073872,735,4760,213760,2105,99
1752478497,402373928,1169,4334,213990,2109,99
1752478797,402673985,813,4346,213970,2108,99
1752479097,402974042,1242,4331,214250,2117,99
1752479398,403274096,1043,4396,214290,2133,101
1752479698,403574153,1396,4284,214690,2142,99
1752479998,403874209,1585,4270,214680,2151,102
1752480299,404174266,1880,4246,214980,2160,100
1752480599,404474322,1430,4357,214990,2173,102
1752480899,404774377,1670,4465,214550,2185,99
1752481200,405074434,637,5277,214990,2200,100
1752481500,405374490,799,5073,215580,2216,99
1752481800,405674545,1003,4948,215940,2232,102
1752482100,405974603,1214,4677,216300,2250,101
1752482401,406274660,928,4630,216700,2268,101
1752482701,406574716,996,4560,216920,2282,99
1752483001,406874771,1881,4574,216850,2294,102
1752483302,407174828,1407,4643,217030,2302,102
1752483602,407474884,797,5365,217390,2324,101
1752483902,407774939,1673,4840,217630,2345,100
1752484203,408074995,1869,4591,217490,2364,102
1752484503,408375052,2159,4526,217990,2366,101
1752484803,408675108,2100,4585,218500,2354,99
1752485103,408975165,2115,4820,217540,2347,100
1752485404,409275222,2024,4808,217710,2348,101
1752485704,409575278,2192,4859,217440,2350,100
1752486004,409875335,1740,5096,218190,2358,99
1752486305,410175389,926,5292,218040,2381,102
1752486605,410475446,1729,5154,218560,2413,99
1752486905,410775502,2077,5232,218660,2415,102
1752487206,411075559,1413,4924,218390,2409,99
1752487506,411375613,1853,4885,218180,2412,99
1752487806,411675670,2665,4786,218490,2413,99
1752488106,411975727,3446,4790,218140,2414,102
1752488407,412275781,4298,4784,218140,2419,99
1752488707,412575840,5269,4749,218400,2422,101
1752489007,412875896,3672,4908,218640,2442,102
1752489308,413175951,3409,5154,218960,2449,102
1752489608,413476007,2418,5365,218710,2451,102
1752489908,413776064,1757,6054,218400,2449,99
1752490209,414076121,3919,5427,218270,2446,101
1752490509,414376175,4497,4930,218570,2443,102
1752490809,414676232,7519,4422,218530,2439,101
1752491110,414976288,10355,4212,218190,2436,100
1752491410,415276345,4367,4846,218710,2433,102
1752491710,415576401,2711,5038,218050,2429,100
1752492010,415876458,3432,5239,218600,2430,101
1752492311,416176515,3410,5334,218480,2437,102
1752492611,416476569,5391,5247,218490,2451,102
1752492911,416776626,2834,5439,218840,2461,102
1752493212,417076682,2456,5498,218710,2465,101
1752493512,417376739,2175,5675,219340,2469,100
1752493812,417676793,3801,5690,219510,2472,101
1752494113,417976850,2760,5937,219710,2491,102
1752494413,418276907,1197,5622,219730,2498,102
1752494713,418576963,346,6049,219640,2496,99
1752495013,418877020,1495,5790,219750,2497,99
1752495314,419177076,7740,5494,219880,2513,102
1752495614,419477133,2848,5380,219580,2530,102
1752495914,419777187,12142,5361,220420,2543,102
1752496215,420077244,2398,5327,220320,2550,100
1752496515,420377300,1149,5343,220000,2544,102
1752496815,420677357,473,5796,219630,2527,99
1752497116,420977412,44,7193,219640,2520,100
1752497416,421277468,99,6679,219290,2496,100
1752497716,421577523,120,6612,219210,2475,102
1752498016,421877579,249,6303,218850,2456,100
1752498317,422177636,287,6117,218540,2439,102
1752498617,422477692,214,5930,218600,2428,102
1752498917,422777749,97,6628,218280,2417,99
1752499218,423077804,51,7411,217840,2403,100
1752499518,423377860,6,9106,218680,2397,101
1752499818,423677917,7,11140,218380,2397,99
1752500119,423977971,7,10882,219100,2402,102
1752500419,424278028,7,10045,219590,2412,100
1752500719,424578082,8,10581,219650,2430,101
1752501020,424878139,11,9182,219990,2462,99
1752501320,425178195,77,7922,220030,2508,102
1752501620,425478252,110,7707,220810,2547,101
1752501920,425778307,1174,6346,221120,2572,99
1752502221,426078363,2902,5551,221540,2588,102
1752502521,426378420,4721,5174,221380,2610,102
1752502821,426678480,4925,5065,221760,2625,101
1752503122,426978537,2960,4837,221180,2620,102
1752503422,427278594,1668,4962,221280,2595,102
1752503722,427578648,934,5384,220840,2570,102
1752504023,427878705,2719,5272,220500,2548,101
1752504323,428178761,1503,5212,220540,2552,101
1752504623,428478816,1260,5328,220660,2543,99
1752504923,428778881,922,5319,220350,2531,99
1752505224,429078937,2589,5298,219950,2517,99
1752505524,429378992,8139,5013,219650,2513,102
1752505824,429679048,5972,5135,220210,2527,102
1752506125,429979105,4533,5354,220370,2535,101
1752506425,430279161,2899,5306,220290,2552,100
1752506725,430579218,712,6292,220650,2553,100
1752507026,430879272,1199,5429,220240,2545,101
1752507326,431179329,746,5375,220190,2528,101
1752507626,431479386,432,5795,219910,2505,100
1752507926,431779442,408,5434,219390,2485,101
1752508227,432079499,256,5590,219430,2470,101
1752508527,432379555,451,5382,219130,2456,101
1752508827,432679612,268,5918,218720,2441,99
1752509128,432979666,158,5986,218730,2428,99
1752509428,433279723,157,5807,218780,2416,101
1752509728,433579780,154,5720,218550,2404,100
1752510029,433879836,231,5640,218230,2392,101
1752510329,434179891,20,7007,218200,2379,100
1752510629,434479947,5,11551,217990,2376,99
1752510930,434780004,8,11942,217730,2377,100
1752511230,435080060,8,12955,217920,2372,99
1752511530,435380117,5,10595,218080,2370,100
1752511830,435680174,4,13962,217440,2361,101
1752512131,435980228,6,20492,219520,2354,101
1752512431,436280285,9,34024,220080,2349,100
1752512731,436580341,7,43790,218250,2348,101
1752513032,436880396,5,48217,218320,2346,100
1752513332,437180452,8,53013,218210,2341,100
1752513632,437480509,5,53869,219920,2335,99
1752513933,437780563,6,51634,216760,2328,100
1752514233,438080620,5,46201,217690,2321,101
1752514533,438380677,3,46318,220480,2308,97
1752514833,438680733,5,46757,214190,2299,100
1752515134,438980790,4,50461,215660,2289,99
1752515434,439280846,5,51783,216190,2274,99
1752515734,439580901,5,29044,214560,2264,101
1752516035,439880957,6,45313,214190,2255,100
1752516335,440181014,5,51214,214860,2247,100
1752516635,440481069,7,17875,214240,2239,100
1752516936,440781125,5,43316,212200,2229,100
1752517236,441081182,6,20866,214070,2220,100
1752517536,441381236,5,39176,213220,2213,100
1752517836,441681293,5,46576,214050,2207,99
1752518137,441981349,2,29666,213690,2200,100
1752518437,442281406,6,20450,213230,2195,100
1752518737,442581463,6,16611,213650,2192,100
1752519038,442881519,5,20829,212940,2188,97
1752519338,443181574,3,19826,213140,2185,100
1752519638,443481630,3,38874,214120,2178,100
1752519939,443781687,7,20054,213620,2175,100
1752520239,444081741,5,18681,213410,2171,100
1752520539,444381798,1,16179,213340,2167,100
1752520840,444681854,5,35322,213080,2164,100
1752521140,444981909,3,34825,213880,2160,100
1752521440,445281968,6,29130,213350,2159,100
1752521740,445582022,4,30463,214480,2153,100
1752522041,445882079,6,29553,214600,2151,97
1752522341,446182135,2,28804,213470,2147,100
1752522641,446482192,7,28450,212740,2148,100
1752522942,446782246,5,24035,212560,2146,97
1752523242,447082303,5,26161,213700,2142,99
1752523542,447382358,7,13351,213170,2142,100
1752523843,447682414,4,10868,213460,2140,99
1752524143,447982471,6,10840,213290,2139,100
1752524443,448282525,7,13737,212940,2136,99
1752524743,448582584,6,12839,213300,2138,100
1752525044,448882638,4,11100,213150,2135,99
1752525344,449182695,7,20774,213160,2131,100
1752525644,449482752,8,10555,212710,2131,97
1752525945,449782806,8,19223,211610,2129,100
1752526245,450082863,5,18644,213290,2129,100
1752526545,450382919,6,18719,212790,2126,99
1752526846,450682974,4,17067,212220,2130,99
1752527146,450983030,4,18139,211560,2128,99
1752527446,451283087,4,18226,211780,2126,97
1752527746,451583141,3,16846,213020,2125,100
1752528047,451883198,4,16064,212960,2128,100
1752528347,452183255,4,15994,213600,2127,100
1752528647,452483311,4,14711,215310,2123,97
1752528948,452783368,5,15557,213390,2123,100
1752529248,453083422,7,15854,214930,2120,99
1752529548,453383479,4,14944,213100,2120,100
1752529849,453683535,3,13687,213340,2118,97
1752530149,453983590,5,13073,213410,2117,100
1752530449,454283646,6,13446,211710,2117,97
1752530749,454583701,2,14574,214280,2113,97
1752531050,454883758,6,13727,213750,2111,97
1752531350,455183814,4,13609,212410,2111,100
1752531650,455483871,8,13820,214040,2110,97
1752531951,455783927,5,13751,212850,2108,99
1752532251,456083982,4,13617,212890,2107,99
1752532551,456384038,5,13123,214050,2105,99
1752532852,456684093,2,13467,212740,2105,97
1752533152,456984150,5,13592,213430,2104,100
1752533452,457284206,4,13073,213840,2103,97
1752533752,457584261,6,13318,213930,2102,100
1752534053,457884317,6,8256,213070,2100,100
1752534353,458184374,3,11536,212920,2101,97
1752534653,458484428,4,10970,213610,2098,100
1752534954,458784487,5,13473,212890,2097,100
1752535254,459084541,3,11940,214370,2096,100
1752535554,459384598,3,11328,213920,2095,99
1752535855,459684655,2,10614,214200,2094,97
1752536155,459984709,2,10868,212980,2093,97
1752536455,460284766,2,10677,213770,2091,98
1752536755,460584820,5,8821,212480,2091,97
1752537056,460884877,7,12598,212870,2091,97
1752537356,461184931,6,10911,212430,2088,100
1752537656,461484988,6,11155,212610,2088,100
1752537957,461785044,4,10717,212970,2087,100
1752538257,462085099,10,10477,212810,2085,97
1752538557,462385154,7,10480,212450,2084,100
1752538858,462685210,7,10396,213140,2082,100
1752539158,462985267,7,10452,213740,2081,98
1752539458,463285327,3,10186,213580,2081,99
1752539759,463585384,6,8851,212170,2080,100
1752540059,463885438,6,9488,212500,2078,98
1752540359,464185495,6,10232,211970,2078,98
1752540659,464485550,4,9562,212250,2077,97
1752540960,464785606,5,9642,213150,2076,97
1752541260,465085661,6,9545,212410,2076,97
1752541560,465385717,4,9739,212170,2074,99
1752541861,465685774,5,9590,211900,2075,100
1752542161,465985830,8,9092,213240,2074,99
1752542461,466285885,6,9434,212550,2073,100
1752542762,466585942,4,11728,212540,2074,100
1752543062,466885996,3,11395,212090,2073,97
1752543362,467186053,6,8745,212090,2072,100
1752543662,467486107,5,9971,212260,2071,100
1752543963,467786164,6,10220,213450,2069,99
1752544263,468086220,8,9535,213440,2069,99
1752544563,468386275,4,9534,213430,2069,97
1752544864,468686331,5,9204,211980,2069,99
1752545164,468986388,3,10749,212090,2069,100
1752545464,469286443,4,9962,212710,2067,98
1752545765,469586499,7,10822,213160,2067,100
1752546065,469886556,2,9523,212710,2066,100
1752546365,470186610,4,9374,210780,2066,97
1752546665,470486667,5,9587,213580,2064,97
1752546966,470786721,7,11327,213870,2064,97
1752547266,471086778,7,11028,211460,2063,97
1752547566,471386832,4,9824,211750,2062,100
1752547867,471686889,5,9789,211720,2061,98
1752548167,471986944,6,9597,212490,2060,100
1752548467,472287000,4,8457,211640,2059,97
1752548768,472587057,4,8838,211420,2060,97
1752549068,472887113,6,9052,211180,2060,98
1752549368,473187168,5,9556,211980,2059,100
1752549668,473487224,4,11548,212080,2058,97
1752549969,473787279,8,10012,212480,2057,97
1752550269,474087335,8,8925,212980,2057,97
1752550569,474387390,7,9650,212050,2057,98
1752550870,474687447,7,9819,212550,2056,97
1752551170,474987501,8,9729,211730,2056,98
1752551470,475287558,4,9895,212000,2054,100
1752551771,475587612,7,9649,211780,2053,97
1752552071,475887671,6,13121,212020,2053,100
1752552371,476187725,5,9171,212600,2053,98
1752552671,476487782,4,9749,212580,2053,100
1752552972,476787836,6,9154,213230,2052,100
1752553272,477087893,6,8956,212190,2053,98
1752553572,477387948,6,9659,211330,2053,100
1752553873,477688004,1,8998,212270,2052,95
1752554173,477988059,7,9868,212180,2051,97
1752554473,478288115,9,9761,212310,2051,97
1752554774,478588170,6,9510,211340,2050,97
1752555074,478888226,6,9776,210960,2048,100
1752555374,479188281,6,9612,212880,2048,97
1752555674,479488339,4,8255,211050,2048,95
1752555975,479788394,4,10537,212210,2049,97
1752556275,480088449,6,9930,212000,2048,97
1752556575,480388505,5,9978,212210,2048,100
1752556876,480688560,7,10284,211670,2047,97
1752557176,480988616,5,7561,211920,2044,98
1752557476,481288671,6,9864,211510,2043,98
1752557777,481588727,8,8889,211610,2043,97
1752558077,481888782,5,8932,211740,2045,98
1752558377,482188838,6,9338,211550,2046,98
1752558678,482488893,6,9002,211750,2045,97
1752558978,482788952,18,8848,211430,2045,95
1752559278,483089006,12,9704,211480,2044,97
1752559578,483389063,3,9059,212230,2045,98
1752559879,483689117,7,9135,211820,2044,97
1752560179,483989174,8,9260,212420,2045,97
1752560479,484289230,9,9346,212690,2046,98
1752560780,484589285,8,9408,212510,2047,97
1752561080,484889341,6,9056,212470,2048,97
1752561380,485189396,12,9530,211990,2049,98
1752561681,485489453,12,9069,211720,2049,98
1752561981,485789509,89,9356,211810,2051,95
1752562281,486089564,232,10141,211530,2054,97
1752562581,486389622,14,9856,212080,2054,98
1752562882,486689677,8,9215,212110,2056,98
1752563182,486989733,6,9460,211960,2059,98
1752563482,487289790,16,8946,211430,2062,97
1752563783,487589844,40,8772,212830,2066,98
1752564083,487889901,88,9719,211660,2070,97
1752564383,488189958,18,10312,212450,2075,97
1752564684,488490012,409,9755,212540,2077,97
1752564984,488790069,166,7885,211800,2084,97
1752565284,489090125,223,10259,211600,2090,97
1752565584,489390180,209,9400,212280,2097,97
1752565885,489690238,29,9676,212350,2100,97
1752566185,489990295,14,9726,213320,2106,95
1752566485,490290350,83,9832,213640,2110,98
1752566786,490590406,11,8951,212990,2116,98
1752567086,490890463,220,9583,213190,2118,97
1752567386,491190517,12,8917,213180,2123,98
1752567687,491490574,784,10080,212590,2131,98
1752567987,491790630,1166,8937,212100,2139,95
1752568287,492090687,332,9101,213010,2148,98
1752568587,492390742,433,8736,212770,2152,98
1752568888,492690798,208,9163,213170,2162,96
1752569188,492990855,1357,9148,212960,2166,98
1752569488,493290911,542,8535,213250,2171,98
1752569789,493590968,342,7035,213450,2181,98
1752570089,493891024,696,9009,213670,2189,95
1752570389,494191079,404,9439,213230,2196,95
1752570690,494491136,635,8541,213850,2211,95
1752570990,494791192,11,8650,215630,2217,98
1752571290,495091247,44,9482,213890,2221,96
1752571590,495391303,385,8956,214190,2230,98
1752571891,495691360,365,10147,213270,2235,95
1752572191,495991414,966,8895,213890,2241,98
1752572491,496291471,2188,8786,214250,2246,98
1752572792,496591525,771,8971,214200,2257,96
1752573092,496891582,1225,9238,214650,2267,96
1752573392,497191636,8,8340,214860,2282,98
1752573693,497491693,181,7758,214850,2297,97
1752573993,497791750,485,8529,214060,2309,98
1752574293,498091804,1691,8709,215180,2318,98
1752574594,498391861,2563,9368,215540,2319,98
1752574894,498691917,70,7840,214900,2314,98
1752575194,498991974,109,9003,215100,2306,98
1752575494,499292028,665,8805,214840,2299,98
1752575795,499592085,16,7990,215820,2292,98
1752576095,499892142,40,8470,216010,2288,96
1752576395,500192204,18,8429,215170,2290,98
1752576696,500492261,22,7946,216710,2305,95
1752576996,500792315,2868,7977,215250,2326,96
1752577296,501092372,292,8632,215240,2323,98
1752577597,501392429,339,8484,214210,2310,98
1752577897,501692483,1395,8748,214810,2297,95
1752578197,501992540,313,8126,214250,2289,95
1752578497,502292596,20,7974,215930,2285,98
1752578798,502592651,1226,8891,215670,2285,95
1752579098,502892707,620,9964,216010,2284,96
1752579398,503192764,830,8081,214520,2282,96
1752579699,503492820,1640,8470,214790,2280,95
1752579999,503792877,1932,9954,214710,2278,97
1752580299,504092934,914,8373,214750,2278,95
1752580600,504392988,26,10088,215210,2279,97
1752580900,504693045,1828,8859,214650,2278,95
1752581200,504993101,2655,9117,214810,2280,96
1752581500,505293156,499,10056,214700,2280,95
1752581801,505593212,1144,9070,214920,2278,96
1752582101,505893269,2436,8282,214860,2280,95
1752582401,506193326,632,8767,214450,2280,96
1752582702,506493382,784,9429,214900,2280,96
1752583002,506793439,110,10837,214370,2285,95
1752583302,507093495,376,9693,214420,2294,95
1752583603,507393550,36,8598,215340,2306,97
1752583903,507693606,1896,9179,214940,2308,96
1752584203,507993663,1444,7973,214420,2303,96
1752584503,508293718,620,8471,214490,2297,96
1752584804,508593774,1083,9360,214700,2292,95
1752585104,508893831,948,9560,214940,2289,95
1752585404,509193885,2360,8613,214960,2289,96
1752585705,509493942,3074,9853,214940,2295,95
1752586005,509794000,1060,7827,214830,2326,95
1752586305,510094055,1690,8941,215050,2331,96
1752586606,510394112,1333,8855,214750,2328,95
1752586906,510694168,1815,7959,214910,2324,96
1752587206,510994225,1567,8756,215160,2320,95
1752587507,511294279,125,8926,215360,2314,96
1752587807,511594336,316,8523,214790,2310,95
1752588107,511894392,2439,9091,214790,2305,95
1752588407,512194447,1327,8381,214920,2301,95
1752588708,512494503,139,8701,214770,2297,95
1752589008,512794560,1539,9118,214490,2294,96
1752589308,513094617,453,8157,214490,2292,95
1752589609,513394673,664,9112,214180,2294,95
1752589909,513694728,649,8406,214360,2296,96
1752590209,513994784,347,8481,214220,2300,95
1752590510,514294841,475,9557,214860,2296,95
1752590810,514594895,673,8881,213850,2288,95
1752591110,514894952,8,9103,215510,2280,95
1752591410,515195009,247,9019,214500,2274,95
1752591711,515495063,101,10176,213000,2267,95
1752592011,515795120,964,7621,214100,2261,95
1752592311,516095176,31,8557,212720,2256,95
1752592612,516395233,169,8604,213820,2251,95
1752592912,516695289,5,9052,214880,2248,95
1752593212,516995344,7,10021,214140,2243,95
1752593513,517295400,116,8471,213110,2238,95
1752593813,517595455,216,9011,213710,2236,95
1752594113,517895512,200,7296,213700,2233,95
1752594413,518195568,594,7458,213500,2230,96
1752594714,518495623,94,9575,214490,2228,96
1752595014,518795679,66,9845,214590,2227,95
1752595314,519095736,12,8789,214390,2230,96
1752595615,519395790,8,9237,214710,2230,95
1752595915,519695847,147,9470,213060,2230,95
1752596215,519995904,1019,8989,213720,2229,95
1752596516,520295960,154,8359,213090,2225,96
1752596816,520596015,68,9567,213330,2221,96
1752597116,520896071,42,9610,212290,2218,96
1752597416,521196128,18,10073,213420,2215,95
1752597717,521496182,5,16844,212680,2212,94
1752598017,521796239,4,22099,212230,2217,96
1752598317,522096293,7,32891,213070,2229,96
1752598618,522396350,2,37676,214900,2231,96
1752598918,522696404,8,37264,215610,2229,96
1752599218,522996463,4,35049,214600,2224,96
1752599519,523296518,3,33258,216720,2222,96
1752599819,523596574,8,39631,215260,2221,96
1752600119,523896629,7,39076,216770,2219,95
1752600420,524196685,7,40239,216200,2214,96
1752600720,524496742,4,38990,215670,2200,95
1752601020,524796796,4,49824,216680,2189,95
1752601320,525096853,5,48470,219500,2179,94
1752601621,525396908,2,53736,220480,2173,94
1752601921,525696964,8,55857,224530,2168,95
1752602221,525997019,8,56818,220010,2164,95
1752602522,526297075,4,58542,221340,2166,94
1752602822,526597132,4,58530,218070,2168,96
1752603122,526897188,6,58973,216150,2168,94
1752603423,527197243,4,60888,217180,2166,96
1752603723,527497299,7,59207,214800,2162,94
1752604023,527797356,7,57849,219090,2159,94
1752604323,528097411,4,57955,219270,2155,94
1752604624,528397467,7,57327,221230,2150,94
1752604924,528697522,5,23113,220660,2147,96
1752605224,528997578,6,55675,217910,2144,96
1752605525,529297633,5,53822,217620,2139,94
1752605825,529597689,6,51313,216990,2136,96
1752606125,529897746,3,49714,212940,2132,95
1752606426,530197803,3,47784,215060,2126,96
1752606726,530497857,4,47132,213200,2123,94
1752607026,530797914,5,46299,213760,2120,96
1752607326,531097968,5,43812,213880,2116,96
1752607627,531398025,3,43203,211980,2113,95
1752607927,531698081,3,43262,213190,2110,95
1752608227,531998136,5,41203,211660,2109,96
1752608528,532298192,5,41116,212720,2106,96
1752608828,532598247,5,41137,211610,2104,95
1752609128,532898304,6,40842,211960,2103,95
1752609429,533198358,8,39623,212750,2100,94
1752609729,533498417,2,39050,212670,2099,95
1752610029,533798471,4,39244,210170,2097,96
1752610329,534098528,8,37233,212820,2095,95
1752610630,534398582,10,35391,212360,2093,96
1752610930,534698639,6,34916,214950,2089,96
1752611230,534998693,7,33528,213990,2088,95
1752611531,535298750,5,32229,214690,2087,94
1752611831,535598804,11,29278,214230,2086,95
1752612131,535898861,5,28155,213650,2085,95
1752612432,536198916,3,29146,213490,2085,95
1752612732,536498972,6,29085,213310,2082,95
1752613032,536799029,3,26958,213260,2082,95
1752613332,537099085,6,26711,214550,2080,94
1752613633,537399140,3,24609,212770,2077,94
1752613933,537699196,1,25770,213540,2077,94
1752614233,537999253,4,26076,213910,2075,94
1752614534,538299308,7,27109,212720,2074,94
1752614834,538599364,6,26061,213400,2071,94
1752615134,538899421,4,14129,212840,2070,94
1752615435,539199475,5,25295,213010,2068,94
1752615735,539499532,5,23050,213320,2066,94
1752616035,539799588,8,23318,213580,2064,94
1752616335,540099645,5,24029,214000,2064,94
1752616636,540399702,5,23376,215370,2062,94
1752616936,540699756,7,24621,214790,2062,94
1752617236,540999813,4,22891,214780,2062,94
1752617537,541299867,6,24985,214650,2063,94
1752617837,541599924,7,25071,212660,2063,94
1752618137,541899980,5,19168,214800,2060,94
1752618438,542200035,4,19755,214740,2060,94
1752618738,542500091,2,23198,216310,2059,94
1752619038,542800148,5,21292,215360,2058,94
1752619339,543100203,7,20666,217480,2056,94
1752619639,543400259,9,19073,217940,2055,94
1752619939,543700316,9,22624,217840,2055,94
1752620239,544000372,6,21984,217450,2055,94
1752620540,544300429,5,21076,218200,2054,93
1752620840,544600483,4,20256,217650,2053,93
1752621140,544900540,8,18734,218400,2051,93
1752621441,545200596,4,17606,217280,2050,93
1752621741,545500651,6,13831,216990,2050,93
1752622041,545800708,4,16684,217540,2049,93
1752622342,546100762,5,14482,216700,2049,93
1752622642,546400819,7,16529,217160,2049,93
1752622942,546700875,4,18183,216950,2050,93
1752623242,547000932,5,17679,216710,2050,93
1752623543,547300988,1,18955,214770,2048,93
1752623843,547601043,9,17125,216230,2047,93
1752624143,547901100,5,12903,215740,2047,93
1752624444,548201154,5,14078,214940,2046,93
1752624744,548501211,5,17967,216310,2048,93
1752625044,548801267,6,19106,215430,2047,93
1752625345,549101322,6,18932,215510,2045,93
1752625645,549401378,4,18990,215030,2045,93
1752625945,549701435,4,19999,215880,2043,93
1752626245,550001489,5,19172,215630,2043,93
1752626546,550301548,2,18625,214530,2044,93
1752626846,550601603,4,17306,213660,2042,93
1752627146,550901659,3,18248,217110,2040,93
1752627447,551201714,4,17693,215230,2040,93
1752627747,551501770,2,17420,216290,2039,93
1752628047,551801827,5,13414,217100,2039,93
1752628348,552101881,5,20029,216760,2038,93
1752628648,552401938,7,16936,217420,2038,93
1752628948,552701995,7,15278,217730,2037,93
1752629248,553002049,6,14484,218280,2036,93
1752629549,553302106,8,16333,215260,2037,93
1752629849,553602160,6,16483,218360,2035,93
1752630149,553902219,6,17058,217970,2034,93
1752630450,554202273,8,15907,215980,2034,93
1752630750,554502330,6,15676,215850,2033,93
1752631050,554802386,6,14412,217240,2031,93
1752631351,555102441,8,15424,217310,2030,93
1752631651,555402498,4,16373,216900,2031,93
1752631951,555702554,7,16849,214810,2031,93
1752632251,556002609,6,16762,216740,2029,92
1752632552,556302665,3,12594,213680,2030,92
1752632852,556602720,6,13441,214650,2028,92
1752633152,556902776,3,16820,216130,2029,92
1752633453,557202833,6,17957,215790,2029,92
1752633753,557502889,4,13706,215420,2030,92
1752634053,557802946,6,14474,213880,2029,92
1752634354,558103001,7,14780,213520,2028,92
1752634654,558403057,7,16314,217190,2026,92
1752634954,558703112,7,16697,216480,2029,92
1752635254,559003168,3,14464,216110,2028,92
1752635555,559303225,7,16364,215260,2027,92
1752635855,559603279,5,16894,217170,2025,92
1752636155,559903336,6,14507,217080,2025,92
1752636456,560203390,7,15468,217290,2025,92
1752636756,560503447,5,16124,216870,2025,92
1752637056,560803504,4,15389,217620,2024,92
1752637357,561103560,9,15898,216720,2022,92
1752637657,561403615,4,15153,217840,2021,92
1752637957,561703671,6,14806,218020,2021,92
1752638258,562003728,7,15369,216160,2021,92
1752638558,562303782,7,15100,217720,2022,92
1752638858,562603839,6,15301,218320,2021,92
1752639158,562903894,9,15226,217390,2020,92
1752639459,563203950,7,13972,213560,2022,92
1752639759,563504007,6,13698,215200,2020,92
1752640059,563804061,6,14042,216080,2019,92
1752640360,564104120,6,12894,215550,2018,92
1752640660,564404174,6,13689,213500,2018,92
1752640960,564704231,4,13249,217480,2018,92
1752641261,565004285,7,13358,217020,2018,92
1752641561,565304342,2,14104,217390,2017,92
1752641861,565604399,4,14698,217030,2017,92
1752642161,565904453,6,15313,217360,2018,92
1752642462,566204510,9,14558,217230,2017,92
1752642762,566504564,5,15848,217250,2016,92
1752643062,566804621,8,14685,215830,2016,92
1752643363,567104675,7,15043,217210,2014,92
1752643663,567404734,8,14512,217540,2013,92
1752643963,567704788,2,14126,216710,2013,92
1752644264,568004845,6,13766,215450,2012,92
1752644564,568304902,4,14385,215280,2013,92
1752644864,568604956,5,13935,215060,2014,92
1752645164,568905013,4,14795,216940,2014,92
1752645465,569205067,6,13992,215370,2014,92
1752645765,569505124,5,14103,214370,2014,92
1752646065,569805178,6,13560,214220,2014,92
1752646366,570105235,6,13696,213810,2015,92
1752646666,570405292,6,12651,214540,2017,92
1752646966,570705346,6,12966,214050,2018,92
1752647267,571005403,8,12361,213570,2019,92
1752647567,571305459,4,12548,211900,2021,92
1752647867,571605516,7,12293,214050,2023,92
1752648167,571905570,5,12634,214540,2025,92
1752648468,572205627,8,11973,212950,2027,92
1752648768,572505681,7,12378,214420,2029,92
1752649068,572805738,3,12836,217200,2032,92
1752649369,573105795,2,12803,213200,2033,92
1752649669,573405849,6,12876,213830,2036,92
1752649969,573705906,6,13074,214320,2037,92
1752650270,574005960,2,13312,212700,2039,92
1752650570,574306019,6,12236,214360,2041,92
1752650870,574606073,6,12121,212880,2045,92
1752651170,574906130,4,11832,212650,2050,92
1752651471,575206184,3,11708,213110,2052,92
1752651771,575506241,6,11925,213370,2053,92
1752652071,575806296,7,12044,212800,2056,92
1752652372,576106352,5,11967,215380,2060,92
1752652672,576406409,6,11442,213450,2065,92
1752652972,576706463,7,10943,213690,2069,92
1752653273,577006520,9,11520,214260,2075,92
1752653573,577306574,7,11180,213570,2078,92
1752653873,577606633,7,11343,213390,2083,92
1752654173,577906688,4,9674,215360,2090,92
1752654474,578206744,8,10454,214850,2100,92
1752654774,578506799,5,11618,213790,2106,92
1752655074,578806855,6,11833,215510,2107,92
1752655375,579106910,5,11816,214280,2114,92
1752655675,579406966,4,11474,214840,2118,92
1752655975,579707023,7,11186,214320,2129,92
1752656276,580007077,4,11168,214930,2134,92
1752656576,580307134,9,10935,214300,2139,92
1752656876,580607188,4,12154,214130,2149,92
1752657176,580907245,6,12722,213880,2151,92
1752657477,581207302,5,12054,214540,2147,92
1752657777,581507358,7,11320,214620,2150,92
1752658077,581807413,5,11330,213190,2147,92
1752658378,582107469,7,11043,213820,2148,92
1752658678,582407524,6,11095,214130,2154,92
1752658978,582707580,5,11247,214960,2153,92
1752659279,583007635,6,11499,213820,2153,92
1752659579,583307692,7,11525,213060,2146,92
1752659879,583607748,6,10542,212800,2145,92
1752660180,583907803,6,11274,215130,2145,92
1752660480,584207859,4,11948,214990,2152,92
1752660780,584507916,8,11548,214060,2154,92
1752661080,584807970,8,14586,214140,2156,92
1752661381,585108027,3,20624,213930,2164,92
1752661681,585408081,9,10612,214540,2181,92
1752661981,585708138,6,10026,213990,2217,92
1752662282,586008195,7,10948,215520,2225,92
1752662582,586308249,4,10678,216760,2217,92
1752662882,586608306,4,10788,215360,2203,92
1752663183,586908360,6,10010,214300,2193,92
1752663483,587208417,6,9734,215090,2182,92
1752663783,587508471,2,18307,214500,2173,92
1752664083,587808528,8,10859,215660,2165,92
1752664384,588108584,8,12109,216270,2162,92
1752664684,588408641,8,12652,217230,2164,92
1752664984,588708696,6,12223,216980,2166,92
1752665285,589008750,6,12617,216900,2167,92
1752665585,589308807,7,12637,217200,2169,92
1752665885,589608861,8,12987,216820,2172,92
1752666186,589908918,5,13360,215210,2176,92
1752666486,590208972,6,13223,215850,2179,92
1752666786,590509029,6,12689,216310,2182,92
1752667086,590809083,5,13667,215810,2192,92
1752667387,591109140,8,14355,215090,2202,92
