If found, please contact tlang@live.unc.edu
Firmware updated: 2025/07/20
OpenOBS SN:455

time,ambient_light,backscatter,pressure,water_temp,battery
1753024236,1501,19435,84339,2393,158
1753024236,1557,19252,84374,2397,134
1753024238,1372,19808,84333,2393,157
1753024239,1421,19574,84366,2397,134
1753024240,1410,19678,84373,2397,134
1753024241,1387,19780,84374,2398,134
1753024241,1463,19418,84374,2398,134
1753024242,1432,19622,84375,2398,134
1753024243,1498,19280,84372,2398,134
1753024244,1453,19332,84372,2398,134
1753024245,1443,18956,84372,2398,134
1753024245,1411,18582,84378,2398,134
1753024246,1578,18660,84371,2398,134
1753024247,1580,18576,84374,2398,134
1753024248,1650,18486,84353,2396,137
1753024249,1597,18542,84367,2398,134
1753024249,1626,18579,84371,2399,134
1753024250,1635,18587,84373,2399,134
1753024251,1693,18525,84372,2399,134
1753024252,1685,18567,84375,2399,134
1753024253,1700,18595,84370,2399,134
1753024253,1724,18552,84378,2399,134
1753024254,1716,18590,84370,2400,134
1753024255,1708,18625,84373,2400,134
1753024287,1192,18846,84339,2397,155
1753024587,8685,18336,84371,2567,134
1753024887,2779,18085,84359,2664,95
1753025188,19969,18082,84367,2686,96
1753025488,32378,19602,84369,2554,95
1753025788,14421,4686,84845,2308,95
1753026088,16536,4458,84858,2291,97
1753026389,12758,4466,84853,2285,95
1753026689,11905,4382,84859,2282,96
1753026989,9632,4355,84900,2279,96
1753027290,8532,4272,85003,2274,96
1753027590,10792,4350,85069,2271,96
1753027890,15621,4314,84975,2271,96
1753028191,17339,4260,85097,2273,96
1753028491,20795,4284,84846,2277,94
1753028791,11812,4339,85085,2279,96
1753029091,7628,4289,85149,2279,96
1753029392,8082,4382,85015,2277,95
1753029692,7937,4361,84976,2275,95
1753029992,10211,4307,84939,2272,96
1753030293,8253,4339,84953,2271,96
1753030593,9643,4453,84917,2269,95
1753030893,10900,4437,84865,2267,95
1753031194,9764,4667,84849,2266,95
1753031494,8966,4850,84875,2266,95
1753031794,5326,5102,84956,2265,96
1753032094,7488,4659,84967,2262,96
1753032395,5779,4459,85022,2260,96
1753032695,5901,4512,84869,2256,95
1753032995,7451,4294,84782,2253,96
1753033296,4818,4323,84939,2249,96
1753033596,3934,4401,85054,2244,94
1753033896,2766,4278,85061,2240,96
1753034196,2738,4460,84980,2236,96
1753034497,2254,4356,84927,2231,96
1753034797,2078,4308,84991,2227,96
1753035097,1975,4379,84883,2224,96
1753035398,1661,4359,84975,2221,96
1753035698,1341,4538,85005,2218,96
1753035998,1116,4408,85040,2214,96
1753036299,763,4429,85107,2210,96
1753036599,637,4317,85057,2206,94
1753036899,430,4269,85118,2203,94
1753037199,329,4268,85095,2199,94
1753037500,165,4385,85088,2196,96
1753037800,86,4460,85126,2193,94
1753038100,54,4375,85087,2191,95
1753038401,33,4348,85033,2188,94
1753038701,23,4334,84977,2187,94
1753039001,17,4271,84964,2184,95
1753039302,17,4296,84995,2183,94
1753039602,11,4330,85028,2180,96
1753039902,9,4340,85002,2178,93
1753040202,11,4360,85046,2177,94
1753040503,8,4389,85052,2173,95
1753040803,13,4385,84999,2171,95
1753041103,14,4368,85096,2169,95
1753041404,13,4481,85048,2166,95
1753041704,16,4408,85024,2164,96
1753042004,12,4484,85129,2162,96
1753042305,13,4537,85131,2160,94
1753042605,12,4456,85132,2158,94
1753042905,9,4841,85233,2156,93
1753043205,12,4449,85183,2154,93
1753043506,13,4565,85122,2152,95
1753043806,10,4484,85065,2151,93
1753044106,14,4475,85098,2149,95
1753044407,7,4463,85197,2148,93
1753044707,11,4505,85161,2148,95
1753045007,14,4351,85034,2147,94
1753045308,10,4443,85200,2146,95
1753045608,10,4556,85166,2145,93
1753045908,13,4329,85185,2144,95
1753046208,10,4385,85035,2143,96
1753046509,13,4363,85046,2143,94
1753046809,10,4317,85120,2142,95
1753047109,14,4298,85151,2141,93
1753047410,11,4279,85099,2140,96
1753047710,16,4232,85099,2139,93
1753048010,15,4251,85038,2138,96
1753048311,18,4166,85058,2137,93
1753048611,14,4231,84951,2136,95
1753048911,20,4183,84945,2135,95
1753049211,12,4223,84952,2134,93
1753049512,15,4151,84913,2132,95
1753049812,12,4178,84936,2131,93
1753050112,19,4201,84965,2129,94
1753050413,12,4185,84896,2128,95
1753050713,18,4237,85022,2127,93
1753051013,14,4231,84942,2126,95
1753051313,21,4222,85014,2125,95
1753051614,16,4212,84970,2124,95
1753051914,13,4164,84883,2123,95
1753052214,17,4239,84893,2122,93
1753052515,22,4207,84982,2120,93
1753052815,14,4218,84898,2120,95
1753053115,14,4170,84895,2119,94
1753053416,11,4198,84865,2117,93
1753053716,13,4182,84939,2117,92
1753054016,18,4118,84809,2116,95
1753054316,15,4162,84895,2115,94
1753054617,17,4116,84910,2115,95
1753054917,12,4116,84938,2114,94
1753055217,13,4138,84934,2113,95
1753055518,19,4085,85064,2113,94
1753055818,13,4129,84969,2112,94
1753056118,21,4157,84940,2110,96
1753056419,22,4171,84916,2110,95
1753056719,13,4168,84889,2109,95
1753057019,12,4201,84942,2108,95
1753057319,22,4198,84936,2108,93
1753057620,8,4277,84870,2107,95
1753057920,14,4433,84951,2106,95
1753058220,10,4539,84830,2105,96
1753058521,16,4297,84910,2104,95
1753058821,12,4521,84789,2103,95
1753059121,13,4972,84900,2103,95
1753059422,15,4192,84904,2102,95
1753059722,16,4213,84888,2101,95
1753060022,10,4587,84889,2099,95
1753060322,19,4645,84932,2098,95
1753060623,18,4241,84936,2098,95
1753060923,11,4264,85116,2096,93
1753061223,11,4266,85006,2095,95
1753061524,12,4294,85027,2094,93
1753061824,14,4251,84969,2093,93
1753062124,9,4274,85061,2092,96
1753062425,13,4276,85113,2091,93
1753062725,8,4391,85006,2092,94
1753063025,13,4238,84962,2091,96
1753063325,6,4259,84933,2091,93
1753063626,13,4357,84907,2091,93
1753063926,8,4298,84859,2090,96
1753064226,17,4216,84943,2090,96
1753064527,13,4235,84870,2090,96
1753064827,12,4198,84883,2090,93
1753065127,9,4752,84783,2089,95
1753065427,16,4371,84822,2089,93
1753065728,17,4204,84813,2088,93
1753066028,24,4269,84839,2088,93
1753066328,6,4260,84978,2087,96
1753066629,10,4259,84872,2087,96
1753066929,15,4195,84880,2086,95
1753067229,12,4189,84878,2084,96
1753067530,22,4152,84858,2084,95
1753067830,10,4201,84857,2083,94
1753068130,12,4340,84809,2082,96
1753068430,9,4438,84870,2082,95
1753068731,16,4290,84870,2081,95
1753069031,12,4295,84933,2080,95
1753069331,16,4213,84864,2079,95
1753069632,22,4106,84832,2079,95
1753069932,7,4090,84923,2078,94
1753070232,8,4075,84897,2077,93
1753070533,14,4255,84924,2076,93
1753070833,18,4119,84941,2075,93
1753071133,17,4202,84962,2075,95
1753071433,10,4168,84881,2075,95
1753071734,16,4116,84924,2075,95
1753072034,16,4137,84924,2075,95
1753072334,11,4218,84917,2075,95
1753072635,13,4074,85025,2075,93
1753072935,12,4052,84931,2076,94
1753073235,13,4070,84981,2076,93
1753073536,15,4105,84952,2076,95
1753073836,15,4285,84975,2075,95
1753074136,21,4112,84915,2075,95
1753074436,26,4047,84984,2074,94
1753074737,55,4060,85093,2074,95
1753075037,156,4052,85087,2073,94
1753075337,214,4073,84995,2072,94
1753075638,389,4047,84993,2072,92
1753075938,575,4070,85057,2071,93
1753076238,843,4158,85091,2071,95
1753076539,1253,4045,85075,2071,93
1753076839,1444,4081,85070,2071,94
1753077139,1996,4082,84971,2071,95
1753077439,1960,4172,84989,2071,96
1753077740,2317,4080,84984,2072,94
1753078040,2807,4017,85033,2072,95
1753078340,3298,4082,84969,2073,94
1753078641,3783,3988,85118,2074,95
1753078941,4654,3990,85003,2075,94
1753079241,4378,4056,85032,2076,96
1753079541,4418,4082,84999,2078,94
1753079842,5092,4084,85024,2080,94
1753080142,5841,4058,85081,2081,93
1753080442,6719,4016,85055,2084,94
1753080743,6693,4031,85010,2087,94
1753081043,8026,4025,84967,2090,93
1753081343,8029,4008,84992,2092,94
1753081644,9639,4018,85050,2096,95
1753081944,10193,4042,85011,2099,93
1753082244,9257,4150,85034,2102,96
1753082544,7322,4322,84987,2104,93
1753082845,9675,4074,84982,2107,93
1753083145,8060,6028,84983,2109,93
1753083445,13061,4057,85098,2112,96
1753083746,16212,4115,84952,2117,95
1753084046,20735,4067,84954,2123,94
1753084346,19777,4062,84935,2132,93
1753084647,24185,4091,85043,2142,94
1753084947,22920,3994,84999,2152,96
1753085247,21587,4096,85089,2161,95
1753085547,19144,4041,85033,2171,96
1753085848,19158,4043,85001,2179,96
1753086148,19609,4111,84987,2181,95
1753086448,23061,4044,85125,2182,96
1753086749,21669,4110,85068,2184,94
1753087049,24365,4024,85109,2184,95
1753087349,19555,4058,85042,2186,95
1753087650,23425,4058,85199,2191,95
1753087950,21617,4018,85130,2197,96
1753088250,23825,3976,85180,2203,94
1753088550,22352,4003,85203,2208,96
1753088851,22227,4015,85133,2210,96
1753089151,21830,3965,85189,2213,96
1753089451,26593,3996,85080,2217,96
1753089752,24888,4007,85120,2224,94
1753090052,25428,3992,85166,2230,94
1753090352,26134,3985,85179,2236,94
1753090653,27685,4044,85177,2241,94
1753090953,26870,4154,85165,2246,96
1753091253,30241,4009,85124,2252,94
1753091553,24790,4044,85059,2255,95
1753091854,32463,4108,85076,2259,94
1753092154,29629,4054,85014,2261,94
1753092454,25793,4064,85009,2264,96
1753092755,24487,4158,84981,2267,96
1753093055,34248,4121,84966,2273,95
1753093355,30682,6510,84883,2282,96
1753093656,42336,4075,84948,2294,97
1753093956,29759,4039,84970,2305,96
1753094256,35505,4045,84965,2316,96
1753094556,33902,3991,84883,2325,94
1753094857,36789,4061,84927,2334,95
1753095157,37894,4272,84834,2341,95
1753095457,37371,4105,84883,2349,96
1753095758,46328,4608,84879,2359,95
1753096058,47252,4003,84863,2375,95
1753096358,34147,4046,84922,2385,95
1753096659,36565,6190,84858,2380,95
1753096959,29454,4966,84829,2372,95
1753097259,41116,10177,84888,2361,96
1753097559,24612,9131,84918,2348,96
1753097860,16837,7658,84932,2337,96
1753098160,11718,7361,84968,2327,95
1753098460,9852,8279,84952,2316,95
1753098761,30417,10911,84669,2327,94
1753099061,2755,6102,85252,2333,96
1753099361,63,10478,85256,2302,95
1753099662,11133,6174,84968,2297,96
1753099962,41379,10693,84668,2301,95
1753100262,55303,12214,84605,2347,97
1753100562,60837,20355,84573,2419,96
1753100863,52938,10427,84663,2398,96
1753101163,32137,5890,84772,2373,96
1753101463,34734,4944,84774,2356,95
1753101764,35255,5858,84741,2344,95
1753102064,34649,4957,84730,2337,95
1753102364,30273,5043,84738,2335,95
1753102665,38369,5109,84773,2334,96
1753102965,44278,10220,84647,2336,96
1753103265,35496,6445,84734,2337,95
1753103565,28744,4534,84720,2332,95
1753103866,30950,5699,84711,2327,96
1753104166,36442,7663,84668,2324,95
1753104466,301,10068,84989,2310,95
1753104767,3621,6284,84989,2301,96
1753105067,10358,5796,84704,2290,96
1753105367,10597,5058,84832,2284,96
1753105668,9683,4745,84961,2279,96
1753105968,17891,7658,84848,2279,96
1753106268,19589,4383,84864,2281,94
1753106568,22295,4389,84835,2284,94
1753106869,23878,4341,84796,2287,95
1753107169,21022,6163,84783,2290,95
1753107469,24209,4254,84866,2291,95
1753107770,25654,4187,84856,2292,94
1753108070,36346,4230,84744,2296,95
1753108370,25831,4202,84797,2304,95
1753108670,28311,4087,85043,2313,94
1753108971,21140,4093,85174,2316,96
1753109271,17886,4102,85021,2316,96
1753109571,21084,4161,85022,2316,96
1753109872,20663,4323,85107,2317,96
1753110172,46794,4322,84962,2326,96
1753110472,20865,4559,84896,2335,94
1753110773,16259,4435,84888,2335,96
1753111073,14140,4469,84993,2330,94
1753111373,11506,4454,84984,2325,96
1753111673,9973,4312,84980,2320,96
1753111974,8623,4313,84974,2313,97
1753112274,6443,4312,85048,2304,96
1753112574,6429,4358,84974,2293,95
1753112875,7580,4302,84888,2287,95
1753113175,8675,4205,84871,2281,96
1753113475,10009,4217,84824,2277,96
1753113776,9400,4289,84815,2273,96
1753114076,10053,4375,84768,2271,94
1753114376,8856,4530,84816,2267,94
1753114676,9230,4479,84791,2264,94
1753114977,7079,4509,84840,2261,94
1753115277,5766,4517,84791,2258,94
1753115577,6940,4393,84813,2254,94
1753115878,6162,5518,84808,2250,95
1753116178,5620,4559,84740,2247,96
1753116478,5427,4899,84734,2244,95
1753116779,8053,4253,84773,2242,94
1753117079,6121,5725,84756,2240,95
1753117379,6165,4368,84790,2238,94
1753117679,7717,4200,84767,2236,94
1753117980,7513,4153,84773,2234,94
1753118280,7395,4106,84768,2232,94
1753118580,6369,4105,84798,2229,94
1753118881,6646,4112,84787,2226,94
1753119181,5777,4129,84806,2223,94
1753119481,3911,4139,84841,2220,95
1753119782,5817,5199,84741,2217,95
1753120082,3630,4649,84775,2214,95
1753120382,2738,4805,84714,2211,94
1753120682,2415,6305,84707,2208,96
1753120983,2544,4342,84717,2205,94
1753121283,2701,4123,84738,2202,96
1753121583,2473,4164,84793,2199,94
1753121884,1342,6453,84756,2195,96
1753122184,1789,4071,84850,2192,96
1753122484,1657,4162,84789,2189,94
1753122785,1779,4134,84856,2185,94
1753123085,1377,4326,84798,2182,94
1753123385,2117,7555,84765,2179,96
1753123685,1041,5274,84804,2176,95
1753123986,536,4616,84831,2172,96
1753124286,312,4780,84793,2169,95
1753124586,119,4057,84829,2165,95
1753124887,50,4137,84833,2162,96
1753125187,60,4129,84834,2160,95
1753125487,16,4173,84869,2157,96
1753125788,14,4182,84787,2154,96
1753126088,14,4100,84884,2151,93
1753126388,9,4188,84788,2149,96
1753126688,14,4169,84832,2146,93
1753126989,9,4368,84815,2144,93
1753127289,30,5865,84788,2142,93
1753127589,25,6767,84808,2139,96
1753127890,25,4602,84820,2136,96
1753128190,6,4454,84822,2134,96
1753128490,28,6849,84832,2132,96
1753128791,15,3976,84875,2131,93
1753129091,44,8878,84852,2129,93
1753129391,12,10839,84881,2127,93
1753129691,11,3964,84874,2126,94
1753129992,19,4004,84898,2124,94
1753130292,13,4437,84849,2123,93
1753130592,21,3995,84885,2121,96
1753130893,15,5359,84792,2120,96
1753131193,13,4135,84810,2119,95
1753131493,39,3922,84795,2117,94
1753131793,15,4478,84784,2116,96
1753132094,8,6170,84800,2114,96
1753132394,11,4650,84873,2114,96
1753132694,25,7411,84797,2114,93
1753132995,8,4721,84864,2113,95
1753133295,10,8900,84819,2113,95
1753133595,15,4746,84848,2113,96
1753133896,12,8960,84818,2113,95
1753134196,21,7872,84810,2111,95
1753134496,27,9069,84854,2110,95
1753134796,13,5364,84856,2109,93
1753135097,30,8491,84809,2109,96
1753135397,7,9251,84783,2108,95
1753135697,37,8543,84777,2108,96
1753135998,24,9507,84755,2108,95
1753136298,17,9253,84800,2108,94
1753136598,10,9221,84805,2107,93
1753136899,12,8976,84775,2107,94
1753137199,27,8103,84790,2107,93
1753137499,39,8569,84822,2107,96
1753137799,8,9089,84870,2106,96
1753138100,14,6906,84839,2106,93
1753138400,25,5781,84843,2106,93
1753138700,7,8771,84813,2106,96
1753139001,6,10200,84808,2106,96
1753139301,7,6616,84869,2105,96
1753139601,37,8424,84814,2105,93
1753139902,25,8127,84740,2104,96
1753140202,31,9062,84835,2104,96
1753140502,42,9756,84804,2104,96
1753140802,14,8522,84892,2103,95
1753141103,20,9257,84876,2103,94
1753141403,34,8895,84860,2102,96
1753141703,7,13253,84897,2101,96
1753142004,8,8446,84816,2101,96
1753142304,27,6532,84868,2101,96
1753142604,21,7497,84835,2100,96
1753142905,24,5916,84838,2100,96
1753143205,36,7362,84849,2100,93
1753143505,11,8825,84845,2099,95
1753143805,8,4925,84866,2098,96
1753144106,13,4340,84872,2097,95
1753144406,18,5824,84823,2096,96
1753144706,13,7964,84848,2095,93
1753145007,9,9862,84827,2094,95
1753145307,11,8935,84818,2092,93
1753145607,7,7444,84781,2092,96
1753145907,15,8223,84805,2091,96
1753146208,8,8942,84816,2090,93
1753146508,11,7305,84757,2089,96
1753146808,38,9121,84781,2088,95
1753147109,33,8386,84800,2087,96
1753147409,10,5273,84827,2087,96
1753147709,17,8148,84811,2086,93
1753148010,13,5391,84790,2085,93
1753148310,14,8819,84761,2084,94
1753148610,10,4514,84776,2083,96
1753148910,22,6805,84772,2082,95
1753149211,15,8074,84750,2081,93
1753149511,35,9119,84731,2081,96
1753149811,22,7976,84763,2080,94
1753150112,15,6293,84763,2079,93
1753150412,14,7462,84797,2078,93
1753150712,23,8831,84760,2078,95
1753151013,38,8574,84723,2077,96
1753151313,38,6900,84737,2076,93
1753151613,22,6163,84848,2076,96
1753151913,43,7515,84723,2075,95
1753152214,14,9020,84756,2074,95
1753152514,11,8470,84744,2074,95
1753152814,46,7081,84800,2073,94
1753153115,23,8296,84748,2073,95
1753153415,9,6221,84708,2073,92
1753153715,20,8681,84746,2073,95
1753154016,37,7141,84716,2073,93
1753154316,25,8396,84799,2073,94
1753154616,25,8817,84747,2073,95
1753154916,29,7494,84793,2073,93
1753155217,29,8561,84794,2073,95
1753155517,23,7071,84778,2073,92
1753155817,10,4883,84791,2073,94
1753156118,36,8601,84764,2074,93
1753156418,37,9011,84761,2073,95
1753156718,20,5956,84801,2073,95
1753157019,13,5112,84820,2073,93
1753157319,10,4330,84830,2074,93
1753157619,11,5068,84771,2073,92
1753157919,15,9379,84814,2073,94
1753158220,19,6793,84798,2073,93
1753158520,11,9312,84811,2073,95
1753158820,20,7189,84823,2073,93
1753159121,18,6538,84824,2073,95
1753159421,27,6673,84817,2073,94
1753159721,29,6008,84819,2072,93
1753160021,10,5767,84831,2072,93
1753160322,16,5241,84790,2072,94
1753160622,13,5171,84846,2072,95
1753160922,48,8333,84833,2072,93
1753161223,66,8775,84819,2072,94
1753161523,52,7798,84848,2072,94
1753161823,119,10588,84783,2072,95
1753162124,234,7257,84800,2072,93
1753162424,401,8528,84840,2073,96
1753162724,541,6239,84859,2073,93
1753163024,385,7565,84855,2073,93
1753163325,323,6631,84856,2073,92
1753163625,399,8701,84823,2074,96
1753163925,355,8813,84844,2074,95
1753164226,284,7034,84883,2074,95
1753164526,446,4519,84859,2074,93
1753164826,492,9240,84765,2074,94
1753165127,560,5473,84846,2074,94
1753165427,720,9275,84829,2073,95
1753165727,562,4737,84905,2073,93
1753166027,480,6042,84842,2072,93
1753166328,925,9284,84893,2071,94
1753166628,540,4076,84958,2070,95
1753166928,651,4272,84945,2068,95
1753167229,1493,4789,84935,2068,95
1753167529,2378,5641,84937,2069,94
1753167829,1752,6145,84955,2069,93
1753168130,1999,4658,84982,2071,93
1753168430,3775,4361,84970,2071,95
1753168730,3331,4273,85007,2072,93
1753169030,3555,5598,84999,2072,95
1753169331,4014,4269,85018,2073,95
1753169631,5808,11656,84942,2075,94
1753169931,6486,4403,84983,2077,94
1753170232,7908,4449,84942,2080,94
1753170532,9279,4482,84980,2084,95
1753170832,10916,5984,84926,2088,94
1753171133,12647,7225,84958,2093,93
1753171433,14121,4492,85002,2098,95
1753171733,14315,4403,84948,2104,96
1753172033,14889,7777,84954,2110,93
1753172334,14723,5094,84937,2116,96
1753172634,19348,7093,84964,2123,93
1753172934,22401,8926,84915,2133,96
1753173235,15444,4170,84955,2141,96
1753173535,24733,4567,84973,2154,95
1753173835,27557,5761,84962,2176,95
1753174136,35127,7340,84928,2202,96
1753174436,20138,4493,84996,2227,95
1753174736,42064,6821,84923,2250,96
1753175036,29928,7248,84932,2269,94
1753175337,33572,7879,84924,2285,95
1753175637,27808,11502,84926,2295,96
1753175937,18905,4349,84947,2305,96
1753176238,26695,8042,84919,2314,96
1753176538,20222,9647,84930,2324,94
1753176838,13357,4965,84940,2336,96
1753177139,22650,8686,84890,2350,94
1753177439,15193,7406,84912,2359,94
1753177739,16574,8047,84938,2356,96
1753178039,18673,7789,84921,2354,96
1753178340,11448,6952,84956,2363,94
1753178640,11632,6325,84929,2371,95
1753178940,9089,4532,84902,2381,94
1753179241,13646,8496,84907,2389,94
1753179541,12432,9843,84904,2392,94
1753179841,16268,8885,84912,2401,94
1753180141,15004,7436,84915,2413,94
1753180442,16293,6132,84911,2423,94
1753180742,19851,7410,84942,2436,94
1753181042,24677,7313,84896,2448,94
1753181343,29651,8306,84906,2463,94
1753181643,27272,8625,84880,2475,95
1753181943,39779,8007,84932,2490,96
1753182244,37813,8914,84918,2504,96
1753182544,41483,7879,84890,2510,96
1753182844,48271,8726,84891,2511,96
1753183144,51303,12732,84855,2507,95
1753183445,44271,8521,84866,2507,95
1753183745,55559,8008,84846,2505,94
1753184045,55515,9350,84867,2526,95
1753184346,44199,9247,84827,2545,95
1753184646,37127,9140,84827,2559,95
1753184946,41767,8265,84835,2562,95
1753185247,54471,5693,84832,2561,96
1753185547,39766,8608,84795,2570,95
1753185847,35568,8034,84846,2584,96
1753186147,40588,7758,84816,2597,96
1753186448,47345,8550,84815,2594,96
1753186748,65535,8618,84809,2585,96
1753187048,42162,8528,84808,2580,95
1753187349,49515,7961,84801,2580,96
1753187649,28150,8227,84763,2538,95
1753187949,29045,6092,84806,2489,96
1753188250,43938,8061,84761,2459,95
1753188550,65535,8480,84753,2446,95
1753188850,65535,7523,84742,2447,95
1753189150,65535,7736,84719,2450,95
1753189451,65535,9448,84715,2475,95
1753189751,65535,9580,84727,2496,96
1753190051,65535,8501,84708,2520,95
1753190352,65535,9508,84690,2556,96
1753190652,65535,9236,84688,2585,96
1753190952,65535,8999,84712,2600,95
1753191253,65535,8898,84711,2615,96
1753191553,65535,7698,84695,2622,96
1753191853,65535,7760,84672,2625,97
1753192153,65535,8531,84653,2626,95
1753192454,65535,9140,84647,2624,95
1753192754,65535,9185,84621,2632,96
1753193054,65535,6886,84652,2644,95
1753193355,58715,10457,84684,2654,95
1753193655,65535,8248,84635,2663,95
1753193955,65535,8447,84655,2669,95
1753194256,65535,7259,84620,2650,96
1753194556,65535,8457,84618,2606,95
1753194856,65535,9725,84643,2609,95
1753195156,42714,9291,84637,2628,95
1753195457,54388,8897,84642,2611,95
1753195757,58665,9633,84627,2571,96
1753196057,60274,8460,84613,2539,96
1753196358,53108,7713,84631,2522,96
1753196658,37081,7896,84623,2501,96
1753196958,65535,6322,84654,2477,96
1753197259,32411,7155,84615,2460,95
1753197559,53370,7108,84596,2438,95
1753197859,54402,9031,84634,2434,96
1753198159,31898,6709,84649,2420,96
1753198460,41670,9006,84666,2408,96
1753198760,16537,5713,84640,2402,95
1753199060,24620,5518,84685,2395,96
1753199361,16680,7714,84663,2392,96
1753199661,30266,9163,84615,2391,95
1753199961,32141,8327,84620,2387,94
1753200262,31848,9177,84578,2383,94
1753200562,38200,8415,84540,2381,96
1753200862,38219,8499,84591,2380,96
1753201162,39594,9128,84528,2380,94
1753201463,31884,7455,84525,2381,94
1753201763,41819,8104,84570,2380,94
1753202063,41669,9357,84554,2382,94
1753202364,34319,9228,84531,2386,96
1753202664,35652,8481,84559,2390,96
1753202964,35491,8842,84550,2392,96
1753203265,33925,9646,84543,2395,94
1753203565,30891,9371,84551,2389,94
1753203865,28786,8669,84535,2380,94
1753204165,24220,10105,84513,2368,96
1753204466,25233,9291,84558,2359,94
1753204766,23726,9046,84561,2354,94
1753205066,25179,8745,84560,2351,94
1753205367,25413,9035,84574,2344,94
1753205667,24034,9113,84550,2337,94
1753205967,23363,9781,84586,2331,94
1753206268,19608,9127,84573,2326,95
1753206568,14594,8570,84603,2320,94
1753206868,13384,9773,84606,2313,94
1753207168,12522,9218,84624,2306,94
1753207469,10108,8803,84653,2297,96
1753207769,9530,8374,84633,2288,94
1753208069,5886,8785,84601,2280,96
1753208370,3835,7024,84644,2274,94
1753208670,2981,7791,84638,2265,94
1753208970,2403,7463,84680,2258,96
1753209271,2728,8025,84635,2253,94
1753209571,1931,8283,84632,2248,95
1753209871,1567,9338,84629,2242,95
1753210171,1136,6900,84667,2236,96
1753210472,687,7426,84645,2230,96
1753210772,456,10070,84669,2225,96
1753211072,241,9102,84702,2222,96
1753211373,99,8917,84676,2218,96
1753211673,48,8703,84685,2216,96
1753211973,48,9830,84681,2213,96
1753212274,31,6390,84732,2209,96
1753212574,38,9546,84720,2206,96
1753212874,29,9406,84717,2203,94
1753213174,19,9579,84709,2200,94
1753213475,26,8381,84715,2197,94
1753213775,38,5955,84775,2195,94
1753214075,35,8678,84743,2192,94
1753214376,26,7625,84756,2190,94
1753214676,29,7232,84762,2188,95
1753214976,21,8486,84761,2185,94
1753215277,23,8216,84746,2182,95
1753215577,9,5538,84800,2180,94
1753215877,27,8072,84762,2178,96
1753216177,36,8769,84739,2176,95
1753216478,28,7801,84734,2173,96
1753216778,38,7898,84732,2171,95
1753217078,40,8620,84768,2169,95
1753217379,21,9733,84778,2166,94
1753217679,24,7362,84811,2164,94
1753217979,27,9153,84792,2162,96
1753218280,25,10174,84753,2160,96
1753218580,34,8118,84813,2158,95
1753218880,22,9504,84762,2156,94
1753219180,24,9626,84802,2154,95
1753219481,34,9422,84787,2152,94
1753219781,22,9387,84840,2149,94
1753220081,33,9511,84790,2148,94
1753220382,18,9434,84818,2147,96
1753220682,30,9197,84814,2145,94
1753220982,19,8208,84839,2142,95
1753221282,19,7812,84816,2141,96
1753221583,26,9246,84828,2139,95
1753221883,30,9450,84795,2137,94
1753222183,41,7452,84836,2136,95
1753222484,39,7842,84811,2135,96
1753222784,33,9294,84828,2133,95
1753223084,36,8914,84783,2132,94
1753223385,20,7199,84883,2130,94
1753223685,37,9091,84836,2130,95
1753223985,27,8866,84846,2129,94
1753224285,39,8245,84843,2128,94
1753224586,35,7569,84824,2126,95
1753224886,32,7434,84826,2125,94
1753225186,26,7787,84812,2123,96
1753225487,33,9469,84806,2122,95
1753225787,23,9170,84838,2120,94
1753226087,34,8336,84822,2119,95
1753226388,28,7597,84813,2117,94
1753226688,28,9193,84821,2117,95
1753226988,22,9535,84820,2117,95
1753227288,25,8528,84833,2116,94
1753227589,37,8676,84807,2116,96
1753227889,22,9012,84786,2115,94
1753228189,35,9424,84814,2115,94
1753228490,18,9366,84791,2114,96
1753228790,22,9713,84783,2115,94
1753229090,26,7991,84779,2115,95
1753229391,35,9119,84755,2115,95
1753229691,37,9344,84762,2114,94
1753229991,32,9281,84767,2113,96
1753230291,38,9270,84741,2112,94
1753230592,29,9922,84739,2112,94
1753230892,18,9380,84764,2112,94
1753231192,39,9269,84803,2112,94
1753231493,38,7750,84778,2112,95
1753231793,20,8603,84821,2112,95
1753232093,26,8910,84761,2111,94
1753232394,21,9929,84738,2111,94
1753232694,36,7146,84758,2111,95
1753232994,29,9189,84757,2110,95
1753233294,22,10154,84723,2111,94
1753233595,38,9556,84760,2110,94
1753233895,36,9137,84710,2110,95
1753234195,38,8928,84775,2110,94
1753234496,36,9372,84718,2110,95
1753234796,25,9501,84736,2110,95
1753235096,21,8957,84748,2109,95
1753235397,19,8084,84763,2109,96
1753235697,37,9240,84728,2108,94
1753235997,28,8434,84731,2107,94
1753236297,29,7539,84769,2106,94
1753236598,31,8766,84778,2105,95
1753236898,28,8813,84737,2104,94
1753237198,31,9414,84735,2103,94
1753237499,38,9454,84757,2102,96
1753237799,26,9640,84701,2102,94
1753238099,32,8812,84770,2101,95
1753238399,20,8785,84757,2100,96
1753238700,22,10159,84743,2099,96
1753239000,25,9033,84743,2097,96
1753239300,39,8390,84705,2096,96
1753239601,37,9564,84695,2094,96
1753239901,21,9302,84719,2093,96
1753240201,28,9591,84694,2091,96
1753240502,24,8233,84710,2090,96
1753240802,24,8895,84719,2089,94
1753241102,22,8328,84712,2088,93
1753241402,31,9583,84697,2087,94
1753241703,29,7705,84714,2086,94
1753242003,24,8277,84707,2085,96
1753242303,23,8960,84723,2084,96
1753242604,37,8545,84698,2084,96
1753242904,32,8943,84674,2083,94
1753243204,17,8230,84699,2083,95
1753243505,37,8485,84719,2082,93
1753243805,18,9486,84673,2081,94
1753244105,33,9127,84668,2081,95
1753244405,19,9418,84685,2080,96
1753244706,22,8752,84685,2080,96
1753245006,22,9009,84697,2080,96
1753245306,32,8181,84707,2080,96
1753245607,37,9478,84691,2081,95
1753245907,28,7491,84694,2081,93
1753246207,27,7870,84675,2081,93
1753246508,32,9266,84694,2080,96
1753246808,22,8761,84692,2080,96
1753247108,34,7487,84715,2079,93
1753247408,73,9951,84693,2078,93
1753247709,110,8148,84716,2077,93
1753248009,207,9547,84701,2076,93
1753248309,421,8890,84689,2076,96
1753248610,648,9358,84713,2076,93
1753248910,975,9544,84687,2076,93
1753249210,1237,8133,84692,2076,93
1753249511,1432,7626,84755,2076,93
1753249811,2168,8959,84699,2076,93
1753250111,2707,9547,84736,2077,93
1753250411,3197,8315,84739,2078,96
1753250712,2819,9834,84705,2079,94
1753251012,2267,9012,84720,2080,93
1753251312,2403,9089,84750,2081,95
1753251613,1757,6672,84792,2082,94
1753251913,3461,8856,84733,2083,94
1753252213,4703,9398,84749,2084,92
1753252514,6215,8603,84767,2087,95
1753252814,8552,9806,84787,2090,93
1753253114,9608,7328,84748,2092,92
1753253414,12925,9371,84751,2096,92
1753253715,14041,7866,84767,2099,92
1753254015,15818,10054,84733,2103,94
1753254315,17365,9167,84740,2108,93
1753254616,19727,7165,84740,2113,93
1753254916,23531,9375,84771,2119,93
1753255216,27612,9754,84816,2128,93
1753255516,30465,10793,84599,2146,94
1753255817,28082,10841,84596,2183,95
1753256117,24726,19846,84594,2209,92
1753256417,22318,19873,84604,2217,96
1753256718,21217,19838,84600,2220,94
1753257018,20342,19884,84592,2221,93
1753257318,20522,19857,84592,2220,95
1753257619,21646,19852,84589,2220,96
1753257919,26597,19844,84580,2230,95
1753258219,28543,19859,84567,2230,94
1753258519,29318,19863,84572,2241,95
1753258820,30154,19857,84566,2254,94
1753259120,27422,19858,84560,2264,95
1753259420,29336,19856,84554,2264,94
1753259721,29775,19866,84551,2280,94
1753260021,28234,19865,84547,2280,94
1753260321,27114,19854,84548,2285,96
1753260622,26448,13968,84550,2291,96
1753260922,23200,14091,84543,2286,96
1753261222,21466,15011,84547,2274,94
1753261522,18317,19928,84540,2269,96
1753261823,15962,19930,84528,2260,96
1753262123,14388,19927,84528,2254,96
1753262423,12948,19981,84523,2248,96
1753262724,19344,19968,84512,2259,96
1753263024,16561,19982,84513,2274,96
1753263324,21685,19965,84521,2284,94
1753263625,20099,19960,84523,2298,96
1753263925,24808,19926,84518,2314,96
1753264225,22483,19920,84513,2322,96
1753264525,23469,19922,84511,2316,95
1753264826,23308,19937,84514,2345,94
1753265126,23186,19847,84502,2357,94
1753265426,20194,19837,84493,2370,96
1753265727,21670,19915,84493,2368,94
1753266027,21301,19924,84497,2354,96
1753266327,21166,19928,84486,2376,94
1753266628,21538,19913,84484,2395,96
1753266928,22687,19941,84484,2417,95
1753267228,25539,19928,84487,2429,94
1753267528,28406,19929,84474,2451,96
1753267829,31420,19921,84466,2494,96
1753268129,35043,19934,84461,2516,96
1753268429,37001,19942,84460,2570,95
1753268730,39259,19940,84466,2587,95
1753269030,26406,19928,84459,2610,95
1753269330,25900,19938,84453,2570,95
1753269631,36414,19942,84461,2549,95
1753269931,31327,19931,84469,2603,95
1753270231,28245,19936,84459,2618,96
1753270531,27074,19932,84462,2605,95
1753270832,25410,19938,84463,2541,95
1753271132,37474,19886,84458,2534,95
1753271432,31759,19941,84450,2622,95
1753271733,30931,19938,84444,2668,95
1753272033,31616,19937,84438,2716,96
1753272333,32587,19936,84425,2725,95
1753272634,38143,19943,84435,2758,95
1753272934,26320,19939,84426,2786,93
1753273234,19301,19957,84435,2695,95
1753273534,15400,19960,84439,2621,98
1753273835,18441,19981,84430,2574,98
1753274135,28637,19950,84434,2630,97
1753274435,38443,19960,84422,2641,97
1753274736,65535,19926,84407,2660,97
1753275036,65535,19926,84408,2793,95
1753275336,26124,19323,84401,2779,95
1753275637,18893,19997,84415,2706,95
1753275937,16030,19985,84418,2654,96
1753276237,23711,11751,84418,2602,97
1753276537,27231,13978,84411,2566,96
1753276838,26440,20577,84406,2523,95
1753277138,24941,20140,84414,2495,95
1753277438,27462,20168,84402,2495,96
1753277739,23498,20151,84379,2493,96
1753278039,26717,20146,84375,2491,95
1753278339,28320,20157,84380,2465,95
1753278640,26653,20164,84387,2454,96
1753278940,34135,20166,84363,2478,95
1753279240,34922,20166,84342,2510,95
1753279540,30959,20167,84355,2511,95
1753279841,24311,20172,84363,2499,95
1753280141,23304,19875,84370,2493,95
1753280441,25676,19880,84365,2491,95
1753280742,26753,19963,84361,2492,95
1753281042,33096,19766,84335,2497,96
1753281342,20737,19971,84348,2499,95
1753281643,21562,20000,84349,2484,95
1753281943,25249,20195,84341,2483,96
1753282243,30170,20182,84350,2486,95
1753282543,36169,20197,84345,2503,94
1753282844,47141,20205,84353,2520,96
1753283144,53271,20202,84356,2545,96
1753283444,46451,20195,84360,2555,96
1753283745,42033,20196,84359,2560,95
1753284045,36435,20197,84366,2553,95
1753284345,35546,20201,84350,2544,95
1753284646,38068,20201,84334,2537,95
1753284946,51096,20205,84333,2534,95
1753285246,40186,20207,84333,2556,95
1753285546,29136,20197,84319,2548,95
1753285847,21194,20231,84311,2514,96
1753286147,17299,20226,84304,2483,96
1753286447,22609,20222,84273,2452,96
1753286748,20843,20223,84281,2435,96
1753287048,25631,20239,84269,2422,95
1753287348,31949,20252,84254,2424,95
1753287649,26570,20235,84262,2415,94
1753287949,26979,20245,84298,2408,94
1753288249,26420,20243,84292,2413,94
1753288549,23741,20240,84291,2404,94
1753288850,23078,20241,84292,2402,95
1753289150,24437,20241,84294,2392,95
1753289450,25635,20248,84300,2391,94
1753289751,52976,20229,84301,2440,96
1753290051,35685,20237,84308,2477,96
1753290351,38562,20242,84308,2481,94
1753290652,39212,20240,84306,2490,94
1753290952,33979,20239,84303,2481,96
1753291252,26588,20237,84301,2473,96
1753291552,29802,20234,84301,2470,96
1753291853,25419,20238,84303,2470,94
1753292153,24106,20241,84294,2471,94
1753292453,19754,20252,84285,2472,96
1753292754,14207,20249,84283,2457,94
1753293054,10241,20245,84296,2439,96
1753293354,7848,20250,84289,2424,94
1753293655,7433,19476,84302,2404,94
1753293955,8758,18755,84317,2393,94
1753294255,10014,19527,84322,2378,94
1753294555,6976,19531,84317,2370,94
1753294856,5430,19533,84321,2367,94
1753295156,4450,19510,84324,2360,94
1753295456,3309,19488,84342,2354,96
1753295757,2573,19527,84357,2344,94
1753296057,1826,20310,84370,2336,94
1753296357,1383,20322,84357,2330,95
1753296658,1011,20301,84344,2324,96
1753296958,595,20147,84345,2317,94
1753297258,338,19853,84354,2308,94
1753297558,186,19449,84357,2301,94
1753297859,85,18467,84359,2294,96
1753298159,53,16237,84364,2288,94
1753298459,54,18053,84358,2281,96
1753298760,51,17776,84375,2268,96
1753299060,31,14815,84382,2264,96
1753299360,38,15261,84400,2259,96
1753299661,49,14463,84416,2255,96
1753299961,34,14373,84423,2251,95
1753300261,40,12290,84440,2246,95
1753300562,43,12321,84460,2242,95
1753300862,36,12339,84462,2240,96
1753301162,42,12243,84450,2237,95
1753301462,26,12319,84470,2236,95
1753301763,22,12485,84484,2233,95
1753302063,41,12483,84484,2232,93
1753302363,36,10754,84500,2229,95
1753302664,28,10820,84496,2226,95
1753302964,37,10840,84505,2223,95
1753303264,26,10829,84521,2222,95
1753303565,35,10838,84519,2222,95
1753303865,24,10832,84521,2221,96
1753304165,28,10910,84523,2220,96
1753304465,37,10944,84546,2221,95
1753304766,35,11293,84560,2221,96
1753305066,31,13913,84569,2219,96
1753305366,21,10830,84582,2210,96
1753305667,24,10520,84577,2210,96
1753305967,26,10721,84570,2223,95
1753306267,43,11499,84630,2229,93
1753306568,33,10575,84695,2229,95
1753306868,25,10168,84746,2227,95
1753307168,31,10155,84711,2229,95
1753307468,23,8079,84695,2228,95
1753307769,34,10709,84649,2226,93
1753308069,43,11394,84620,2222,92
1753308369,31,10574,84641,2218,95
1753308670,28,11019,84677,2215,95
1753308970,38,11084,84678,2212,93
1753309270,36,10897,84682,2208,93
1753309571,39,10897,84693,2205,95
1753309871,38,11003,84688,2201,94
1753310171,38,11011,84689,2197,95
1753310471,27,10967,84697,2194,95
1753310772,36,11018,84699,2191,95
1753311072,38,11018,84705,2189,94
1753311372,21,11032,84695,2188,95
1753311673,35,11010,84695,2188,93
1753311973,37,11008,84700,2187,95
1753312273,32,11003,84688,2186,94
1753312574,38,11006,84688,2186,93
1753312874,32,11025,84686,2187,94
1753313174,22,10808,84681,2187,95
1753313474,25,10841,84683,2188,93
1753313775,35,10895,84675,2189,93
1753314075,18,10890,84659,2190,92
1753314375,31,10903,84657,2190,93
1753314676,31,11151,84652,2188,95
1753314976,35,11097,84649,2186,93
1753315276,26,11044,84646,2185,94
1753315577,37,11048,84641,2184,95
1753315877,38,11064,84649,2182,95
1753316177,20,11065,84641,2181,95
1753316477,37,11062,84645,2179,95
1753316778,26,11056,84636,2177,95
1753317078,39,11056,84632,2175,95
1753317378,30,11076,84634,2174,95
1753317679,31,11078,84632,2174,94
1753317979,19,11287,84627,2173,94
1753318279,39,11320,84616,2172,95
1753318580,38,11292,84617,2171,94
1753318880,22,11298,84603,2170,94
1753319180,32,11220,84592,2168,93
1753319480,34,11220,84588,2167,95
1753319781,37,11227,84577,2165,93
1753320081,24,11223,84567,2163,93
1753320381,41,11220,84569,2161,96
1753320682,38,11514,84558,2159,96
1753320982,27,11392,84560,2157,95
1753321282,40,11403,84547,2154,93
1753321583,24,11754,84546,2151,95
1753321883,31,11714,84538,2148,93
1753322183,32,11714,84540,2146,95
1753322483,40,11606,84526,2143,96
1753322784,30,11586,84517,2143,93
1753323084,37,11552,84513,2142,95
1753323384,26,11438,84505,2139,93
1753323685,27,11427,84499,2137,95
1753323985,39,11464,84505,2135,93
1753324285,28,11474,84498,2133,95
1753324586,21,11468,84483,2132,93
1753324886,38,11469,84478,2131,92
1753325186,35,11464,84471,2128,92
1753325486,23,11464,84472,2126,95
1753325787,39,11443,84484,2125,94
1753326087,41,11454,84459,2123,92
1753326387,32,11447,84463,2121,94
1753326688,28,11454,84462,2120,92
1753326988,34,11433,84457,2117,93
1753327288,42,11381,84457,2115,94
1753327589,28,11426,84440,2112,94
1753327889,36,11427,84457,2110,93
1753328189,29,10570,84458,2112,94
1753328489,41,10694,84461,2111,92
1753328790,28,10785,84451,2110,94
1753329090,33,10813,84462,2108,94
1753329390,34,10841,84459,2107,94
1753329691,20,10832,84454,2102,94
1753329991,31,10794,84444,2103,93
1753330291,40,10775,84457,2107,93
1753330592,37,10736,84450,2108,93
1753330892,35,10700,84461,2108,94
1753331192,35,10700,84445,2106,93
1753331492,18,10705,84443,2103,94
1753331793,21,10736,84442,2102,94
1753332093,20,10707,84456,2101,94
1753332393,35,10731,84454,2102,94
1753332694,37,10744,84461,2104,94
1753332994,26,10742,84463,2103,94
1753333294,45,10732,84451,2103,94
1753333595,53,10738,84471,2103,94
1753333895,86,10749,84468,2105,94
1753334195,137,10759,84462,2105,94
1753334495,291,10759,84460,2106,94
1753334796,511,10760,84482,2105,94
1753335096,739,10759,84482,2103,94
1753335396,970,10777,84472,2105,94
1753335697,1208,10831,84473,2108,94
1753335997,1749,10845,84488,2110,94
1753336297,2387,10824,84475,2112,94
1753336598,3748,10953,84485,2110,94
1753336898,4886,10934,84483,2114,94
1753337198,4726,10960,84483,2116,94
1753337498,4925,10961,84497,2117,94
1753337799,5547,10841,84491,2117,94
1753338099,7540,10909,84499,2116,93
1753338399,7360,10955,84497,2117,93
1753338700,7787,10929,84501,2116,93
1753339000,8511,10839,84500,2119,94
1753339300,10139,10909,84497,2118,93
1753339601,11986,10976,84503,2120,94
1753339901,13707,11022,84512,2128,93
1753340201,14077,11129,84520,2142,94
1753340501,12089,11202,84524,2152,94
1753340802,10848,10656,84537,2155,94
1753341102,12577,11335,84543,2147,94
1753341402,15472,19538,84540,2150,94
1753341703,17118,20167,84550,2168,93
1753342003,14270,20267,84566,2182,93
1753342303,13820,20295,84554,2188,94
1753342604,17699,20303,84567,2193,94
1753342904,13384,20298,84569,2204,93
1753343204,14349,20288,84565,2206,95
1753343504,16608,20315,84563,2208,94
1753343805,17285,20289,84559,2210,95
1753344105,17565,20278,84560,2211,94
1753344405,17959,20257,84565,2218,95
1753344706,17013,20306,84556,2228,95
1753345006,16083,20282,84566,2237,96
1753345306,15788,20265,84574,2246,96
1753345607,15863,20253,84565,2247,95
1753345907,16492,20252,84558,2250,96
1753346207,17170,20263,84556,2262,95
1753346507,17870,20270,84566,2280,94
1753346808,19614,20224,84563,2284,94
1753347108,19553,20222,84563,2290,96
1753347408,20022,20106,84574,2305,95
1753347709,20584,17286,84567,2320,96
1753348009,20248,17401,84581,2327,96
1753348309,19771,17426,84559,2336,96
1753348610,20638,17463,84566,2352,95
1753348910,21356,17573,84567,2357,96
1753349210,21020,18811,84569,2360,94
1753349510,20646,20491,84569,2367,96
1753349811,18236,20550,84564,2366,96
1753350111,21456,20547,84568,2363,95
1753350411,18219,20555,84566,2373,95
1753350712,15759,20563,84573,2391,96
1753351012,16664,20530,84574,2399,96
1753351312,17402,20572,84575,2412,96
1753351613,17634,20617,84551,2417,95
1753351913,19238,20593,84549,2414,95
1753352213,20404,20597,84549,2418,96
1753352513,22388,20603,84555,2426,96
1753352814,21200,20547,84562,2450,96
1753353114,21881,20569,84541,2460,95
1753353414,22904,20546,84553,2477,96
1753353715,27423,20549,84558,2480,96
1753354015,30175,20608,84533,2508,95
1753354315,30587,20603,84553,2539,95
1753354616,17782,20623,84546,2524,96
1753354916,31662,20601,84543,2491,95
1753355216,16832,20627,84536,2501,96
1753355516,35811,19721,84527,2486,95
1753355817,36617,19815,84541,2510,95
1753356117,29126,20635,84538,2570,96
1753356417,43541,20639,84545,2578,95
1753356718,33936,20659,84547,2623,96
1753357018,32137,20653,84546,2615,95
1753357318,48021,20645,84543,2615,95
1753357619,21224,20651,84534,2609,95
1753357919,23911,20638,84536,2585,95
1753358219,20934,20656,84534,2570,95
1753358519,29753,20677,84529,2543,96
1753358820,40147,20661,84529,2577,96
1753359120,24726,20662,84519,2575,93
1753359420,33614,20683,84512,2546,95
1753359721,33166,18932,84504,2537,96
1753360021,37885,20722,84500,2567,96
1753360321,41067,20727,84500,2580,96
1753360622,65535,20705,84491,2625,96
1753360922,65535,20707,84477,2676,97
1753361222,65535,20685,84476,2727,95
1753361522,65535,20669,84457,2773,95
1753361823,65535,20665,84466,2760,93
1753362123,65535,20668,84460,2800,95
1753362423,65535,20679,84437,2786,96
1753362724,65535,20691,84432,2775,96
1753363024,65535,20708,84418,2751,96
1753363324,65535,20695,84435,2738,95
1753363625,65535,20699,84426,2739,95
1753363925,65535,20693,84420,2738,95
1753364225,65535,20465,84412,2766,96
1753364526,65535,20682,84405,2789,95
1753364826,65535,20677,84407,2836,95
1753365126,65535,20650,84403,2848,95
1753365426,65535,20611,84381,2881,95
1753365727,65535,20594,84383,2949,97
1753366027,48623,20681,84366,2951,96
1753366327,65535,20690,84347,2831,97
1753366628,65535,20644,84355,2829,96
1753366928,65535,20555,84332,2922,96
1753367228,65535,20580,84329,3017,98
1753367529,65535,20649,84305,2956,96
1753367829,48191,20688,84285,2852,98
1753368129,65535,20652,84302,2839,98
1753368429,30636,20704,84299,2802,98
1753368730,22863,20730,84297,2718,96
1753369030,22936,20736,84298,2668,95
1753369330,15044,20749,84299,2630,95
1753369631,13956,20759,84310,2602,95
1753369931,15593,20776,84288,2580,95
1753370231,14385,20694,84294,2568,96
1753370532,12879,20769,84290,2561,97
1753370832,5786,20778,84320,2546,96
1753371132,8928,10606,84359,2487,97
1753371433,15765,10795,84349,2450,93
1753371733,17269,10707,84383,2454,96
1753372033,14932,11190,84350,2461,96
1753372333,14123,12042,84337,2462,96
1753372634,15921,12074,84323,2462,96
1753372934,19153,12385,84316,2446,95
1753373234,17129,21779,84298,2431,95
1753373535,22062,21762,84276,2421,95
1753373835,27251,21748,84293,2440,96
1753374135,28118,21983,84312,2446,96
1753374436,28134,21622,84266,2451,94
1753374736,28139,21935,84256,2445,94
1753375036,24488,21985,84271,2441,95
1753375336,20795,21986,84269,2453,96
1753375637,10464,21997,84287,2454,96
1753375937,8686,22030,84260,2444,96
1753376237,8558,21993,84280,2435,96
1753376538,3397,23648,84305,2422,96
1753376838,4015,19954,84292,2411,96
1753377138,3363,17948,84295,2399,94
1753377439,3792,11210,84317,2388,94
1753377739,4731,11036,84335,2391,94
1753378039,5823,11190,84319,2385,95
1753378339,6258,11579,84327,2376,96
1753378640,6989,11360,84305,2365,95
1753378940,7650,11016,84316,2363,96
1753379240,7821,11265,84326,2361,93
1753379541,8036,11509,84323,2353,94
1753379841,7983,11240,84315,2350,95
1753380141,6336,11056,84322,2353,94
1753380442,6129,11234,84315,2353,94
1753380742,6426,11269,84370,2352,94
1753381042,6238,11129,84393,2348,95
1753381342,5761,11183,84389,2351,95
1753381643,5024,11314,84413,2353,95
1753381943,3821,11488,84431,2349,94
1753382243,2917,11711,84439,2346,95
1753382544,2118,11257,84422,2343,95
1753382844,1374,11018,84456,2338,94
1753383144,8,13254,84984,2318,95
1753383445,9,9520,84899,2304,94
1753383745,7,9084,84865,2297,95
1753384045,11,9138,84808,2290,95
1753384345,10,8321,84756,2285,95
1753384646,9,8782,84731,2279,93
1753384946,5,7643,84857,2275,95
1753385246,9,8065,84737,2270,93
1753385547,12,6068,84673,2265,94
1753385847,9,7139,84746,2260,95
1753386147,8,5863,84796,2255,94
1753386448,10,5677,84813,2250,95
1753386748,9,5799,84851,2246,93
1753387048,12,5760,84811,2245,96
1753387348,10,6336,84808,2242,95
1753387649,9,5629,84896,2238,93
1753387949,14,5439,84811,2236,94
1753388249,13,5102,84850,2232,93
1753388550,10,4884,84923,2229,95
1753388850,13,4911,84853,2226,93
1753389150,12,4758,84876,2223,95
1753389451,15,4819,84876,2220,94
1753389751,12,4806,84879,2218,93
1753390051,13,4847,84830,2215,92
1753390351,15,4613,84918,2212,94
1753390652,13,4821,84910,2209,93
1753390952,16,4618,84957,2206,93
1753391252,22,4655,84853,2205,94
1753391553,8,4677,84925,2203,94
1753391853,11,4597,84890,2200,94
1753392153,16,4665,84926,2198,94
1753392454,14,4683,84917,2196,94
1753392754,22,5540,84920,2194,93
1753393054,19,4568,84974,2192,93
1753393354,13,4579,84932,2189,95
1753393655,6,4523,84977,2188,95
1753393955,13,4512,84984,2186,94
1753394255,10,4485,85033,2185,95
1753394556,12,4391,85027,2183,94
1753394856,16,4372,84953,2181,93
1753395156,17,4372,84987,2179,95
1753395457,20,5021,84912,2177,94
1753395757,17,4317,84997,2175,93
1753396057,16,4329,84930,2173,94
1753396357,14,4526,84965,2170,93
1753396658,11,4306,84974,2168,94
1753396958,14,4317,84982,2165,93
1753397258,14,4325,84928,2163,94
1753397559,19,4301,85006,2161,92
1753397859,12,4263,84994,2159,92
1753398159,10,4255,85001,2157,93
1753398460,19,4476,84999,2156,94
1753398760,14,4220,84996,2156,94
1753399060,25,8194,84928,2155,93
1753399360,10,4381,84971,2155,95
1753399661,9,4177,84937,2153,94
1753399961,9,4339,84963,2152,94
1753400261,16,4221,84986,2150,94
1753400562,56,5461,84969,2148,94
1753400862,14,4146,84942,2146,94
1753401162,11,4260,84918,2145,93
1753401463,27,4372,84934,2143,93
1753401763,17,4106,84942,2141,93
1753402063,29,4116,84931,2139,93
1753402363,20,4103,84975,2138,93
1753402664,12,4117,84951,2137,93
1753402964,12,4127,85013,2136,93
1753403264,19,4290,84963,2135,93
1753403565,18,4112,84982,2134,93
1753403865,16,4090,84960,2133,93
1753404165,11,4064,84915,2132,93
1753404466,16,4062,84949,2132,93
1753404766,9,4078,84924,2131,93
1753405066,22,4439,84887,2130,93
1753405366,6,4070,84931,2129,94
1753405667,11,4053,84956,2128,94
1753405967,13,4028,84973,2127,93
1753406267,21,4087,84896,2126,94
1753406568,17,4100,84925,2126,93
1753406868,14,4348,84872,2126,94
1753407168,11,4090,84869,2125,94
1753407469,13,4051,84977,2124,94
1753407769,12,4105,84927,2124,94
1753408069,10,4047,84896,2123,93
1753408369,26,4058,84979,2123,94
1753408670,12,4164,84896,2124,94
1753408970,15,4136,84868,2123,93
1753409270,14,4410,84872,2123,95
1753409571,14,4104,84876,2123,95
1753409871,12,4065,84933,2121,94
1753410171,22,4146,84867,2120,93
1753410472,11,4094,84862,2118,96
1753410772,10,4050,84852,2116,96
1753411072,16,4085,84853,2114,96
1753411372,15,4053,84820,2112,95
1753411673,17,4055,84861,2111,96
1753411973,14,4095,84841,2109,96
1753412273,13,4028,84827,2108,96
1753412574,12,4111,84815,2107,96
1753412874,11,4029,84815,2106,96
1753413174,8,4017,84819,2106,96
1753413475,8,4058,84804,2105,94
1753413775,10,4044,84826,2104,96
1753414075,16,4033,84783,2103,96
1753414375,22,4016,84796,2103,96
1753414676,16,4106,84760,2103,94
1753414976,7,4122,84789,2103,94
1753415276,9,4001,84807,2103,94
1753415577,9,4012,84822,2101,96
1753415877,18,3989,84841,2100,94
1753416177,18,3988,84840,2099,94
1753416478,10,4001,84811,2098,95
1753416778,13,3985,84800,2096,96
1753417078,13,3971,84834,2095,94
1753417378,18,4050,84825,2095,96
1753417679,13,3976,84828,2093,96
1753417979,10,3961,84833,2092,94
1753418279,9,3975,84834,2091,96
1753418580,8,3976,84828,2090,96
1753418880,13,3974,84846,2089,96
1753419180,9,3968,84877,2088,95
1753419481,15,4188,84814,2088,94
1753419781,24,4088,84849,2087,94
1753420081,31,3956,84866,2086,96
1753420381,58,3977,84871,2086,95
1753420682,95,3990,84860,2086,96
1753420982,255,4036,84874,2086,95
1753421282,293,4219,84861,2086,95
1753421583,857,4035,84847,2086,96
1753421883,935,3956,84857,2086,96
1753422183,1459,4416,84830,2087,94
1753422484,1458,3967,84881,2087,95
1753422784,1561,3948,84880,2088,96
1753423084,1562,3961,84890,2089,96
1753423384,2675,3952,84849,2090,94
1753423685,1874,3962,84844,2092,96
1753423985,3324,4033,84823,2093,94
1753424285,2341,3956,84862,2093,94
1753424586,2737,3956,84846,2094,94
1753424886,2739,3968,84847,2094,95
1753425186,2811,3962,84889,2093,94
1753425487,3242,3988,84842,2093,95
1753425787,4725,4159,84803,2094,95
1753426087,2986,3992,84817,2095,94
1753426387,2903,3976,84851,2095,95
1753426688,2647,3978,84835,2095,95
1753426988,3534,4099,84839,2097,94
1753427288,3454,3952,84863,2098,94
1753427589,3381,3965,84833,2100,94
1753427889,5274,6553,84842,2103,94
1753428189,5199,4343,84837,2107,95
1753428490,6283,3998,84876,2112,94
1753428790,9175,4001,84890,2118,94
1753429090,10410,5731,84812,2126,96
1753429390,9554,4012,84857,2135,94
1753429691,8300,4001,84885,2145,94
1753429991,8798,4014,84876,2156,94
1753430291,10300,3976,84878,2167,94
1753430592,7444,3966,84907,2178,94
1753430892,11028,3981,84903,2187,94
1753431192,6200,4056,84855,2194,94
1753431493,9496,4193,84871,2198,96
1753431793,8192,3982,84871,2200,96
1753432093,8004,4038,84895,2203,95
1753432393,8173,3992,84934,2212,95
1753432694,11116,4051,84906,2221,95
1753432994,9442,3983,84911,2228,95
1753433294,17477,4160,84901,2237,96
1753433595,10698,3978,84908,2248,95
1753433895,15127,4029,84902,2258,95
1753434195,21252,4383,84887,2269,95
1753434496,12719,3995,84997,2283,95
1753434796,20503,4058,84924,2300,95
1753435096,12715,4028,84911,2315,96
1753435396,15095,4037,84947,2324,95
1753435697,26117,5670,84854,2331,95
1753435997,45988,12418,84703,2360,95
1753436297,31742,21026,84718,2366,96
1753436598,34499,21016,84758,2388,96
1753436898,45392,11717,84785,2404,96
1753437198,40249,11261,84833,2396,96
1753437499,7724,11421,84708,2394,96
1753437799,2755,23920,84680,2493,96
