If found, please contact tlang@live.unc.edu
Firmware updated: 2025/07/20
OpenOBS SN:455

time,ambient_light,backscatter,pressure,water_temp,battery
1753438433,2406,33467,84672,2813,152
1753438733,10804,21176,84697,3001,135
1753439033,17173,54167,84692,2887,115
1753439334,3531,18399,84696,2746,116
1753439634,1960,21239,84697,2652,115
1753439935,2076,21273,84688,2605,117
1753440235,1950,21298,84696,2598,117
1753440535,1766,21278,84678,2584,117
1753440836,9871,20863,84678,2577,116
1753441136,9897,20871,84692,2671,116
1753441437,14325,20872,84672,2770,116
1753441737,21029,10671,84734,2934,116
1753442038,34060,4074,87278,2422,117
1753442338,41510,4070,86989,2419,116
1753442638,54745,4061,86772,2432,116
1753442939,32557,4050,86758,2441,116
1753443239,60343,4052,86851,2452,116
1753443540,62589,4052,86858,2480,116
1753443840,63059,4047,86969,2507,116
1753444140,64141,4036,86571,2528,116
1753444441,48774,4041,86828,2529,115
1753444741,43590,4029,86729,2522,116
1753445042,43105,4029,86721,2515,116
1753445342,20283,4016,86645,2498,116
1753445642,20124,4013,86906,2471,116
1753445943,19018,4017,86781,2450,116
1753446243,17240,4013,86701,2435,116
1753446544,17495,4013,86676,2421,116
1753446844,11270,4013,86801,2410,116
1753447144,2067,4478,86833,2393,115
1753447445,6,11148,87053,2416,116
1753447745,5,16310,86810,2426,116
1753448046,5,23020,86940,2417,116
1753448346,6,18049,86982,2408,116
1753448646,6,39724,86824,2405,116
1753448947,9,12916,86807,2422,116
1753449247,7,11649,86834,2458,116
1753449548,6,25525,86808,2484,116
1753449848,10,6331,86775,2490,116
1753450148,12,6595,86815,2515,116
1753450449,30,6333,86785,2537,116
1753450749,27,6304,86787,2533,115
1753451050,51,6449,86732,2539,116
1753451350,82,6273,86693,2540,116
1753451651,141,6269,86778,2555,115
1753451951,186,6352,86585,2572,115
1753452251,200,6696,86645,2586,116
1753452552,112,7343,86585,2587,115
1753452852,315,7360,86647,2589,116
1753453153,388,11594,86760,2602,113
1753453453,445,11700,86760,2587,115
1753453753,56,11718,86623,2581,115
1753454054,44,11759,86770,2566,115
1753454354,119,11761,86592,2558,116
1753454655,43,11716,86729,2551,114
1753454955,19,11743,86613,2533,115
1753455255,17,11430,86713,2515,114
1753455556,13,11442,86571,2498,116
1753455856,11,11686,86653,2485,114
1753456157,12,11605,86656,2475,116
1753456457,13,11591,86651,2467,116
1753456757,13,11780,86534,2460,116
1753457058,14,11699,86528,2452,116
1753457358,16,11759,86590,2444,114
1753457659,20,11751,86571,2439,116
1753457959,31,11733,86555,2435,111
1753458259,103,11698,86513,2444,116
1753458560,105,11733,86490,2462,114
1753458860,98,11684,86474,2479,116
1753459161,141,11798,86507,2480,114
1753459461,267,11811,86538,2475,113
1753459761,263,11766,86509,2475,114
1753460062,122,10764,86497,2479,116
1753460362,141,10620,86512,2479,116
1753460663,144,10890,86453,2485,114
1753460963,448,6073,86477,2481,114
1753461263,369,6146,86524,2471,111
1753461564,413,6592,86495,2461,114
1753461864,85,6274,86506,2455,116
1753462165,40,6530,86509,2452,111
1753462465,66,6321,86447,2447,115
1753462766,71,6816,86510,2440,115
1753463066,26,6968,86435,2428,114
1753463366,32,6167,86457,2417,114
1753463667,16,6921,86486,2407,114
1753463967,14,7683,86495,2399,115
1753464268,18,6473,86478,2391,114
1753464568,25,6830,86449,2383,113
1753464868,23,6449,86453,2375,114
1753465169,31,6413,86424,2365,114
1753465469,46,6115,86523,2355,114
1753465770,6,6714,86534,2347,114
1753466070,6,6872,86450,2353,114
1753466370,5,6901,86614,2350,113
1753466671,6,14045,87048,2344,114
1753466971,5,27001,88147,2331,113
1753467272,5,29929,88063,2331,111
1753467572,5,31432,88261,2329,114
1753467872,5,34378,88359,2323,111
1753468173,5,37401,87982,2318,111
1753468473,5,37283,87144,2316,111
1753468774,5,33743,87132,2309,114
1753469074,5,31980,87092,2303,111
1753469374,5,27358,87197,2296,113
1753469675,5,26091,87047,2291,111
1753469975,5,24061,86859,2288,111
1753470276,5,22949,87130,2280,113
1753470576,5,21289,86729,2274,113
1753470876,6,19997,87570,2269,111
1753471177,5,18435,87752,2264,114
1753471477,5,17329,87958,2260,114
1753471778,5,16431,88120,2258,114
1753472078,4,20725,88235,2253,113
1753472378,5,16569,88301,2250,114
1753472679,4,13396,88063,2245,113
1753472979,5,13244,88083,2242,114
1753473280,5,18701,88412,2238,113
1753473580,4,12761,87425,2236,113
1753473881,5,11696,86872,2231,115
1753474181,5,19080,88101,2228,111
1753474481,5,11416,88061,2225,113
1753474782,5,10953,87868,2222,113
1753475082,4,10889,87694,2220,111
1753475383,6,9987,86721,2219,113
1753475683,4,9805,87760,2215,112
1753475983,4,9803,87876,2212,112
1753476284,4,10439,87593,2211,113
1753476584,5,9381,87040,2210,113
1753476885,4,8985,87287,2210,112
1753477185,4,9218,87383,2207,113
1753477485,5,8922,86997,2205,113
1753477786,5,8639,86290,2201,113
1753478086,4,8504,87441,2199,111
1753478387,4,9713,87571,2197,113
1753478687,4,32462,87835,2196,113
1753478987,5,23528,87669,2194,113
1753479288,4,22235,87762,2192,113
1753479588,5,8208,87597,2190,111
1753479889,5,22219,87405,2190,113
1753480189,5,10599,87180,2189,112
1753480489,5,7615,87209,2187,111
1753480790,3,7273,87347,2185,111
1753481090,4,7245,87081,2184,111
1753481391,4,6912,87306,2183,115
1753481691,5,7014,87361,2183,112
1753481991,4,7012,87449,2182,113
1753482292,4,7138,87277,2182,115
1753482592,4,6720,86797,2183,114
1753482893,5,6707,87239,2179,115
1753483193,4,6781,87286,2176,113
1753483493,5,6602,87247,2175,114
1753483794,4,6686,87201,2175,111
1753484094,5,6735,87298,2173,112
1753484395,5,6608,87346,2171,113
1753484695,5,6572,87439,2171,111
1753484995,4,6599,87270,2170,111
1753485296,4,6554,87120,2171,111
1753485596,4,6562,87061,2168,112
1753485897,4,6501,86907,2166,114
1753486197,5,6422,86922,2166,112
1753486498,5,6748,86841,2165,112
1753486798,5,6741,86921,2164,113
1753487098,5,6669,87030,2163,115
1753487399,5,6618,87056,2161,113
1753487699,4,6608,86915,2161,113
1753488000,5,6528,87131,2160,111
1753488300,4,6558,86893,2159,112
1753488600,4,16250,86899,2158,114
1753488901,5,6636,86975,2157,111
1753489201,5,6634,86896,2159,111
1753489502,5,6376,86719,2160,112
1753489802,4,6570,86663,2159,113
1753490102,5,6353,86868,2156,115
1753490403,5,6366,86878,2155,113
1753490703,5,6434,86730,2154,112
1753491004,4,6378,86793,2152,111
1753491304,5,6502,86930,2151,111
1753491604,4,6407,86870,2151,112
1753491905,5,6409,86896,2150,112
1753492205,5,6529,86821,2149,111
1753492506,4,6544,86838,2149,112
1753492806,5,6450,86828,2147,111
1753493106,5,6373,86809,2147,112
1753493407,5,6370,86847,2147,111
1753493707,5,6305,86554,2146,114
1753494008,5,10930,87033,2144,115
1753494308,5,20042,86960,2143,112
1753494608,5,6227,86607,2144,113
1753494909,4,6239,86700,2145,112
1753495209,5,13645,86858,2140,112
1753495510,4,6216,86826,2140,113
1753495810,4,6365,87016,2139,112
1753496110,4,7200,86938,2139,114
1753496411,4,7253,86770,2142,112
1753496711,4,6251,86740,2139,113
1753497012,5,6293,86782,2138,112
1753497312,5,6268,86815,2139,112
1753497612,5,6128,86836,2137,112
1753497913,5,6205,86821,2138,113
1753498213,4,6109,86764,2137,112
1753498514,5,6067,86720,2135,111
1753498814,4,6261,86675,2136,112
1753499115,5,6092,86762,2136,112
1753499415,5,6249,86793,2134,111
1753499715,4,6001,86567,2133,111
1753500016,5,6049,86748,2132,111
1753500316,5,6083,86594,2133,111
1753500617,4,6144,86823,2133,111
1753500917,5,6180,86704,2131,113
1753501217,5,6111,86729,2130,111
1753501518,5,6094,86721,2128,111
1753501818,5,6068,86641,2128,114
1753502119,5,6119,86626,2127,111
1753502419,4,6036,86572,2125,114
1753502719,4,6311,86744,2125,111
1753503020,4,6101,86706,2123,111
1753503320,5,6192,86743,2122,115
1753503621,5,6091,86646,2122,111
1753503921,4,6141,86789,2121,114
1753504221,5,6129,86704,2122,114
1753504522,5,6068,86527,2122,111
1753504822,4,6064,86721,2121,111
1753505123,5,6084,86576,2120,111
1753505423,5,6078,86581,2118,112
1753505723,4,6144,86537,2119,111
1753506024,4,6158,86519,2121,111
1753506324,5,6062,86534,2119,111
1753506625,5,6127,86663,2117,113
1753506925,7,6027,86522,2116,114
1753507225,10,6001,86456,2115,113
1753507526,18,5921,86472,2116,114
1753507826,39,5977,86558,2116,113
1753508127,81,5943,86535,2116,114
1753508427,151,5924,86474,2116,114
1753508727,201,5959,86499,2115,113
1753509028,308,5917,86454,2116,113
1753509328,349,5967,86514,2117,113
1753509629,394,5974,86526,2118,114
1753509929,510,5909,86607,2119,114
1753510229,518,5944,86505,2120,111
1753510530,490,5937,86635,2121,111
1753510830,579,5970,86675,2122,111
1753511131,809,5899,86581,2125,114
1753511431,731,5908,86677,2129,113
1753511732,879,5912,86794,2132,113
1753512032,1031,5895,86620,2134,113
1753512332,1256,5887,86616,2137,111
1753512633,1599,5910,86609,2140,114
1753512933,1318,5924,86749,2144,113
1753513234,627,6443,86760,2149,113
1753513534,822,5860,86750,2152,114
1753513834,837,5861,86826,2157,114
1753514135,1087,5886,86708,2154,113
1753514435,1347,5898,86708,2156,111
1753514736,1113,5945,86686,2157,113
1753515036,1407,5845,86696,2160,114
1753515336,1166,5840,86672,2163,113
1753515637,977,5949,86711,2163,113
1753515937,984,5993,86634,2165,113
1753516238,1085,7379,86664,2166,113
1753516538,1116,5899,86800,2169,113
1753516838,694,6093,86748,2176,113
1753517139,326,6009,86770,2189,113
1753517439,230,6275,86859,2196,113
1753517740,436,6047,86849,2203,113
1753518040,210,6355,86681,2204,113
1753518340,824,6143,86741,2205,113
1753518641,1108,5879,86644,2209,113
1753518941,1430,5956,86657,2211,113
1753519242,1823,5859,86747,2214,113
1753519542,1717,5838,86611,2214,113
1753519842,1894,5830,86751,2213,112
1753520143,1701,5842,86657,2213,113
1753520443,1464,5863,86781,2212,113
1753520744,2463,5856,86839,2210,112
1753521044,2188,5878,86916,2214,113
1753521344,1879,5870,86935,2215,113
1753521645,1604,5892,86830,2217,113
1753521945,2070,6260,86752,2217,112
1753522246,2602,5930,86823,2219,113
1753522546,2248,6108,86772,2220,112
1753522846,4300,5799,86691,2223,113
1753523147,4837,5945,86637,2226,113
1753523447,4749,5823,86868,2240,112
1753523748,4044,5887,86791,2249,113
1753524048,4246,6009,86796,2249,113
1753524349,5508,5737,86814,2261,113
1753524649,4447,5890,86663,2271,113
1753524949,3050,5817,86729,2278,112
1753525250,6117,5807,86808,2283,112
1753525550,4725,5792,86801,2291,111
1753525851,7523,5851,86637,2293,112
1753526151,10291,5819,86625,2309,113
1753526451,12665,5854,86788,2344,112
1753526752,7662,5833,86773,2379,112
1753527052,3662,6001,86751,2376,112
1753527353,4602,5805,86687,2389,112
1753527653,7217,5944,86633,2373,112
1753527953,4903,7902,86684,2363,111
1753528254,18924,5773,86776,2371,113
1753528554,6042,6035,86734,2361,113
1753528855,4516,5788,86676,2366,112
1753529155,5097,5825,86649,2368,112
1753529455,7165,5826,86682,2368,112
1753529756,3827,6178,86597,2351,112
1753530056,2949,5890,86734,2357,113
1753530357,6793,5847,86708,2345,111
1753530657,16360,5796,86638,2343,111
1753530957,11077,5789,86634,2353,113
1753531258,6033,6398,86716,2354,112
1753531558,8621,5879,86658,2370,113
1753531859,4242,5856,86692,2374,111
1753532159,1863,6701,86582,2371,112
1753532459,3300,5798,86610,2376,112
1753532760,3060,5838,86606,2374,113
1753533060,4591,5744,86542,2355,112
1753533361,9726,5781,86550,2352,112
1753533661,24184,5983,86620,2344,112
1753533962,7747,11815,86677,2359,113
1753534262,6648,6056,86596,2381,111
1753534562,4805,5835,86773,2409,113
1753534863,4401,5783,86392,2394,112
1753535163,5415,6101,86584,2392,113
1753535464,8331,6007,86446,2390,111
1753535764,6971,5889,86619,2392,112
1753536064,20205,5788,86640,2385,111
1753536365,3274,5763,86506,2364,113
1753536665,2004,6874,86390,2361,112
1753536966,17707,5758,86607,2381,112
1753537266,12690,8424,86529,2386,111
1753537566,12076,5753,86541,2397,113
1753537867,32315,5759,86646,2372,112
1753538167,23698,5711,86626,2392,112
1753538468,16287,5730,86616,2399,112
1753538768,3301,5913,86578,2404,112
1753539068,5359,5869,86666,2408,111
1753539369,4787,6056,86744,2404,112
1753539669,2348,7221,86653,2399,112
1753539970,1520,9353,86592,2376,112
1753540270,3279,5959,86611,2375,112
1753540570,4602,5921,86659,2378,112
1753540871,9754,6460,86542,2375,112
1753541171,2118,7207,86690,2381,112
1753541472,4140,6459,86593,2387,111
1753541772,5519,6110,86709,2391,112
1753542072,9076,6776,86623,2396,112
1753542373,14859,5743,86551,2401,112
1753542673,7827,7015,86420,2397,113
1753542974,17789,6167,86511,2396,112
1753543274,18538,6060,86315,2393,112
1753543574,14789,5903,86533,2470,112
1753543875,12674,5834,86501,2460,111
1753544175,6990,5797,86392,2432,112
1753544476,7259,5955,86553,2450,112
1753544776,12315,6873,86364,2445,112
1753545077,12490,5823,86427,2452,112
1753545377,18,18343,86498,2451,113
1753545677,52,19518,86556,2439,112
1753545978,996,14892,86475,2439,112
1753546278,4177,5920,86495,2425,112
1753546579,5177,5831,86518,2418,112
1753546879,3745,5927,86479,2410,112
1753547179,2491,6590,86535,2403,112
1753547480,1905,5815,86436,2387,111
1753547780,1980,5734,86401,2376,112
1753548081,2468,6020,86439,2376,112
1753548381,1894,6145,86450,2365,113
1753548681,2259,5805,86456,2364,113
1753548982,2212,6745,86427,2362,112
1753549282,2311,5749,86441,2356,112
1753549583,3330,5647,86482,2353,112
1753549883,2383,5707,86669,2344,113
1753550183,1374,5765,86547,2338,112
1753550484,294,8560,86525,2338,113
1753550784,1024,6058,86583,2332,112
1753551085,1149,5776,86546,2324,112
1753551385,897,5764,86580,2320,113
1753551685,955,6110,86591,2313,112
1753551986,1082,5813,86593,2308,113
1753552286,1321,5752,86616,2305,113
1753552587,941,5712,86542,2300,112
1753552887,737,5765,86586,2294,112
1753553187,643,5784,86643,2288,112
1753553488,756,5737,86744,2283,112
1753553788,286,11455,86626,2280,111
1753554089,498,5763,86693,2275,113
1753554389,352,5726,86560,2269,111
1753554689,7,16618,86643,2266,112
1753554990,148,5813,86533,2264,112
1753555290,113,5739,86574,2263,112
1753555591,65,5771,86697,2257,112
1753555891,25,5915,86622,2255,111
1753556192,12,5815,86594,2251,111
1753556492,6,5862,86657,2250,111
1753556792,6,6554,86562,2248,112
1753557093,6,5866,86533,2246,112
1753557393,4,5993,86636,2239,111
1753557694,5,38439,86631,2238,111
1753557994,6,8428,86673,2238,113
1753558294,5,6681,86651,2237,113
1753558595,5,6102,86494,2235,113
1753558895,5,6014,86551,2231,111
1753559196,6,5979,86670,2229,113
1753559496,4,5988,86815,2224,113
1753559796,5,5740,86694,2227,113
1753560097,4,5709,86803,2225,113
1753560397,6,5731,86711,2224,111
1753560698,6,5714,86863,2221,111
1753560998,5,5686,86782,2219,111
1753561298,5,5750,86870,2216,111
1753561599,5,16354,86909,2204,113
1753561899,6,5843,86895,2207,113
1753562200,5,11457,86933,2206,113
1753562500,5,5878,86809,2208,113
1753562800,5,5821,86876,2198,112
1753563101,5,7765,86806,2195,113
1753563401,6,9774,86924,2189,113
1753563702,5,7712,86869,2184,113
1753564002,4,5726,86850,2192,113
1753564302,5,5752,86913,2193,113
1753564603,5,5731,86959,2191,113
1753564903,4,5761,86957,2190,113
1753565204,5,10716,86930,2188,112
1753565504,5,5991,86937,2187,111
1753565804,5,10703,86874,2184,112
1753566105,5,15113,86986,2176,113
1753566405,4,6167,86867,2176,111
1753566706,5,5829,86943,2165,111
1753567006,5,5788,86852,2163,112
1753567306,5,9002,86948,2161,111
1753567607,5,5899,86919,2159,113
1753567907,5,5772,86843,2158,112
1753568208,4,6016,87015,2158,113
1753568508,6,5745,86904,2158,112
1753568809,4,5977,86953,2159,113
1753569109,5,15752,87044,2152,112
1753569409,5,12415,87027,2152,112
1753569710,5,5745,86929,2154,113
1753570010,5,15200,86993,2153,112
1753570311,5,5700,86891,2153,113
1753570611,5,5686,86960,2155,113
1753570911,5,6756,86961,2154,113
1753571212,6,5655,86860,2153,111
1753571512,5,6050,86927,2158,113
1753571813,5,5701,86958,2156,111
1753572113,6,5651,86971,2156,111
1753572413,4,6246,86944,2156,111
1753572714,5,5668,86836,2158,113
1753573014,4,5654,86909,2158,111
1753573315,6,5737,86931,2149,113
1753573615,6,5678,86933,2147,113
1753573915,6,7037,86900,2149,113
1753574216,6,6116,86959,2148,111
1753574516,6,5733,86887,2147,112
1753574817,5,5777,86922,2146,112
1753575117,5,5936,86973,2146,112
1753575417,5,6500,86938,2146,112
1753575718,5,6762,86905,2139,113
1753576018,5,6427,86956,2139,112
1753576319,5,7537,86874,2142,112
1753576619,5,5872,86952,2132,111
1753576919,5,5785,86911,2133,113
1753577220,5,6812,86905,2139,111
1753577520,6,5824,86954,2128,111
1753577821,5,7154,86883,2129,111
1753578121,5,6306,86945,2127,112
1753578421,5,7061,86894,2124,111
1753578722,5,5816,86941,2121,113
1753579022,5,6868,86844,2119,112
1753579323,5,5732,86818,2120,111
1753579623,6,5720,86925,2117,111
1753579923,4,5896,86958,2116,113
1753580224,5,5703,86896,2115,111
1753580524,5,5824,86874,2115,111
1753580825,6,5743,86934,2114,111
1753581125,5,6950,86907,2114,112
1753581426,6,7085,86876,2116,112
1753581726,4,5882,86888,2117,111
1753582026,4,5975,86847,2120,112
1753582327,5,8078,86952,2112,111
1753582627,4,31145,86855,2112,113
1753582928,5,7748,86854,2110,111
1753583228,6,5796,86952,2108,113
1753583528,5,8376,86849,2107,112
1753583829,5,5725,86839,2120,111
1753584129,5,6199,86849,2128,111
1753584430,5,5705,86791,2130,113
1753584730,5,6288,86631,2130,111
1753585030,5,5756,86878,2130,111
1753585331,5,5733,86874,2128,111
1753585631,5,5782,86852,2130,112
1753585932,5,6276,86955,2109,112
1753586232,5,6724,86938,2115,111
1753586532,5,5760,86861,2121,111
1753586833,5,5823,86878,2124,110
1753587133,4,5924,86844,2104,111
1753587434,5,6488,86982,2096,112
1753587734,5,7122,86925,2096,111
1753588034,5,7211,86869,2097,111
1753588335,5,7801,86877,2097,111
1753588635,4,5935,86831,2102,113
1753588936,5,6414,86751,2119,110
1753589236,5,5704,86777,2111,111
1753589536,5,5702,86799,2115,111
1753589837,5,5755,86847,2111,112
1753590137,5,5795,86839,2101,110
1753590438,4,5947,86820,2101,111
1753590738,5,5814,86790,2088,112
1753591038,5,13325,86884,2088,110
1753591339,5,5908,86856,2086,112
1753591639,6,9099,86823,2088,112
1753591940,4,5650,86671,2084,112
1753592240,5,14862,86973,2082,111
1753592540,5,6127,87044,2081,111
1753592841,5,12368,86974,2084,110
1753593141,7,9949,86926,2078,111
1753593442,4,16772,86976,2077,110
1753593742,25,5770,86863,2075,111
1753594043,23,10622,87087,2074,110
1753594343,91,5745,87059,2073,111
1753594643,36,6864,87127,2072,111
1753594944,44,7918,87053,2073,110
1753595244,350,6268,86937,2073,110
1753595545,478,6349,86878,2073,110
1753595845,737,5610,86992,2073,111
1753596145,753,5675,86805,2074,111
1753596446,881,5620,86948,2075,111
1753596746,937,5686,86548,2076,111
1753597047,871,8295,86928,2078,111
1753597347,490,10403,86983,2079,110
1753597647,684,7101,86983,2082,110
1753597948,1658,5633,86945,2084,111
1753598248,857,6607,86838,2087,110
1753598549,492,10226,86968,2089,111
1753598849,1474,5674,87087,2091,110
1753599149,1810,5695,86948,2094,111
1753599450,2342,5690,86990,2097,111
1753599750,1242,6333,87093,2099,111
1753600051,1164,16631,87034,2101,110
1753600351,3008,5628,86994,2104,110
1753600651,3254,5646,87035,2106,111
1753600952,46,37614,87028,2109,110
1753601252,2304,7090,87085,2112,110
1753601553,2565,7422,87050,2115,110
1753601853,1780,8961,87095,2119,110
1753602153,1670,9160,87068,2124,110
1753602454,1771,8977,86943,2128,110
1753602754,5546,6141,86842,2133,111
1753603055,5848,5928,86878,2137,111
1753603355,6078,5858,86983,2139,110
1753603655,4909,5993,86897,2141,111
1753603956,7990,5757,86829,2142,111
1753604256,6099,5814,86824,2149,111
1753604557,7010,5820,86920,2156,111
1753604857,7554,5777,86985,2160,111
1753605157,6610,6303,86975,2164,110
1753605458,7442,5901,86923,2167,110
1753605758,8327,6143,86943,2171,111
1753606059,8999,5652,86981,2172,111
1753606359,10127,5652,86974,2174,111
1753606660,4408,5887,86940,2186,110
1753606960,4418,6070,86887,2201,111
1753607260,201,6708,86885,2202,111
1753607561,8,8495,86924,2205,111
1753607861,7,7946,86924,2207,111
1753608162,19,7261,86963,2202,110
1753608462,260,6590,86987,2209,110
1753608762,1216,6225,86891,2216,111
1753609063,2342,6145,86952,2219,111
1753609363,4778,5939,86906,2222,111
1753609664,6694,5891,86906,2225,111
1753609964,2172,15369,86949,2229,111
1753610264,3325,12515,86952,2232,111
1753610565,4245,7473,86924,2235,111
1753610865,4350,7851,86836,2237,110
1753611166,4585,7380,86834,2239,110
1753611466,4846,7398,86843,2239,111
1753611766,5116,7397,86882,2240,109
1753612067,5027,7384,86836,2240,111
1753612367,5118,7476,86804,2244,110
1753612668,4984,7509,86924,2246,111
1753612968,5645,7528,86952,2249,111
1753613268,5675,7450,86907,2253,110
1753613569,6276,7439,86873,2256,109
1753613869,6715,7432,86889,2259,109
1753614170,6347,7507,86913,2263,110
1753614470,7183,7466,86900,2268,111
1753614770,6315,7480,86925,2272,110
1753615071,5747,7477,86881,2272,109
1753615371,5160,7474,86892,2271,109
1753615672,5959,7548,86914,2260,110
1753615972,6553,8956,86820,2274,111
1753616272,6314,7499,86920,2276,111
1753616573,6185,7483,86878,2272,111
1753616873,6307,7488,86816,2260,110
1753617174,6170,7562,86824,2248,110
1753617474,5158,7526,86872,2250,109
1753617775,3147,7537,86895,2248,110
1753618075,1756,9085,86866,2249,109
1753618375,1238,7807,86835,2255,110
1753618676,5347,6433,86812,2261,111
1753618976,7,15670,86927,2264,110
1753619277,258,14221,86874,2264,109
1753619577,12501,5938,86889,2258,110
1753619877,5938,9343,86809,2260,110
1753620178,64,29664,86881,2266,111
1753620478,16866,6097,86717,2271,111
1753620779,621,20174,86852,2264,110
1753621079,16345,6486,86763,2260,111
1753621379,19975,6253,86863,2262,108
1753621680,20381,5797,86722,2265,108
1753621980,17570,6176,86747,2268,108
1753622281,13002,7994,86776,2278,109
1753622581,17259,6117,86753,2287,109
1753622881,15815,7158,86800,2289,109
1753623182,1281,22262,86790,2291,111
1753623482,14905,5868,86740,2293,110
1753623783,5566,21338,86822,2309,110
1753624083,1536,14628,86889,2333,109
1753624383,6,23273,86887,2332,111
1753624684,423,20807,86825,2306,111
1753624984,5,20804,86807,2306,111
1753625285,21,22095,86841,2303,110
1753625585,21,25053,86829,2301,109
1753625885,23,28172,86805,2298,111
1753626186,35,24750,86749,2293,110
1753626486,1559,9751,86828,2289,111
1753626787,42,22781,86766,2287,110
1753627087,3732,6644,86767,2282,108
1753627387,1540,13845,86739,2278,109
1753627688,419,20484,86771,2276,109
1753627988,21,17962,86701,2275,110
1753628289,17,17692,86692,2278,110
1753628589,1830,11895,86774,2303,108
1753628890,1023,16085,86735,2295,108
1753629190,92,17080,86712,2294,109
1753629490,11,25245,86713,2288,109
1753629791,474,24909,86709,2282,111
1753630091,7252,7045,86702,2287,108
1753630392,19,28717,86713,2287,109
1753630692,1688,14875,86608,2286,111
1753630992,6559,8229,86683,2284,111
1753631293,1354,11249,86619,2283,111
1753631593,942,10069,86571,2287,108
1753631894,2722,21755,86651,2301,111
1753632194,5667,13088,86592,2297,108
1753632494,4582,14696,86659,2297,109
1753632795,5721,12983,86697,2318,109
1753633095,6,29783,86786,2323,109
1753633396,5984,7151,86774,2315,108
1753633696,11327,6011,86732,2318,109
1753633996,277,12390,86699,2316,108
1753634297,234,12806,86742,2314,109
1753634597,321,10996,86739,2311,109
1753634898,7295,5984,86775,2309,108
1753635198,6562,5860,86733,2306,110
1753635498,6461,5892,86646,2304,109
1753635799,6300,6009,86691,2302,110
1753636099,646,20867,86750,2299,109
1753636400,3540,6003,86702,2296,111
1753636700,2613,6166,86707,2292,108
1753637000,376,9638,86665,2288,109
1753637301,3221,6056,86715,2284,109
1753637601,2067,10603,86754,2281,109
1753637902,1582,8429,86741,2276,109
1753638202,1266,7027,86705,2272,108
1753638502,385,8861,86687,2270,108
1753638803,1153,5869,86662,2267,108
1753639103,472,7851,86776,2264,108
1753639404,225,7317,86738,2258,108
1753639704,536,6480,86758,2250,109
1753640004,535,6128,86712,2244,109
1753640305,97,12972,86718,2240,108
1753640605,9,12207,86854,2236,109
1753640906,5,18665,86916,2233,108
1753641206,5,17724,86806,2230,108
1753641507,57,21242,86780,2228,109
1753641807,26,12559,86749,2228,109
1753642107,5,18380,86788,2226,110
1753642408,25,10724,86746,2223,109
1753642708,5,9052,86757,2221,109
1753643009,15,5822,86734,2214,109
1753643309,8,6293,86868,2210,109
1753643609,5,20124,86861,2210,108
1753643910,5,13237,86868,2214,108
1753644210,7,8344,86817,2215,109
1753644511,5,15407,86837,2212,108
1753644811,5,10710,86814,2214,108
1753645111,5,20012,86812,2216,110
1753645412,5,8731,86838,2210,109
1753645712,5,22522,86868,2205,110
1753646013,6,9663,86913,2196,110
1753646313,7,6410,86927,2193,109
1753646613,7,6535,86877,2194,109
1753646914,6,5747,86971,2193,110
1753647214,6,5712,86899,2190,110
1753647515,5,15420,86942,2185,110
1753647815,5,20550,86965,2183,110
1753648115,5,6731,86981,2181,110
1753648416,6,5798,87043,2179,110
1753648716,5,9053,87000,2177,110
1753649017,5,12600,87080,2176,108
1753649317,5,12737,87028,2174,108
1753649617,5,15193,87038,2173,108
1753649918,7,6786,87018,2171,108
1753650218,5,8364,87038,2169,110
1753650519,6,5657,86947,2170,109
1753650819,6,5928,86928,2174,110
1753651119,6,13593,86930,2175,109
1753651420,6,5730,86848,2178,108
1753651720,6,6667,86932,2179,110
1753652021,5,7408,86811,2179,109
1753652321,7,6127,86894,2175,110
1753652622,7,5576,86968,2176,110
1753652922,7,5557,86927,2176,108
1753653222,6,5523,86954,2176,108
1753653523,8,5552,86938,2175,108
1753653823,6,11571,86872,2175,108
1753654124,7,6243,86977,2176,109
1753654424,7,6092,86888,2176,110
1753654724,5,10716,86975,2174,109
1753655025,5,9894,86952,2174,110
1753655325,8,5517,86948,2173,109
1753655626,8,6341,86958,2170,108
1753655926,8,5528,86895,2166,108
1753656226,6,15409,86912,2170,109
1753656527,7,5788,86906,2172,109
1753656827,7,7358,86882,2170,110
1753657128,5,24604,86864,2170,110
1753657428,7,6545,86805,2171,110
1753657728,8,6040,86910,2170,110
1753658029,7,6455,86879,2169,108
1753658329,8,6683,86903,2170,110
1753658630,8,6897,86860,2170,110
1753658930,5,13572,86810,2169,109
1753659230,9,5547,86848,2169,110
1753659531,5,8243,86798,2168,109
1753659831,11,5592,86911,2169,109
1753660132,7,5477,86819,2167,110
1753660432,7,8976,86858,2166,109
1753660732,8,5555,86816,2165,109
1753661033,8,5453,86773,2166,109
1753661333,6,5525,86814,2167,109
1753661634,7,5530,86851,2166,108
1753661934,8,5471,86811,2165,109
1753662234,8,5450,86861,2164,109
1753662535,7,5588,86848,2163,109
1753662835,8,5844,86871,2161,108
1753663136,7,9059,86849,2157,109
1753663436,5,15266,86932,2157,109
1753663736,7,7574,86887,2158,109
1753664037,9,5881,86896,2156,109
1753664337,9,5467,86859,2154,108
1753664638,8,5550,86953,2156,109
1753664938,8,5550,86850,2156,108
1753665239,9,5561,86906,2159,108
1753665539,9,5744,86859,2156,108
1753665839,7,6263,86898,2152,109
1753666140,8,5493,86870,2155,109
1753666440,8,5651,86882,2155,110
1753666741,8,6119,86875,2151,109
1753667041,7,8190,86829,2153,109
1753667341,8,6799,86859,2149,108
1753667642,7,5499,86910,2155,109
1753667942,7,5923,86784,2153,108
1753668243,6,15307,86895,2154,108
1753668543,7,5539,86791,2155,108
1753668843,9,5968,86792,2153,109
1753669144,8,5544,86824,2152,108
1753669444,8,5483,86798,2153,109
1753669745,8,5516,86808,2152,109
1753670045,7,5512,86878,2151,108
1753670345,8,5835,86768,2151,108
1753670646,8,5511,86738,2151,108
1753670946,7,5843,86822,2147,108
1753671247,6,7291,86884,2144,108
1753671547,7,5979,86942,2134,108
1753671847,4,8300,86858,2133,108
1753672148,6,9995,86756,2136,108
1753672448,5,5909,86840,2140,108
1753672749,5,17741,86854,2133,108
1753673049,5,5787,86882,2136,108
1753673349,5,7680,86791,2147,108
1753673650,6,5613,86787,2147,108
1753673950,5,5947,86789,2144,108
1753674251,5,5735,86802,2134,109
1753674551,5,5681,86790,2138,108
1753674851,5,5688,86854,2119,108
1753675152,5,5710,86807,2118,108
1753675452,5,5692,86777,2138,108
1753675753,5,5726,86749,2139,108
1753676053,5,5682,86737,2138,108
1753676353,5,5741,86711,2135,108
1753676654,5,5750,86830,2128,108
1753676954,5,6521,86911,2123,108
1753677255,5,5708,86752,2128,108
1753677555,5,5687,86810,2131,108
1753677856,6,5678,86788,2138,108
1753678156,5,5707,86851,2137,108
1753678456,6,5651,86793,2137,109
1753678757,5,5655,86826,2134,108
1753679057,5,5651,86817,2135,108
1753679358,5,5630,86742,2130,108
1753679658,8,5618,86797,2138,108
1753679958,9,7134,86849,2140,108
1753680259,14,5674,86767,2140,108
1753680559,23,5623,86866,2114,108
1753680860,37,5563,86942,2111,108
1753681160,57,5569,86968,2111,108
1753681460,86,5560,86909,2109,108
1753681761,124,5557,86918,2110,108
1753682061,175,5555,86891,2110,108
1753682362,232,5572,86943,2109,108
1753682662,307,5559,86927,2108,108
1753682962,337,5551,86893,2110,108
1753683263,418,5576,87044,2110,108
1753683563,392,5696,86933,2110,108
1753683864,345,5541,86931,2110,108
1753684164,380,5670,86995,2111,108
1753684464,375,5583,86922,2111,108
1753684765,342,5632,87027,2111,109
1753685065,345,5637,87038,2112,108
1753685366,418,5620,87006,2112,108
1753685666,434,5681,87004,2111,108
1753685966,297,5732,87062,2112,109
1753686267,85,5948,86942,2113,108
1753686567,41,6112,87060,2112,108
1753686868,9,6512,86979,2118,109
1753687168,5,6824,86938,2118,108
1753687468,5,7209,86909,2113,109
1753687769,5,7775,87002,2113,108
1753688069,4,8134,87070,2111,108
1753688370,4,8166,87149,2110,108
1753688670,5,9475,87239,2109,108
1753688970,5,10376,87290,2107,109
1753689271,5,10631,87134,2108,108
1753689571,4,11079,86843,2108,108
1753689872,4,10806,86247,2108,108
1753690172,4,10860,87014,2108,108
1753690472,4,10436,87082,2108,108
1753690773,5,10467,87155,2109,108
1753691073,5,10057,86860,2109,108
1753691374,5,9636,87143,2111,108
1753691674,5,9126,86903,2112,107
1753691975,4,9131,86892,2111,107
1753692275,4,8941,87157,2115,107
1753692575,4,8780,87137,2116,107
1753692876,5,8751,86744,2115,107
1753693176,5,8594,86937,2116,107
1753693477,4,8931,86931,2118,107
1753693777,5,9002,87012,2120,108
1753694077,5,9032,87253,2121,107
1753694378,6,9517,87333,2120,107
1753694678,5,10568,87235,2118,107
1753694979,4,10950,87334,2120,107
1753695279,5,10998,86859,2119,107
1753695579,5,10781,87068,2120,107
1753695880,5,11110,86655,2121,107
1753696180,4,15974,87610,2122,107
1753696481,5,16827,87635,2124,107
1753696781,5,15556,87712,2125,107
1753697081,5,15301,87899,2126,107
1753697382,5,15674,87298,2127,107
1753697682,5,15740,87568,2130,107
1753697983,5,43104,87422,2133,107
1753698283,3,51058,87392,2133,107
1753698583,5,24025,87426,2134,107
1753698884,4,16188,87490,2136,107
1753699184,5,16142,87159,2137,107
1753699485,5,16015,87351,2139,107
1753699785,4,16353,87443,2142,107
1753700085,5,16091,87529,2143,107
1753700386,5,16191,87301,2147,107
1753700686,5,15652,86867,2150,107
1753700987,5,15633,87358,2152,107
1753701287,5,15957,87026,2156,107
1753701587,5,16697,87182,2159,107
1753701888,5,15654,87048,2161,107
1753702188,5,15988,86785,2165,107
1753702489,5,15885,87172,2168,107
1753702789,5,16133,87012,2171,107
1753703090,5,16438,86861,2176,107
1753703390,6,12855,86920,2178,107
1753703690,5,14515,87050,2180,107
1753703991,5,14122,87086,2179,107
1753704291,6,14233,87020,2179,107
1753704592,6,14361,87209,2180,107
1753704892,4,13601,87467,2187,107
1753705192,4,15272,87209,2195,107
1753705493,7,10566,86671,2208,107
1753705793,6,9809,87048,2219,107
1753706094,8,10250,87296,2228,107
1753706394,7,16792,87034,2235,107
1753706694,9,11973,87072,2246,107
1753706995,7,16308,87077,2258,107
1753707295,6,10295,87112,2264,107
1753707596,10,7546,87065,2263,107
1753707896,10,7200,86735,2262,107
1753708196,7,9228,87104,2259,107
1753708497,8,9642,86969,2255,107
1753708797,12,9199,86869,2250,107
1753709098,12,6818,86601,2243,107
1753709398,15,6673,86643,2235,107
1753709698,11,6650,86718,2228,107
1753709999,10,6728,86908,2227,107
1753710299,5,7648,86913,2229,107
1753710600,5,11429,87087,2236,107
1753710900,5,13426,87433,2238,107
1753711200,5,14135,87956,2233,107
1753711501,5,16479,87785,2227,107
1753711801,5,14179,88073,2221,107
1753712102,5,16457,88106,2220,106
1753712402,5,24583,88490,2218,106
1753712702,6,22185,88495,2216,107
1753713003,5,23094,88405,2212,107
1753713303,5,28819,88733,2206,106
1753713604,5,34475,88516,2201,107
1753713904,5,34928,87912,2198,107
1753714204,5,34214,88642,2195,106
1753714505,5,32362,88717,2193,106
1753714805,5,33174,88658,2190,106
1753715106,5,31841,88360,2187,106
1753715406,5,34447,85022,2182,106
1753715707,5,34772,87045,2177,106
1753716007,4,35789,86563,2174,106
1753716307,5,34883,88218,2173,106
1753716608,4,36081,86670,2172,106
1753716908,5,33616,86813,2173,106
1753717209,5,33798,87411,2174,106
1753717509,5,33821,87245,2173,105
1753717809,6,33589,87033,2172,105
1753718110,4,30858,86590,2172,106
1753718410,5,30934,86209,2173,106
1753718711,5,28521,86466,2173,106
1753719011,5,29039,86415,2174,105
1753719311,5,28130,85614,2175,105
1753719612,4,27788,85976,2179,106
1753719912,5,25506,85940,2180,106
1753720213,5,25790,85506,2180,106
1753720513,5,24117,85988,2181,106
1753720813,6,22834,86149,2182,106
1753721114,5,22040,86438,2181,106
1753721414,4,20968,86253,2179,106
1753721715,4,20782,86665,2176,106
1753722015,5,20300,87425,2173,106
1753722315,5,20135,87709,2169,106
1753722616,6,19531,87865,2168,104
1753722916,5,18511,88176,2166,106
1753723217,5,17685,88080,2165,106
1753723517,5,17702,88169,2163,106
1753723817,4,17052,87652,2162,106
1753724118,5,16288,88723,2160,106
1753724418,5,15969,87927,2158,106
1753724719,5,15416,88210,2157,106
1753725019,5,15129,87676,2155,106
1753725320,5,14896,87725,2152,106
1753725620,5,15794,88026,2155,106
1753725920,5,16214,87830,2155,106
1753726221,5,17834,87964,2156,106
1753726521,5,20578,87652,2156,106
1753726822,4,22183,87803,2155,106
1753727122,6,23254,87302,2152,106
1753727422,4,23178,87829,2150,106
1753727723,4,23146,87649,2148,106
1753728023,6,24245,87085,2144,106
1753728324,5,25326,87738,2140,106
1753728624,5,24764,87642,2139,106
1753728924,4,23410,86874,2135,106
1753729225,4,22864,87591,2132,106
1753729525,5,22210,86793,2128,106
1753729826,5,22585,86023,2125,106
1753730126,5,22152,86509,2122,106
1753730426,5,22663,87018,2118,106
1753730727,5,23627,87124,2114,106
1753731027,5,21565,86629,2111,106
1753731328,5,22828,86919,2109,106
1753731628,4,21627,85819,2106,106
1753731928,5,20677,86924,2104,106
1753732229,6,19887,87161,2102,106
1753732529,5,19409,86963,2100,106
1753732830,4,18809,87287,2098,106
1753733130,4,18438,87635,2097,106
1753733431,5,18522,87188,2096,106
1753733731,5,17403,87223,2096,106
1753734031,5,17455,86352,2094,106
1753734332,5,16423,85797,2093,106
1753734632,5,16913,87004,2092,106
1753734933,5,16074,86510,2094,105
1753735233,5,17031,86146,2091,107
1753735533,5,15658,86945,2091,107
1753735834,4,16014,86757,2089,104
1753736134,6,14179,85752,2089,107
1753736435,4,14116,86068,2089,104
1753736735,4,14168,86852,2088,107
1753737035,5,14402,87136,2088,107
1753737336,5,14270,86844,2087,107
1753737636,5,13465,87021,2084,107
1753737937,5,13728,87018,2083,107
