If found, please contact tlang@live.unc.edu
Firmware updated: 2025/07/24
OpenOBS SN:469

time,ambient_light,backscatter,pressure,water_temp,battery
1754061942,1077,11198,85947,2627,150
1754062242,1100,11213,85970,2714,135
1754062542,19579,10440,85953,2762,116
1754062843,1059,3142,86336,2694,115
1754063143,792,3125,86879,2665,117
1754063444,1114,3111,86928,2654,117
1754063744,1048,3113,86905,2647,116
1754064044,943,3105,86920,2642,116
1754064345,970,3106,86901,2638,116
1754064645,795,3112,86904,2635,116
1754064946,632,3094,86871,2632,116
1754065246,512,3113,86863,2627,116
1754065546,543,3121,86883,2622,116
1754065847,441,3103,86847,2616,115
1754066147,396,3136,86866,2608,116
1754066448,378,3114,86867,2600,116
1754066748,391,3100,86863,2593,115
1754067048,476,3130,86866,2585,115
1754067349,449,3107,86836,2578,116
1754067649,348,3112,86874,2570,115
1754067950,457,3115,86885,2562,116
1754068250,426,3107,86854,2554,116
1754068550,682,3093,86853,2547,116
1754068851,441,3114,86850,2541,114
1754069151,372,3108,86802,2534,116
1754069452,454,3228,86845,2529,114
1754069752,292,3111,86854,2523,116
1754070053,361,3087,86850,2519,115
1754070353,283,3098,86839,2514,115
1754070653,345,3100,86842,2511,115
1754070954,324,3098,86850,2509,114
1754071254,315,3098,86820,2505,115
1754071555,209,3100,86822,2502,115
1754071855,135,3098,86830,2498,115
1754072155,130,3099,86815,2494,114
1754072456,120,3109,86836,2488,115
1754072756,98,3111,86826,2483,115
1754073057,81,3101,86815,2478,115
1754073357,51,3115,86808,2473,114
1754073657,33,3110,86835,2468,115
1754073958,23,3100,86853,2463,115
1754074258,19,3092,86841,2458,115
1754074559,14,3091,86844,2452,115
1754074859,12,3102,86872,2446,115
1754075159,11,3099,86895,2441,114
1754075460,12,3101,86892,2437,115
1754075760,11,3101,86894,2432,115
1754076061,10,3130,86878,2428,114
1754076361,10,3119,86884,2424,115
1754076661,10,3101,86915,2420,114
1754076962,11,3111,86907,2417,115
1754077262,10,3114,86908,2413,114
1754077563,10,3107,86890,2410,114
1754077863,11,3100,86932,2407,114
1754078163,11,3113,86926,2403,115
1754078464,11,3112,86913,2400,114
1754078764,11,3111,86895,2397,115
1754079065,11,3119,86877,2394,115
1754079365,11,3133,86893,2392,114
1754079665,11,3124,86898,2388,114
1754079966,11,3121,86898,2385,114
1754080266,10,3121,86905,2382,114
1754080567,10,3102,86914,2380,114
1754080867,10,3125,86914,2378,114
1754081167,10,3116,86912,2376,114
1754081468,11,3108,86973,2375,115
1754081768,9,3128,86985,2373,114
1754082069,11,3122,86984,2371,114
1754082369,10,3120,87014,2369,115
1754082669,11,3154,87048,2367,115
1754082970,10,3117,87036,2365,114
1754083270,10,3112,87062,2362,114
1754083571,11,3105,87073,2359,114
1754083871,10,3113,87039,2356,114
1754084171,9,3119,87060,2354,115
1754084472,11,3111,87035,2351,113
1754084772,10,3127,87061,2347,114
1754085073,10,3136,87038,2344,114
1754085373,9,3116,87079,2341,114
1754085673,9,3128,87081,2338,113
1754085974,10,3117,87090,2336,114
1754086274,10,3117,87058,2333,111
1754086575,10,3132,87076,2331,113
1754086875,11,3117,87074,2328,114
1754087175,9,3133,87079,2325,113
1754087476,9,3151,87056,2323,114
1754087776,10,3120,87075,2320,113
1754088077,10,3126,87072,2317,113
1754088377,10,3122,87064,2314,112
1754088677,11,3122,87049,2311,112
1754088978,10,3139,87049,2309,111
1754089278,10,3141,87062,2306,112
1754089579,10,3140,87041,2302,112
1754089879,10,3137,87044,2299,112
1754090179,10,3132,87048,2296,111
1754090480,9,3132,87048,2293,111
1754090780,10,3159,87029,2291,114
1754091081,9,3139,87035,2288,112
1754091381,10,3143,87009,2285,112
1754091681,10,3143,87013,2282,112
1754091982,9,3131,87012,2280,112
1754092282,11,3137,87015,2277,113
1754092583,10,3164,87036,2274,112
1754092883,9,3133,87009,2272,112
1754093183,10,3142,87010,2270,112
1754093484,9,3150,86989,2266,112
1754093784,10,3144,87004,2264,112
1754094085,10,3139,86995,2261,113
1754094385,9,3151,86986,2259,113
1754094685,10,3140,86981,2256,112
1754094986,10,3156,87001,2254,113
1754095286,10,3156,86968,2252,113
1754095587,11,3136,86998,2250,112
1754095887,10,3173,86982,2248,112
1754096187,10,3143,86983,2246,113
1754096488,10,3139,86979,2244,112
1754096788,9,3169,86970,2243,111
1754097089,10,3154,86947,2241,112
1754097389,10,3161,86936,2239,112
1754097689,11,3160,86964,2238,113
1754097990,10,3158,86941,2237,112
1754098290,9,3173,86919,2235,112
1754098591,9,3186,86903,2234,112
1754098891,10,3151,86892,2233,112
1754099192,10,3152,86925,2231,115
1754099492,9,3202,86905,2229,112
1754099792,10,3161,86902,2228,111
1754100093,10,3164,86898,2226,113
1754100393,10,3188,86914,2225,113
1754100694,10,3176,86866,2224,112
1754100994,10,3226,86855,2223,112
1754101294,9,3192,86842,2221,113
1754101595,10,3211,86886,2221,113
1754101895,9,3198,86888,2220,112
1754102196,10,3176,86870,2219,113
1754102496,10,3199,86844,2219,112
1754102796,10,3182,86852,2217,113
1754103097,9,3178,86839,2216,112
1754103397,9,3192,86869,2216,113
1754103698,9,3186,86859,2215,113
1754103998,10,3222,86854,2214,114
1754104298,9,3205,86863,2213,113
1754104599,10,3197,86878,2212,113
1754104899,10,3206,86888,2211,111
1754105200,9,3201,86878,2210,113
1754105500,9,3203,86894,2209,113
1754105800,10,3202,86864,2208,112
1754106101,10,3211,86869,2207,112
1754106401,10,3212,86866,2206,113
1754106702,10,3196,86859,2205,112
1754107002,9,3223,86874,2204,113
1754107302,10,3217,86880,2203,112
1754107603,10,3228,86896,2203,113
1754107903,10,3229,86890,2202,113
1754108204,9,3225,86902,2201,113
1754108504,9,3244,86892,2200,113
1754108804,9,3216,86874,2199,113
1754109105,10,3252,86893,2199,113
1754109405,9,3238,86907,2198,113
1754109706,9,3236,86907,2198,113
1754110006,9,3238,86889,2197,113
1754110306,10,3233,86886,2196,113
1754110607,10,3252,86878,2195,113
1754110907,11,3265,86900,2195,113
1754111208,9,3250,86902,2194,113
1754111508,10,3250,86903,2193,113
1754111808,10,3296,86922,2193,113
1754112109,12,3242,86914,2192,112
1754112409,14,3286,86919,2192,113
1754112710,19,3314,86912,2192,111
1754113010,31,3268,86916,2191,113
1754113310,40,3260,86910,2191,113
1754113611,64,3292,86901,2191,111
1754113911,76,3342,86925,2190,113
1754114212,105,3295,86920,2190,113
1754114512,130,3267,86907,2189,113
1754114812,143,3323,86929,2189,113
1754115113,152,3295,86932,2189,113
1754115413,197,3330,86945,2189,113
1754115714,225,3307,86955,2189,113
1754116014,258,3297,86950,2189,113
1754116314,263,3282,86939,2189,113
1754116615,242,3289,86975,2190,113
1754116915,238,3282,86951,2191,113
1754117216,210,3297,86942,2191,113
1754117516,268,3278,86958,2192,113
1754117816,240,3325,86957,2193,112
1754118117,187,3310,86976,2194,113
1754118417,177,3330,86984,2194,113
1754118718,182,3322,87016,2195,113
1754119018,216,3343,87074,2196,113
1754119318,210,3319,87132,2196,113
1754119619,286,3340,87143,2197,111
1754119919,386,3321,87207,2197,113
1754120220,578,3330,87214,2198,111
1754120520,654,3338,87241,2198,113
1754120820,760,3338,87233,2199,113
1754121121,852,3366,87160,2201,113
1754121421,842,3376,87133,2203,113
1754121722,826,3352,87097,2205,113
1754122022,1002,3388,87105,2206,111
1754122322,992,3384,87105,2207,111
1754122623,872,3398,87085,2209,113
1754122923,670,3392,87070,2211,112
1754123224,893,3397,87080,2214,112
1754123524,946,3388,87050,2218,111
1754123824,1171,3387,87042,2223,113
1754124125,1297,3448,87028,2228,112
1754124425,1392,3376,87013,2234,113
1754124726,1252,3390,86995,2241,112
1754125026,1592,3419,87008,2247,113
1754125326,1734,3375,86998,2254,113
1754125627,1587,3382,86982,2260,112
1754125927,1702,3395,86982,2266,113
1754126228,1838,3400,86973,2272,113
1754126528,1999,3394,86997,2279,112
1754126828,2112,3459,86985,2286,112
1754127129,2135,3452,86954,2295,112
1754127429,1938,3487,86982,2302,111
1754127730,1982,3415,86979,2311,113
1754128030,2144,3446,86967,2318,112
1754128330,1831,3430,86974,2325,113
1754128631,2010,3426,86955,2332,112
1754128931,2046,3493,86979,2339,112
1754129232,1910,3451,86960,2347,112
1754129532,1982,3455,86979,2354,112
1754129832,1914,3450,86958,2361,111
1754130133,2116,3517,86973,2367,113
1754130433,2070,3454,86959,2374,113
1754130734,1990,3477,86952,2380,112
1754131034,2053,3482,86932,2387,112
1754131334,1952,3476,86955,2393,112
1754131635,1913,3483,86952,2399,112
1754131935,1580,3571,86954,2406,112
1754132236,1542,3588,86938,2413,113
1754132536,1543,3527,86929,2420,111
1754132836,1376,3544,86918,2430,112
1754133137,1611,3522,86910,2444,111
1754133437,1650,3505,86888,2455,112
1754133738,1674,3505,86898,2465,112
1754134038,1476,3563,86871,2471,112
1754134339,1394,3534,86891,2477,113
1754134639,1685,3518,86870,2482,112
1754134939,1488,3540,86870,2486,112
1754135240,1536,3587,86854,2490,112
1754135540,1629,3509,86853,2496,112
1754135841,1366,3550,86847,2502,112
1754136141,1435,3597,86837,2509,112
1754136441,1244,3560,86817,2517,113
1754136742,1152,3560,86795,2522,112
1754137042,1486,3583,86786,2531,112
1754137343,1686,3608,86768,2539,112
1754137643,2034,3639,86767,2547,112
1754137943,1580,3656,86747,2554,112
1754138244,1371,3669,86755,2557,111
1754138544,1513,3698,86762,2562,112
1754138845,1738,3645,86731,2566,111
1754139145,1815,3694,86733,2569,112
1754139445,2034,3613,86720,2571,112
1754139746,2160,3632,86718,2574,112
1754140046,1934,3590,86701,2586,112
1754140347,1742,3608,86710,2614,112
1754140647,2093,3622,86714,2642,111
1754140947,1656,3648,86691,2667,111
1754141248,2209,3637,86679,2691,111
1754141548,2173,3671,86681,2706,112
1754141849,1683,3644,86678,2717,111
1754142149,1393,3666,86675,2725,111
1754142449,1694,3680,86683,2725,112
1754142750,1605,3696,86661,2718,112
1754143050,1818,3698,86664,2715,111
1754143351,2015,3715,86648,2715,112
1754143651,2256,3732,86652,2716,111
1754143951,2102,3726,86648,2716,111
1754144252,2146,3749,86647,2721,111
1754144552,2219,3742,86635,2719,111
1754144853,1611,3774,86620,2716,111
1754145153,1526,3761,86613,2713,112
1754145453,1976,3770,86583,2705,112
1754145754,2014,3804,86597,2699,112
1754146054,1769,3795,86595,2701,112
1754146355,2031,3808,86587,2701,112
1754146655,1928,3827,86584,2699,112
1754146955,1725,3829,86569,2698,112
1754147256,1848,3806,86546,2699,112
1754147556,1963,3862,86542,2700,112
1754147857,1863,3902,86533,2699,112
1754148157,1573,3868,86526,2696,112
1754148457,1499,3887,86505,2696,111
1754148758,1284,3923,86498,2702,111
1754149058,1479,3939,86483,2704,112
1754149359,1776,3939,86492,2703,111
1754149659,1845,3981,86498,2701,111
1754149959,1633,4027,86504,2695,112
1754150260,1383,4004,86494,2687,112
1754150560,1437,4068,86487,2678,112
1754150861,1302,4073,86494,2669,112
1754151161,969,4105,86500,2660,112
1754151461,1106,4099,86506,2652,112
1754151762,695,4133,86511,2645,112
1754152062,486,4135,86515,2637,113
1754152363,594,4150,86514,2630,113
1754152663,559,4135,86511,2621,112
1754152963,466,4160,86523,2610,112
1754153264,464,4190,86527,2599,112
1754153564,430,4151,86542,2587,113
1754153865,460,4218,86541,2577,111
1754154165,831,4218,86542,2567,112
1754154465,1007,4243,86549,2559,112
1754154766,1008,4239,86565,2553,111
1754155066,782,4275,86576,2547,113
1754155367,735,4273,86574,2541,111
1754155667,564,4302,86597,2536,111
1754155968,490,4281,86595,2531,112
1754156268,528,4313,86626,2527,111
1754156568,459,4315,86631,2522,113
1754156869,316,4344,86665,2518,112
1754157169,226,4314,86673,2514,111
1754157470,177,4360,86670,2509,112
1754157770,113,4326,86700,2504,112
1754158070,85,4195,86687,2500,112
1754158371,60,4206,86706,2496,111
1754158671,42,4215,86714,2492,113
1754158972,52,4234,86719,2487,112
1754159272,68,4240,86706,2482,112
1754159572,69,4266,86731,2476,112
1754159873,56,4274,86739,2471,112
1754160173,34,4251,86750,2465,111
1754160474,21,4287,86771,2458,111
1754160774,14,4274,86791,2452,111
1754161074,12,4251,86803,2446,111
1754161375,11,4333,86806,2441,112
1754161675,11,4315,86788,2436,113
1754161976,12,4305,86792,2432,111
1754162276,11,4315,86790,2428,113
1754162576,11,4282,86781,2424,113
1754162877,11,4361,86790,2421,111
1754163177,11,4374,86787,2417,111
1754163478,10,4362,86792,2414,111
1754163778,11,4378,86805,2410,113
1754164078,11,4362,86802,2407,111
1754164379,11,4405,86809,2404,111
1754164679,10,4411,86815,2401,111
1754164980,11,4416,86835,2398,113
1754165280,11,4388,86847,2397,112
1754165580,11,4427,86856,2396,111
1754165881,11,4424,86866,2394,112
1754166181,11,4420,86935,2393,113
1754166482,10,4384,86970,2392,112
1754166782,11,4447,86998,2390,111
1754167082,11,4440,87016,2388,113
1754167383,10,4459,87035,2386,113
1754167683,10,4490,87024,2383,112
1754167984,10,4427,87041,2379,111
1754168284,11,4391,87023,2375,111
1754168584,11,4478,87032,2372,113
1754168885,11,4446,87023,2368,111
1754169185,10,4500,87037,2365,113
1754169486,11,4431,87030,2362,111
1754169786,11,4430,87057,2359,112
1754170086,10,4448,87041,2356,111
1754170387,10,4525,87058,2353,111
1754170687,11,4453,87088,2350,111
1754170988,11,4633,87168,2345,112
1754171288,10,8104,87432,2370,111
1754171588,11,9360,87815,2365,111
1754171889,10,12813,88194,2341,113
1754172189,11,11993,88220,2352,111
1754172490,11,12242,88156,2347,111
1754172790,10,10975,88258,2340,112
1754173090,10,9600,88661,2335,111
1754173391,10,9904,89316,2332,111
1754173691,10,9087,90070,2326,112
1754173992,11,8906,91107,2326,111
1754174292,11,9284,92106,2331,111
1754174592,10,9066,93210,2331,111
1754174893,11,10110,94322,2332,113
1754175193,11,13295,95547,2327,111
1754175494,11,12108,97438,2318,111
1754175794,11,12577,99494,2312,113
1754176094,10,13464,101136,2306,111
1754176395,10,13720,102214,2296,112
1754176695,11,12963,102917,2284,112
1754176996,10,13593,103305,2276,111
1754177296,10,26401,103507,2270,112
1754177596,11,27068,103549,2267,112
1754177897,10,26783,103473,2267,111
1754178197,10,27104,103386,2268,111
1754178498,9,27542,103173,2268,112
1754178798,11,27120,102944,2269,113
1754179098,9,27222,102676,2270,111
1754179399,10,27322,102299,2271,111
1754179699,10,27465,101908,2272,113
1754180000,10,27239,101510,2273,113
1754180300,11,27210,101064,2273,113
1754180600,10,27138,100608,2275,111
1754180901,10,27200,100129,2275,112
1754181201,11,27213,99697,2277,111
1754181502,11,27265,99281,2278,112
1754181802,11,27141,98839,2278,111
1754182102,11,27112,98434,2279,111
1754182403,10,27073,98057,2280,112
1754182703,10,26984,97662,2281,112
1754183004,11,27095,97284,2282,111
1754183304,11,27011,96887,2283,112
1754183604,10,26876,96546,2284,111
1754183905,11,26881,96237,2285,111
1754184205,11,26947,95936,2286,111
1754184506,10,26959,95626,2287,111
1754184806,11,26958,95314,2288,111
1754185106,11,26993,95019,2289,111
1754185407,10,27168,94779,2290,112
1754185707,10,27137,94554,2291,111
1754186008,10,27167,94341,2292,111
1754186308,10,27103,94118,2292,111
1754186609,10,27126,93942,2293,113
1754186909,10,27158,93753,2294,112
1754187209,10,27241,93576,2294,113
1754187510,10,27286,93413,2296,112
1754187810,11,27328,93251,2296,111
1754188111,10,27518,93103,2297,113
1754188411,10,27580,92947,2298,111
1754188711,11,27480,92834,2298,113
1754189012,11,27551,92717,2299,110
1754189312,11,27396,92592,2300,111
1754189613,10,27518,92482,2300,112
1754189913,10,27565,92389,2301,112
1754190213,11,27514,92309,2301,111
1754190514,11,27415,92225,2302,111
1754190814,11,27381,92135,2303,111
1754191115,11,27362,92047,2303,112
1754191415,10,27447,91959,2304,111
1754191715,10,27467,91876,2304,111
1754192016,11,27492,91803,2304,111
1754192316,11,27472,91733,2305,111
1754192617,10,27414,91659,2305,111
1754192917,11,27425,91579,2306,111
1754193217,10,27434,91532,2306,111
1754193518,11,27432,91467,2307,113
1754193818,11,27359,91395,2307,111
1754194119,9,27371,91327,2307,111
1754194419,10,27370,91281,2308,110
1754194719,11,27372,91222,2308,111
1754195020,10,27376,91147,2309,111
1754195320,10,27394,91107,2309,113
1754195621,10,27384,91077,2309,111
1754195921,11,27325,91023,2309,111
1754196221,11,27357,90971,2309,111
1754196522,10,27287,90948,2310,111
1754196822,10,27214,90868,2310,112
1754197123,10,27261,90837,2310,110
1754197423,11,27208,90782,2311,112
1754197723,10,27187,90740,2311,112
1754198024,11,27260,90722,2311,110
1754198324,11,27380,90665,2312,110
1754198625,10,27601,90640,2312,112
1754198925,9,27504,90603,2312,111
1754199225,10,27491,90557,2312,111
1754199526,10,27382,90523,2312,113
1754199826,10,27309,90505,2313,110
1754200127,10,27219,90476,2313,110
1754200427,10,27127,90455,2313,113
1754200727,10,27138,90440,2313,112
1754201028,11,27192,90397,2313,113
1754201328,11,27259,90373,2314,112
1754201629,11,27196,90369,2314,110
1754201929,11,27107,90311,2314,112
1754202229,9,27106,90293,2314,111
1754202530,10,27139,90280,2314,112
1754202830,10,27199,90258,2314,111
1754203131,11,27165,90232,2315,112
1754203431,10,27148,90212,2315,110
1754203731,11,27190,90184,2315,112
1754204032,9,27199,90166,2316,112
1754204332,10,27206,90137,2315,112
1754204633,10,27178,90110,2316,110
1754204933,10,27132,90090,2316,110
1754205233,10,27048,90071,2316,110
1754205534,10,27019,90030,2316,110
1754205834,10,27118,90003,2316,110
1754206135,12,27140,89983,2316,110
1754206435,11,27088,89977,2316,111
1754206735,11,27092,89949,2317,110
1754207036,10,27098,89923,2317,112
1754207336,10,27100,89937,2317,110
1754207637,10,27067,89955,2317,111
1754207937,10,27065,89944,2317,110
1754208237,10,27054,89963,2317,111
1754208538,11,27078,89924,2317,110
1754208838,10,27113,89888,2317,112
1754209139,10,27159,89870,2317,111
1754209439,11,27168,89833,2317,111
1754209739,10,27146,89778,2318,112
1754210040,10,27086,89737,2318,112
1754210340,10,27169,89692,2318,110
1754210641,10,27033,89656,2318,110
1754210941,11,27059,89629,2318,111
1754211241,10,27262,89597,2319,110
1754211542,10,27136,89576,2318,110
1754211842,10,27180,89564,2318,111
1754212143,11,27221,89539,2318,110
1754212443,11,27209,89524,2318,110
1754212743,10,27128,89506,2319,110
1754213044,10,27139,89496,2319,111
1754213344,11,27102,89478,2319,111
1754213645,11,27139,89456,2319,110
1754213945,11,27197,89447,2319,111
1754214245,12,27181,89437,2319,112
1754214546,11,27155,89444,2319,112
1754214846,11,27170,89437,2319,110
1754215147,11,27193,89432,2319,110
1754215447,10,27208,89419,2319,110
1754215747,11,27049,89386,2319,111
1754216048,11,26987,89337,2319,112
1754216348,9,26936,89271,2319,111
1754216649,10,26945,89229,2319,110
1754216949,11,26902,89186,2320,110
1754217249,10,26879,89152,2320,111
1754217550,11,26970,89123,2319,112
1754217850,11,26973,89124,2320,111
1754218151,10,26909,89099,2320,111
1754218451,9,26913,89077,2320,110
1754218752,11,26901,89041,2320,110
1754219052,11,26901,89004,2320,110
1754219352,11,26885,88975,2320,110
1754219653,11,26838,88958,2320,111
1754219953,10,26759,88946,2320,110
1754220254,11,26761,88930,2320,111
1754220554,11,26635,88914,2320,110
1754220854,10,26546,88896,2320,110
1754221155,11,26529,88873,2320,110
1754221455,11,26508,88837,2320,111
1754221756,11,26560,88810,2320,110
1754222056,10,26553,88769,2320,111
1754222356,10,26593,88733,2320,110
1754222657,11,26657,88682,2320,111
1754222957,11,26607,88651,2320,110
1754223258,10,26589,88641,2320,110
1754223558,10,26677,88609,2320,111
1754223858,10,26678,88600,2320,110
1754224159,11,26655,88571,2321,111
1754224459,11,26593,88545,2320,110
1754224760,11,26468,88525,2320,111
1754225060,11,26443,88494,2320,109
1754225360,11,26381,88475,2320,110
1754225661,10,26256,88461,2320,110
1754225961,10,26196,88448,2320,110
1754226262,10,26233,88416,2320,110
1754226562,11,26254,88389,2320,111
1754226862,11,26458,88353,2320,110
1754227163,11,26447,88331,2320,111
1754227463,10,26394,88305,2320,111
1754227764,10,26388,88278,2320,110
1754228064,10,26339,88253,2320,111
1754228364,10,26376,88238,2320,109
1754228665,10,26415,88236,2320,110
1754228965,11,26414,88223,2320,111
1754229266,10,26520,88217,2320,110
1754229566,10,26488,88202,2320,111
1754229866,11,26529,88184,2320,111
1754230167,11,26473,88180,2320,110
1754230467,10,26425,88172,2320,110
1754230768,9,26413,88155,2320,110
1754231068,10,26427,88143,2320,110
1754231368,11,26423,88127,2320,110
1754231669,11,26460,88112,2320,110
1754231969,12,26481,88084,2321,110
1754232270,10,26496,88075,2321,110
1754232570,10,26463,88052,2321,109
1754232870,11,26491,88055,2321,110
1754233171,11,26504,88025,2322,110
1754233471,11,26510,88006,2322,109
1754233772,10,26505,87986,2322,111
1754234072,10,26443,87953,2323,111
1754234372,10,26468,87930,2323,109
1754234673,10,26507,87915,2323,109
1754234973,10,26503,87902,2323,111
1754235274,11,26507,87912,2324,109
1754235574,10,26547,87926,2324,111
1754235874,10,26538,87953,2324,109
1754236175,10,26548,87963,2325,111
1754236475,11,26508,87922,2325,111
1754236776,11,26596,87892,2325,110
1754237076,11,26580,87846,2325,110
1754237376,11,26546,87826,2326,109
1754237677,10,26530,87809,2326,109
1754237977,10,26518,87795,2327,110
1754238278,10,26512,87774,2327,110
1754238578,10,26522,87772,2327,109
1754238878,11,26505,87773,2328,110
1754239179,11,26416,87751,2328,109
1754239479,10,26353,87745,2328,109
1754239780,11,26372,87740,2329,109
1754240080,11,26375,87730,2329,110
1754240380,11,26374,87729,2329,109
1754240681,10,26380,87733,2329,111
1754240981,11,26362,87741,2330,109
1754241282,10,26348,87757,2330,109
1754241582,11,26326,87771,2331,110
1754241882,10,26312,87770,2331,109
1754242183,10,26303,87760,2331,110
1754242483,10,26304,87773,2332,109
1754242784,11,26276,87767,2332,111
1754243084,11,26271,87775,2333,109
1754243384,11,26239,87763,2333,109
1754243685,11,26239,87753,2333,108
1754243985,10,26226,87762,2333,109
1754244286,10,26212,87786,2334,109
1754244586,10,26191,87799,2334,109
1754244886,10,26183,87804,2334,110
1754245187,11,26181,87805,2335,109
1754245487,11,26174,87813,2335,109
1754245788,10,26156,87815,2335,108
1754246088,10,26168,87804,2335,109
1754246388,11,26196,87790,2336,109
1754246689,11,26219,87781,2336,109
1754246989,9,26220,87755,2336,109
1754247290,11,26222,87724,2337,108
1754247590,10,26224,87716,2337,110
1754247890,11,26203,87715,2337,110
1754248191,10,26177,87713,2337,108
1754248491,11,26194,87735,2337,109
1754248792,11,26187,87764,2337,109
1754249092,10,26174,87795,2338,109
1754249393,10,26189,87836,2338,109
1754249693,10,26189,87872,2338,108
1754249993,11,26189,87886,2338,109
1754250294,11,26169,87894,2339,109
1754250594,10,26153,87891,2339,108
1754250895,11,26153,87905,2339,108
1754251195,11,26148,87936,2339,109
1754251495,10,26124,87969,2339,108
1754251796,11,26117,87993,2340,109
1754252096,10,26108,88013,2341,109
1754252397,11,26096,88044,2341,109
1754252697,10,26070,88086,2341,110
1754252997,10,26084,88109,2341,109
1754253298,10,26053,88124,2342,109
1754253598,11,26051,88129,2342,111
1754253899,11,26030,88129,2343,109
1754254199,10,25996,88139,2343,108
1754254499,10,25996,88120,2343,108
1754254800,11,25976,88108,2343,111
1754255100,11,25972,88095,2344,108
1754255401,11,25971,88091,2344,109
1754255701,11,25962,88077,2344,109
1754256001,10,25959,88067,2344,111
1754256302,10,25958,88043,2345,109
1754256602,11,25967,88043,2345,109
1754256903,11,25968,88041,2345,109
1754257203,11,25980,88037,2346,111
1754257503,11,25980,88026,2346,109
1754257804,10,25992,88026,2346,109
1754258104,11,25988,88011,2347,108
1754258405,11,25990,87999,2347,109
1754258705,10,26002,87998,2347,110
1754259005,10,26012,88012,2347,108
1754259306,11,26018,88027,2347,108
1754259606,11,26020,88048,2347,108
1754259907,11,26008,88064,2347,109
1754260207,11,26006,88071,2348,109
1754260507,11,26002,88068,2348,108
1754260808,11,26010,88052,2348,108
1754261108,10,26002,88057,2348,108
1754261409,10,26000,88035,2348,108
1754261709,11,26009,88030,2348,109
1754262009,10,26000,88020,2349,108
1754262310,11,26024,88012,2348,108
1754262610,10,26001,88012,2349,109
1754262911,11,26006,87997,2349,108
1754263211,12,26007,88000,2349,109
1754263511,10,26094,88003,2349,110
1754263812,12,25922,87973,2349,109
1754264112,11,25935,87969,2349,109
1754264413,10,26021,87967,2348,108
1754264713,11,26028,87952,2349,109
1754265013,10,26040,87946,2349,109
1754265314,11,26078,87945,2349,108
1754265614,11,26058,87926,2349,108
1754265915,11,26024,87923,2348,108
1754266215,10,26012,87912,2348,109
1754266515,11,26012,87895,2348,109
1754266816,11,25992,87878,2348,108
1754267116,10,25964,87875,2348,108
1754267417,11,25949,87872,2348,108
1754267717,10,25941,87868,2348,108
1754268017,10,25916,87856,2348,109
1754268318,11,25914,87854,2348,109
1754268618,10,25891,87841,2347,109
1754268919,11,25899,87833,2348,108
1754269219,11,25874,87825,2347,109
1754269519,11,25863,87809,2347,108
1754269820,11,25848,87808,2347,108
1754270120,12,25843,87797,2347,108
1754270421,10,25815,87781,2347,108
1754270721,10,25795,87765,2346,108
1754271021,11,25768,87762,2346,108
1754271322,11,25760,87744,2346,108
1754271622,11,25744,87740,2346,108
1754271923,11,25761,87720,2346,108
1754272223,11,25786,87716,2346,108
1754272523,11,25784,87697,2346,108
1754272824,11,25824,87698,2346,108
1754273124,10,25832,87691,2345,109
1754273425,11,25840,87679,2345,109
1754273725,10,25829,87667,2345,109
1754274025,10,25832,87681,2345,108
1754274326,12,25834,87666,2344,108
1754274626,12,25845,87678,2345,109
1754274927,11,25843,87686,2345,108
1754275227,10,25841,87699,2344,108
1754275527,11,25849,87683,2344,108
1754275828,10,25850,87673,2345,109
1754276128,11,25844,87657,2344,108
1754276429,11,25828,87649,2344,108
1754276729,11,25812,87635,2344,108
1754277029,11,25808,87628,2344,108
1754277330,11,25806,87623,2344,109
1754277630,11,25804,87622,2344,108
1754277931,11,25789,87628,2344,109
1754278231,11,25775,87625,2344,108
1754278532,11,25782,87633,2344,108
1754278832,12,25762,87627,2344,108
1754279132,11,25761,87616,2344,108
1754279433,11,25752,87621,2343,108
1754279733,10,25740,87617,2343,108
1754280034,11,25743,87605,2343,108
1754280334,11,25728,87599,2343,108
1754280634,11,25741,87593,2343,108
1754280935,12,25726,87582,2343,109
1754281235,10,25714,87595,2343,109
1754281536,11,25710,87584,2343,108
1754281836,11,25709,87574,2343,108
1754282136,11,25709,87563,2342,108
1754282437,11,25711,87543,2342,109
1754282737,11,25701,87530,2342,108
1754283038,12,25708,87513,2342,109
1754283338,10,25697,87498,2342,109
1754283638,11,25705,87488,2341,109
1754283939,11,25699,87480,2341,108
1754284239,11,25701,87473,2341,108
1754284540,11,25682,87474,2341,108
1754284840,11,25682,87469,2341,108
1754285140,11,25680,87471,2340,108
1754285441,11,25673,87466,2340,108
1754285741,10,25674,87459,2340,108
1754286042,11,25669,87468,2340,108
1754286342,11,25684,87471,2340,109
1754286642,11,25667,87473,2340,109
1754286943,11,25669,87466,2339,108
1754287243,11,25668,87475,2339,109
1754287544,11,25652,87479,2338,108
1754287844,11,25656,87479,2338,108
1754288144,12,25652,87479,2338,108
1754288445,11,25650,87466,2338,109
1754288745,10,25639,87477,2338,108
1754289046,10,25632,87486,2338,108
1754289346,11,25635,87493,2338,109
1754289646,11,25634,87488,2337,108
1754289947,11,25628,87486,2337,108
1754290247,11,25628,87491,2337,109
1754290548,11,25615,87498,2337,108
1754290848,11,25611,87491,2337,108
1754291148,11,25602,87502,2337,108
1754291449,10,25611,87490,2336,108
1754291749,10,25608,87493,2336,108
1754292050,11,25602,87484,2336,108
1754292350,11,25598,87485,2336,108
1754292650,10,25598,87482,2336,109
1754292951,9,25589,87475,2336,108
1754293251,11,25593,87480,2336,109
1754293552,11,25586,87472,2335,109
1754293852,11,25586,87486,2335,108
1754294152,11,25581,87514,2335,108
1754294453,11,25585,87553,2335,108
1754294753,11,25584,87556,2335,109
1754295054,11,25585,87542,2334,108
1754295354,11,25574,87511,2334,109
1754295654,11,25566,87479,2334,108
1754295955,11,25559,87468,2334,109
1754296255,11,25544,87460,2334,108
1754296556,11,25560,87443,2334,108
1754296856,12,25562,87440,2334,108
1754297156,10,25554,87424,2334,108
1754297457,11,25560,87406,2334,108
1754297757,11,25562,87381,2333,108
1754298058,11,25564,87376,2334,108
1754298358,11,25580,87374,2333,108
1754298658,11,25675,87363,2333,109
1754298959,11,25655,87357,2333,108
1754299259,11,25626,87360,2333,108
1754299560,11,25599,87348,2333,108
1754299860,11,25609,87345,2333,108
1754300160,11,25616,87341,2333,108
1754300461,11,25618,87333,2333,108
1754300761,11,25617,87329,2332,108
1754301062,11,25613,87313,2332,108
1754301362,11,25611,87303,2332,108
1754301662,10,25621,87294,2332,108
1754301963,11,25615,87281,2332,108
1754302263,11,25613,87274,2332,108
1754302564,10,25600,87258,2331,108
1754302864,11,25603,87255,2331,108
1754303164,11,25599,87239,2331,108
1754303465,11,25592,87224,2331,108
1754303765,10,25586,87205,2331,108
1754304066,11,25574,87216,2331,109
1754304366,10,25560,87210,2331,108
1754304666,11,25557,87197,2331,109
1754304967,11,25525,87197,2331,109
1754305267,11,25465,87215,2331,109
1754305568,11,25466,87210,2331,109
1754305868,10,25453,87215,2331,108
1754306168,10,25445,87209,2330,109
1754306469,10,25438,87198,2330,108
1754306769,12,25445,87197,2330,108
1754307070,11,25446,87190,2330,108
1754307370,12,25440,87174,2330,109
1754307671,11,25446,87156,2330,108
1754307971,10,25445,87151,2330,109
1754308271,11,25435,87143,2330,108
1754308572,10,25441,87131,2330,108
1754308872,10,25440,87120,2330,108
1754309173,10,25436,87121,2329,108
1754309473,11,25433,87113,2329,108
1754309773,11,25429,87103,2329,108
1754310074,10,25432,87083,2329,108
1754310374,10,25425,87072,2329,108
1754310675,11,25430,87074,2329,107
1754310975,10,25418,87070,2329,109
1754311275,11,25425,87081,2329,108
1754311576,11,25422,87088,2329,108
1754311876,10,25424,87101,2329,109
1754312177,10,25421,87096,2328,109
1754312477,10,25417,87091,2329,107
1754312777,11,25423,87079,2328,107
1754313078,11,25420,87074,2328,107
1754313378,10,25424,87060,2328,107
1754313679,11,25412,87048,2328,109
1754313979,10,25407,87039,2328,107
1754314279,11,25416,87021,2328,107
1754314580,11,25389,87020,2328,107
1754314880,11,25377,87010,2328,108
1754315181,11,25382,87006,2328,107
1754315481,11,25370,86999,2327,107
1754315781,10,25367,86995,2328,107
1754316082,12,25374,86982,2328,107
1754316382,11,25381,86992,2327,107
1754316683,11,25374,86994,2327,106
1754316983,11,25373,86964,2327,107
1754317283,11,25382,86965,2327,107
1754317584,11,25374,86952,2327,107
1754317884,11,25372,86946,2327,109
1754318185,11,25379,86941,2327,108
1754318485,11,25380,86929,2327,107
1754318785,11,25386,86915,2327,107
1754319086,11,25389,86912,2327,107
1754319386,11,25379,86913,2327,107
1754319687,11,25376,86897,2327,107
1754319987,11,25376,86886,2326,107
1754320287,11,25369,86873,2327,107
1754320588,11,25373,86889,2327,107
1754320888,10,25370,86883,2326,107
1754321189,11,25367,86874,2326,107
1754321489,11,25364,86883,2326,107
1754321789,11,25384,86875,2326,107
1754322090,11,25385,86861,2326,107
1754322390,11,25386,86862,2326,107
1754322691,10,25392,86876,2326,107
1754322991,11,25396,86892,2326,107
1754323291,11,25390,86931,2326,107
1754323592,11,25399,86964,2326,107
1754323892,10,25400,86983,2325,107
1754324193,11,25396,87018,2326,107
1754324493,10,25401,87105,2325,107
1754324793,11,25395,87204,2325,107
1754325094,10,25390,87299,2325,107
1754325394,12,25391,87353,2325,106
1754325695,11,25382,87390,2325,107
1754325995,11,25388,87445,2324,106
1754326295,11,25386,87749,2324,107
1754326596,11,25389,88098,2324,107
1754326896,11,25397,88753,2324,107
1754327197,11,25411,89453,2324,107
1754327497,11,25391,89959,2324,107
1754327797,10,25371,90394,2324,107
1754328098,12,25377,90654,2325,106
1754328398,11,25367,90832,2326,107
1754328699,10,25371,90944,2326,107
1754328999,10,25373,90954,2326,107
1754329299,11,25322,90888,2327,107
1754329600,11,25309,90840,2327,107
1754329900,11,25308,90740,2327,106
1754330201,11,25298,90682,2328,107
1754330501,11,25293,90564,2328,106
1754330801,11,25285,90488,2328,106
1754331102,11,25288,90368,2328,106
1754331402,10,25272,90248,2329,106
1754331703,10,25269,90122,2329,106
1754332003,10,25266,89951,2329,107
1754332303,11,25263,89822,2329,106
1754332604,11,25240,89693,2329,106
1754332904,11,25226,89589,2329,106
1754333205,11,25224,89503,2329,106
1754333505,10,25238,89384,2330,106
1754333805,11,25229,89278,2330,107
1754334106,10,25230,89191,2329,106
1754334406,12,25231,89120,2330,106
1754334707,11,25227,89029,2330,106
1754335007,11,25222,88954,2330,107
1754335307,11,25237,88880,2329,106
1754335608,10,25247,88832,2330,106
1754335908,10,25214,88784,2330,107
1754336209,11,25214,88753,2329,106
1754336509,10,25201,88743,2329,106
1754336810,11,25214,88726,2329,107
1754337110,10,25220,88703,2329,107
1754337410,11,25203,88666,2330,106
1754337711,11,25248,88640,2329,106
1754338011,11,25230,88618,2329,107
1754338312,10,25202,88597,2329,107
1754338612,11,25177,88585,2329,106
1754338912,11,25169,88573,2329,106
1754339213,12,25153,88544,2328,106
1754339513,11,25136,88535,2328,107
1754339814,11,25134,88519,2328,107
1754340114,10,25132,88496,2328,106
1754340414,10,25123,88488,2328,106
1754340715,11,25111,88484,2328,106
1754341015,11,25109,88475,2328,106
1754341316,10,25112,88467,2327,106
1754341616,11,25109,88452,2327,107
1754341916,10,25109,88443,2327,107
1754342217,12,25111,88445,2327,106
1754342517,9,25112,88447,2327,107
1754342818,11,25121,88448,2327,106
1754343118,10,25131,88440,2326,106
1754343418,10,25131,88438,2326,106
1754343719,11,25125,88418,2326,106
1754344019,9,25122,88421,2326,106
1754344320,11,25121,88438,2326,107
1754344620,11,25128,88445,2326,106
1754344920,10,25131,88477,2326,106
1754345221,11,25135,88491,2325,107
1754345521,10,25155,88501,2325,106
1754345822,11,25126,88504,2325,106
1754346122,12,25134,88495,2324,107
1754346422,11,25127,88501,2324,106
1754346723,10,25130,88492,2324,107
1754347023,11,25119,88493,2324,106
1754347324,11,25128,88479,2323,106
1754347624,12,25104,88457,2323,106
1754347924,11,25171,88444,2323,107
1754348225,11,25168,88439,2323,106
1754348525,11,25152,88417,2322,106
1754348826,11,25151,88388,2322,106
1754349126,12,25162,88388,2322,106
1754349426,11,25168,88373,2322,106
1754349727,11,25165,88346,2322,106
1754350027,11,25175,88328,2321,106
1754350328,11,25170,88310,2321,107
1754350628,11,25142,88291,2321,106
1754350928,11,25130,88266,2320,106
1754351229,11,24688,88248,2320,106
1754351529,10,24685,88245,2320,107
1754351830,10,24708,88221,2319,105
1754352130,11,24703,88196,2320,107
1754352431,11,24705,88178,2319,105
1754352731,10,24739,88159,2319,105
1754353031,10,24737,88146,2318,106
1754353332,11,24728,88124,2318,106
1754353632,11,24724,88104,2318,106
1754353933,10,24716,88087,2318,105
1754354233,10,24725,88073,2317,105
1754354533,11,24718,88063,2317,106
1754354834,12,24717,88059,2317,105
1754355134,11,24729,88041,2316,106
1754355435,10,24729,88032,2316,106
1754355735,11,24727,88008,2315,105
1754356035,11,24707,88008,2315,105
1754356336,11,24715,88014,2315,105
1754356636,10,24727,87997,2314,105
1754356937,10,24718,87997,2314,106
1754357237,11,24723,87983,2314,106
1754357537,12,24709,87956,2313,105
1754357838,10,24717,87947,2313,105
1754358138,11,24719,87938,2313,105
1754358439,10,24722,87928,2312,105
1754358739,10,24725,87910,2312,105
1754359039,11,24708,87899,2312,107
1754359340,11,24711,87885,2311,105
1754359640,10,24811,87877,2311,105
1754359941,10,24725,87876,2311,105
1754360241,11,24737,87863,2310,105
1754360541,10,24736,87847,2310,105
1754360842,11,24735,87849,2310,105
1754361142,11,24735,87830,2309,105
1754361443,11,24732,87822,2309,105
1754361743,11,24746,87816,2309,105
1754362043,11,24733,87805,2309,105
1754362344,11,24725,87804,2309,104
1754362644,10,24752,87792,2308,105
1754362945,11,24724,87788,2308,106
1754363245,11,24728,87779,2308,104
1754363545,11,24741,87779,2308,105
1754363846,11,24712,87774,2308,104
1754364146,10,24714,87766,2308,104
1754364447,10,24728,87752,2308,105
1754364747,10,24722,87741,2307,104
1754365047,11,24732,87735,2307,104
1754365348,11,24728,87732,2307,105
1754365648,11,24709,87719,2307,104
1754365949,11,24734,87713,2307,104
1754366249,11,24729,87711,2306,105
1754366549,11,24735,87699,2306,106
1754366850,10,24735,87686,2306,105
1754367150,10,24719,87672,2306,106
1754367451,10,24720,87645,2306,106
1754367751,11,24723,87625,2306,104
1754368051,11,24718,87606,2306,105
1754368352,11,24720,87615,2306,105
1754368652,11,24701,87594,2306,105
1754368953,10,24694,87594,2306,105
1754369253,11,24688,87595,2305,105
1754369554,11,24698,87595,2305,105
1754369854,11,24715,87589,2305,104
1754370154,10,24698,87587,2305,105
1754370455,10,24721,87587,2305,105
1754370755,11,24702,87593,2305,106
1754371056,11,24713,87583,2305,104
1754371356,10,24717,87584,2305,105
1754371656,10,24709,87590,2305,105
1754371957,11,24715,87591,2305,106
1754372257,10,24800,87588,2305,104
1754372558,10,24755,87583,2305,104
1754372858,11,24757,87586,2305,106
1754373158,10,24748,87615,2305,104
1754373459,10,24788,87611,2304,106
1754373759,11,24792,87596,2304,104
1754374060,10,24752,87597,2305,104
1754374360,11,24751,87598,2304,104
1754374660,10,24748,87598,2304,105
1754374961,11,24762,87602,2304,104
1754375261,11,24766,87606,2304,104
1754375562,12,24762,87604,2304,104
1754375862,11,24759,87611,2304,104
1754376162,11,24757,87613,2304,104
1754376463,10,24748,87612,2304,104
1754376763,10,24756,87612,2304,104
1754377064,11,24741,87620,2304,105
1754377364,11,24740,87610,2304,104
1754377664,11,24742,87613,2304,105
1754377965,11,24735,87620,2304,104
1754378265,10,24722,87619,2304,105
1754378566,11,24718,87624,2304,104
1754378866,11,24725,87622,2304,104
1754379166,11,24724,87630,2303,104
1754379467,11,24713,87631,2303,104
1754379767,10,24724,87633,2303,104
1754380068,11,24716,87639,2303,105
1754380368,11,24724,87642,2303,104
1754380668,11,24723,87647,2303,104
1754380969,11,24722,87646,2303,104
1754381269,12,24729,87640,2303,104
1754381570,10,24725,87638,2302,104
1754381870,11,24728,87634,2303,104
1754382170,11,24719,87621,2303,104
1754382471,10,24720,87605,2303,104
1754382771,10,24726,87613,2302,104
1754383072,10,24731,87629,2302,104
1754383372,10,24720,87612,2302,104
1754383672,11,24729,87583,2302,104
1754383973,10,24714,87573,2302,104
1754384273,11,24717,87568,2302,104
1754384574,11,24715,87547,2302,104
1754384874,11,24721,87539,2302,104
1754385175,11,24718,87554,2302,104
1754385475,10,24723,87541,2302,104
1754385775,11,24720,87535,2302,104
1754386076,12,24726,87554,2301,104
1754386376,10,24711,87549,2302,104
1754386677,10,24724,87544,2302,104
1754386977,11,24714,87549,2301,104
1754387277,11,24706,87544,2302,104
1754387578,11,24705,87538,2301,104
1754387878,11,24695,87536,2301,104
1754388179,10,24710,87538,2301,104
1754388479,10,24727,87531,2301,104
1754388779,10,24722,87517,2301,104
1754389080,11,24718,87511,2301,104
1754389380,11,24717,87510,2301,104
1754389681,11,24721,87501,2301,104
1754389981,11,24720,87495,2301,104
1754390281,10,24726,87485,2301,104
1754390582,11,24709,87470,2301,104
1754390882,11,24713,87466,2300,105
1754391183,11,24703,87452,2300,104
1754391483,10,24696,87443,2300,105
1754391783,11,24692,87437,2300,104
1754392084,11,24704,87419,2300,104
1754392384,10,24693,87438,2300,104
1754392685,11,24695,87448,2300,104
1754392985,12,24698,87466,2300,104
1754393285,10,24694,87462,2299,103
1754393586,10,24688,87443,2300,104
1754393886,10,24691,87417,2300,103
1754394187,11,24690,87389,2300,103
1754394487,11,24688,87391,2299,104
1754394787,11,24693,87361,2299,104
1754395088,10,24685,87343,2300,104
1754395388,11,24690,87334,2299,103
1754395689,10,24685,87317,2299,104
1754395989,10,24689,87303,2299,104
1754396289,11,24695,87290,2299,104
1754396590,11,24683,87302,2299,104
1754396890,11,24673,87307,2299,104
1754397191,10,24678,87319,2299,104
1754397491,9,24685,87344,2299,105
1754397791,11,24685,87327,2299,103
1754398092,10,24678,87312,2299,104
1754398392,10,24684,87286,2299,104
1754398693,11,24686,87262,2298,104
1754398993,11,24683,87251,2298,104
1754399293,10,24693,87235,2298,104
1754399594,12,24690,87223,2298,103
1754399894,11,24685,87220,2298,103
1754400195,11,24680,87215,2298,103
1754400495,11,24690,87210,2298,103
1754400795,11,24682,87208,2298,103
1754401096,11,24677,87196,2298,104
1754401396,12,24675,87193,2298,103
1754401697,10,24666,87173,2298,104
1754401997,10,24664,87159,2298,104
1754402298,11,24668,87154,2298,104
1754402598,11,24653,87147,2298,104
1754402898,11,24659,87148,2298,103
1754403199,10,24658,87177,2297,103
1754403499,11,24661,87242,2298,103
1754403800,11,24675,87339,2297,103
1754404100,11,24668,87453,2297,104
1754404400,11,24685,87520,2297,103
1754404701,11,24681,87584,2296,103
1754405001,12,24685,87636,2296,103
1754405302,10,24690,87679,2296,103
1754405602,10,24691,87718,2297,103
1754405902,11,24682,87749,2296,104
1754406203,11,24687,87782,2296,103
1754406503,11,24678,87799,2296,104
1754406804,11,24682,87810,2296,103
1754407104,11,24685,87826,2296,103
1754407404,11,24684,87840,2296,103
1754407705,11,24673,87846,2296,103
1754408005,12,24678,87859,2296,103
1754408306,11,24663,87860,2296,103
1754408606,10,24658,87852,2296,103
1754408906,11,24652,87846,2296,103
1754409207,11,24658,87862,2296,104
1754409507,11,24654,87895,2296,103
1754409808,10,24666,87976,2296,103
1754410108,12,24650,88158,2296,104
1754410408,11,24647,88410,2296,103
1754410709,11,24661,88738,2295,103
1754411009,11,24662,89054,2295,104
1754411310,11,24668,89222,2295,103
1754411610,11,24663,89311,2295,103
1754411910,11,24656,89333,2295,104
1754412211,10,24669,89354,2295,103
1754412511,11,24671,89390,2295,103
1754412812,10,24666,89437,2295,103
1754413112,11,24668,89476,2295,103
1754413412,11,24672,89529,2295,104
1754413713,10,24672,89625,2295,102
1754414013,11,24666,89795,2295,103
1754414314,9,24663,90030,2295,103
1754414614,11,24674,90320,2296,103
1754414914,11,24679,90798,2295,103
1754415215,11,24669,91388,2295,103
1754415515,11,24676,91834,2295,103
1754415816,11,24681,92194,2295,103
1754416116,11,24674,92549,2295,104
1754416416,10,24664,92900,2295,103
1754416717,11,24669,93755,2295,103
1754417017,10,24672,94753,2295,104
1754417318,11,24687,95222,2295,103
1754417618,11,24684,95541,2295,103
1754417919,11,24682,95756,2296,103
1754418219,11,24675,95854,2295,103
1754418519,10,24676,95884,2295,102
1754418820,10,24666,95835,2296,103
1754419120,11,24671,95768,2296,102
1754419421,11,24682,95638,2296,103
1754419721,11,24667,95518,2296,103
1754420021,11,24672,95368,2297,102
1754420322,10,24674,95188,2297,102
1754420622,11,24666,95030,2297,103
1754420923,10,24667,94893,2298,103
1754421223,10,24671,94755,2298,103
1754421523,11,24667,94661,2298,103
1754421824,10,24670,94561,2298,102
1754422124,11,24666,94466,2298,102
1754422425,10,24678,94393,2298,103
1754422725,11,24670,94325,2298,102
1754423025,10,24673,94248,2298,102
1754423326,11,24659,94166,2298,103
1754423626,12,24667,94088,2298,103
1754423927,11,24654,93963,2298,103
1754424227,12,24669,93853,2298,102
1754424527,11,24665,93752,2298,103
1754424828,10,24670,93624,2299,102
1754425128,11,24656,93464,2298,102
1754425429,10,24656,93373,2298,102
1754425729,11,24650,93230,2298,102
1754426029,11,24656,93106,2299,102
1754426330,11,24650,93001,2298,102
1754426630,11,24652,92898,2298,102
1754426931,10,24648,92770,2298,103
1754427231,11,24646,92659,2298,102
1754427531,11,24645,92558,2298,103
1754427832,10,24652,92456,2298,102
1754428132,10,24646,92360,2298,102
1754428433,11,24638,92247,2298,102
1754428733,11,24652,92139,2297,102
1754429033,11,24640,92061,2297,102
1754429334,10,24653,92001,2297,102
1754429634,11,24643,91922,2297,103
1754429935,12,24641,91836,2297,102
1754430235,11,24654,91757,2297,103
1754430535,11,24650,91675,2297,102
1754430836,11,24645,91611,2297,102
1754431136,11,24652,91523,2297,102
1754431437,11,24668,91448,2297,102
1754431737,11,24672,91371,2297,102
1754432037,11,24681,91291,2296,102
1754432338,11,24686,91250,2296,102
1754432638,11,24670,91173,2296,102
1754432939,11,24680,91110,2296,102
1754433239,10,24673,91045,2296,102
1754433540,11,24677,90984,2296,102
1754433840,11,24680,90951,2296,102
1754434140,11,24672,90879,2296,103
1754434441,11,24684,90841,2296,102
1754434741,10,24679,90768,2296,102
1754435042,10,24671,90690,2296,103
1754435342,10,24677,90646,2296,102
1754435642,10,24673,90623,2296,102
1754435943,12,24664,90572,2296,103
1754436243,11,24678,90498,2296,103
1754436544,10,24667,90464,2295,103
1754436844,11,24658,90412,2296,103
1754437144,11,24669,90368,2295,102
1754437445,12,24663,90310,2295,103
1754437745,11,24665,90281,2295,102
1754438046,11,24661,90237,2295,102
1754438346,11,24668,90184,2295,102
1754438646,10,24650,90164,2295,102
1754438947,10,24647,90119,2295,103
1754439247,11,24661,90060,2295,102
1754439548,12,24668,90018,2295,102
1754439848,11,24654,89972,2294,103
1754440148,11,24650,89929,2295,102
1754440449,11,24649,89908,2294,103
1754440749,11,24668,89897,2294,102
1754441050,10,24656,89850,2294,102
1754441350,11,24668,89815,2294,102
1754441650,10,24653,89794,2294,102
1754441951,10,24657,89761,2294,102
1754442251,12,24664,89706,2294,101
1754442552,10,24638,89696,2294,102
1754442852,12,24656,89667,2294,102
1754443152,11,24642,89651,2294,103
1754443453,11,24649,89610,2294,103
1754443753,12,24647,89564,2294,102
1754444054,10,24641,89544,2293,102
1754444354,11,24641,89505,2294,103
1754444654,11,24646,89491,2293,103
1754444955,11,24633,89472,2293,102
1754445255,11,24645,89436,2294,103
1754445556,11,24637,89408,2293,102
1754445856,11,24641,89370,2293,102
1754446156,11,24640,89350,2293,101
1754446457,11,24637,89320,2293,101
1754446757,11,24639,89298,2293,102
1754447058,11,24635,89276,2293,103
1754447358,9,24618,89241,2293,102
1754447658,11,24622,89190,2293,102
1754447959,11,24621,89182,2293,102
1754448259,11,24621,89175,2293,101
1754448560,11,24615,89153,2293,103
1754448860,11,24636,89130,2292,103
1754449161,10,24619,89123,2292,102
1754449461,11,24608,89086,2292,101
1754449761,11,24639,89062,2292,102
1754450062,11,24623,89037,2292,102
1754450362,11,24626,89026,2292,103
1754450663,11,24625,88994,2291,102
1754450963,10,24625,88977,2292,103
1754451263,12,24623,88964,2292,102
1754451564,11,24620,88942,2292,101
1754451864,11,24621,88916,2292,102
1754452165,11,24614,88900,2291,102
1754452465,11,24619,88891,2291,102
1754452765,10,24616,88874,2291,102
1754453066,11,24630,88858,2291,103
1754453366,11,24619,88842,2291,101
1754453667,11,24624,88818,2291,101
1754453967,11,24627,88795,2290,102
1754454267,12,24635,88793,2290,103
1754454568,11,24614,88764,2290,102
1754454868,10,24620,88756,2290,101
1754455169,11,24622,88733,2290,101
1754455469,11,24625,88728,2290,101
1754455769,10,24619,88770,2290,102
1754456070,11,24619,88711,2290,102
1754456370,11,24604,88699,2289,101
1754456671,11,24619,88693,2289,102
1754456971,10,24611,88674,2289,102
1754457271,11,24613,88676,2289,103
1754457572,11,24607,88658,2289,102
1754457872,11,24613,88638,2289,101
1754458173,10,24614,88626,2288,100
1754458473,11,24624,88623,2288,102
1754458773,12,24611,88617,2288,101
1754459074,11,24621,88603,2288,102
1754459374,10,24615,88602,2287,103
1754459675,10,24616,88594,2287,102
1754459975,11,24612,88580,2287,101
1754460275,11,24611,88575,2287,101
1754460576,11,24616,88573,2287,101
1754460876,10,24620,88562,2287,100
1754461177,10,24626,88560,2287,101
1754461477,11,24628,88546,2287,101
1754461777,11,24624,88555,2286,101
1754462078,11,24621,88544,2286,100
1754462378,11,24627,88547,2286,103
1754462679,11,24626,88538,2286,102
1754462979,11,24627,88535,2286,101
1754463279,11,24633,88528,2285,100
1754463580,10,24624,88523,2285,101
1754463880,11,24633,88522,2285,101
1754464181,11,24621,88509,2284,101
1754464481,11,24625,88501,2284,100
1754464781,12,24622,88494,2284,102
1754465082,11,24623,88488,2284,102
1754465382,10,24636,88500,2284,101
1754465683,11,24633,88534,2284,100
1754465983,11,24625,88569,2283,101
1754466284,10,24642,88577,2283,100
1754466584,11,24640,88590,2283,100
1754466884,10,24640,88575,2283,101
1754467185,10,24636,88565,2283,101
1754467485,12,24648,88534,2283,101
1754467786,11,24643,88506,2282,100
1754468086,10,24726,88676,2282,103
1754468386,12,24722,88642,2282,102
1754468687,11,24726,88606,2282,101
1754468987,11,24741,88565,2282,102
1754469288,11,24724,88532,2281,101
1754469588,11,24722,88495,2281,100
1754469888,10,24726,88481,2281,101
1754470189,11,24723,88455,2281,100
1754470489,11,24729,88438,2281,101
1754470790,10,24727,88422,2280,102
1754471090,11,24726,88396,2280,103
1754471390,11,24727,88394,2280,102
1754471691,11,24713,88401,2280,101
1754471991,12,24721,88428,2280,100
1754472292,11,24722,88446,2280,100
1754472592,12,24725,88341,2279,103
1754472892,10,24722,88342,2279,100
1754473193,11,24723,88315,2279,101
1754473493,10,24711,88290,2278,102
1754473794,10,24717,88263,2278,102
1754474094,11,24709,88236,2278,101
1754474394,11,24720,88207,2278,101
1754474695,10,24718,88182,2278,101
1754474995,11,24724,88159,2278,101
1754475296,11,24719,88148,2277,100
1754475596,11,24714,88127,2277,103
1754475896,10,24717,88115,2277,101
1754476197,11,24737,88058,2277,101
1754476497,11,24742,88047,2277,102
1754476798,11,24740,88041,2277,102
1754477098,11,24728,88019,2276,100
1754477398,11,24716,88038,2276,101
1754477699,11,24721,88052,2276,101
1754477999,11,24722,88066,2276,102
1754478300,11,24718,88051,2276,101
1754478600,11,24709,88057,2276,101
1754478900,12,24713,88048,2275,100
1754479201,11,24712,88033,2275,101
1754479501,11,24704,88011,2275,101
1754479802,11,24706,87981,2275,101
1754480102,10,24711,87948,2275,100
1754480402,11,24698,87936,2275,101
1754480703,11,24699,87905,2274,101
1754481003,11,24700,87880,2274,101
1754481304,11,24704,87861,2274,101
1754481604,12,24698,87820,2274,100
1754481904,10,24699,87811,2274,101
1754482205,11,24695,87788,2274,102
1754482505,11,24697,87769,2274,101
1754482806,11,24709,87746,2274,101
1754483106,11,24701,87727,2274,100
1754483407,11,24698,87722,2274,101
1754483707,11,24698,87701,2273,101
1754484007,11,24690,87697,2273,100
1754484308,11,24691,87693,2273,100
1754484608,10,24697,87687,2273,101
1754484909,11,24689,87675,2273,100
1754485209,11,24694,87657,2273,100
1754485509,10,24679,87647,2273,101
1754485810,11,24688,87643,2273,101
1754486110,11,24684,87621,2273,101
1754486411,11,24687,87608,2273,101
1754486711,11,24680,87602,2273,101
1754487011,11,24676,87580,2272,101
1754487312,11,24683,87571,2272,101
1754487612,11,24686,87543,2273,100
1754487913,10,24681,87525,2272,101
1754488213,11,24676,87501,2272,101
1754488513,11,24678,87488,2272,101
1754488814,12,24675,87486,2272,100
1754489114,11,24672,87467,2272,101
1754489415,10,24680,87442,2272,101
1754489715,11,24681,87430,2272,100
1754490015,11,24671,87425,2272,100
1754490316,11,24679,87407,2272,101
1754490616,10,24663,87386,2272,101
1754490917,11,24672,87375,2271,101
1754491217,11,24672,87359,2272,101
1754491517,11,24678,87349,2272,100
1754491818,11,24672,87332,2272,100
1754492118,11,24670,87315,2271,101
1754492419,12,24678,87301,2271,101
1754492719,12,24675,87315,2272,100
1754493019,11,24676,87329,2271,100
1754493320,11,24673,87300,2271,101
1754493620,11,24680,87273,2271,100
1754493921,11,24682,87263,2271,100
1754494221,10,24679,87255,2271,100
1754494521,12,24685,87233,2271,101
1754494822,11,24695,87211,2271,101
1754495122,11,24687,87203,2271,101
1754495423,11,24689,87189,2271,100
1754495723,11,24698,87178,2271,101
1754496023,11,24692,87177,2271,100
1754496324,11,24697,87150,2271,101
1754496624,10,24699,87150,2271,100
1754496925,11,24689,87135,2271,100
1754497225,11,24696,87134,2271,100
1754497525,10,24693,87125,2271,100
1754497826,10,24697,87115,2271,100
1754498126,11,24691,87108,2271,100
1754498427,11,24697,87111,2271,100
1754498727,12,24694,87105,2271,100
1754499028,11,24698,87104,2271,101
1754499328,11,24694,87103,2271,101
1754499628,11,24706,87096,2271,100
1754499929,11,24712,87099,2271,101
1754500229,11,24710,87099,2271,101
1754500530,12,24706,87097,2271,100
1754500830,11,24723,87192,2271,101
1754501130,12,24725,87108,2271,100
1754501431,12,24734,87112,2271,100
1754501731,11,24723,87106,2271,101
1754502032,11,24720,87068,2271,100
1754502332,11,24726,87083,2271,100
1754502632,10,24733,87079,2271,100
1754502933,12,24734,87075,2271,101
1754503233,10,24724,87085,2271,101
1754503534,11,24723,87075,2271,100
1754503834,11,24729,87082,2271,100
1754504134,10,24736,87081,2271,101
1754504435,11,24732,87086,2270,99
1754504735,11,24728,87086,2271,101
1754505036,11,24731,87070,2271,100
1754505336,10,24728,87080,2271,100
1754505636,10,24725,87075,2270,101
1754505937,11,24725,87077,2270,100
1754506237,11,24731,87076,2270,100
1754506538,12,24717,87081,2270,99
1754506838,11,24722,87091,2271,100
1754507138,10,24729,87090,2271,101
1754507439,11,24731,87094,2271,101
1754507739,10,24723,87071,2270,100
1754508040,11,24729,87055,2271,99
1754508340,11,24730,87053,2271,100
1754508640,10,24720,87050,2271,100
1754508941,10,24720,87052,2271,99
1754509241,11,24735,87044,2271,99
1754509542,11,24725,87050,2271,101
1754509842,11,24732,87044,2271,100
1754510142,10,24731,87049,2271,99
1754510443,11,24737,87061,2271,100
1754510743,11,24727,87051,2271,99
1754511044,10,24739,87064,2271,101
1754511344,11,24733,87074,2271,101
1754511644,12,24736,87088,2271,101
1754511945,11,24740,87109,2271,100
1754512245,11,24735,87127,2271,100
1754512546,11,24737,87154,2271,100
1754512846,10,24735,87166,2271,98
1754513146,12,24740,87164,2271,100
1754513447,11,24732,87183,2271,100
1754513747,11,24742,87199,2271,98
1754514048,10,24731,87207,2271,99
1754514348,12,24734,87214,2272,100
1754514648,12,24738,87206,2271,98
1754514949,12,24737,87215,2271,100
1754515249,12,24738,87214,2271,101
1754515550,11,24739,87208,2271,98
1754515850,11,24732,87198,2272,98
1754516151,11,24733,87195,2271,98
1754516451,11,24733,87197,2271,99
1754516751,11,24745,87209,2272,98
1754517052,11,24735,87209,2272,98
1754517352,11,24739,87216,2272,99
1754517653,11,24746,87205,2272,98
1754517953,11,24751,87213,2272,99
1754518253,11,24750,87206,2272,98
1754518554,11,24742,87207,2272,99
1754518854,12,24748,87215,2272,98
1754519155,11,24741,87217,2272,100
1754519455,11,24750,87224,2272,99
1754519755,11,24746,87229,2272,98
1754520056,11,24750,87232,2272,99
1754520356,11,24754,87230,2272,98
1754520657,10,24758,87234,2273,98
1754520957,11,24758,87238,2272,98
1754521257,10,24766,87234,2272,99
1754521558,11,24759,87239,2273,98
1754521858,10,24761,87241,2273,98
1754522159,11,24762,87241,2273,98
1754522459,10,24758,87229,2273,98
1754522759,11,24766,87230,2273,99
1754523060,11,24759,87228,2273,98
1754523360,11,24768,87225,2273,99
1754523661,11,24762,87211,2273,99
1754523961,11,24770,87207,2273,99
1754524261,11,24771,87203,2273,98
1754524562,11,24759,87196,2273,98
1754524862,11,24766,87188,2274,98
1754525163,12,24775,87173,2273,98
1754525463,11,24763,87170,2274,98
1754525763,11,24765,87179,2274,98
1754526064,11,24760,87173,2274,98
1754526364,11,24768,87173,2273,98
1754526665,10,24776,87162,2274,98
1754526965,11,24768,87169,2274,98
1754527265,11,24765,87165,2274,99
1754527566,11,24771,87159,2274,99
1754527866,11,24772,87157,2274,98
1754528167,11,24767,87154,2274,98
1754528467,11,24758,87146,2274,98
1754528767,9,24770,87146,2274,98
1754529068,11,24773,87141,2275,98
1754529368,11,24771,87121,2275,98
1754529669,11,24767,87109,2275,98
1754529969,11,24773,87113,2275,98
1754530269,12,24776,87113,2275,98
1754530570,12,24771,87118,2275,98
1754530870,11,24773,87113,2275,98
1754531171,10,24775,87107,2275,98
1754531471,11,24768,87104,2275,98
1754531771,11,24776,87093,2276,98
1754532072,11,24780,87096,2275,98
1754532372,12,24775,87095,2275,98
1754532673,11,24774,87089,2276,98
1754532973,11,24780,87083,2276,99
1754533274,11,24773,87084,2276,98
1754533574,12,24784,87069,2276,98
1754533874,11,24783,87089,2276,98
1754534175,11,24792,87084,2276,98
1754534475,11,24780,87073,2276,98
1754534776,11,24780,87070,2276,98
1754535076,11,24784,87078,2277,98
1754535376,11,24787,87064,2276,98
1754535677,11,24784,87058,2277,98
1754535977,10,24792,87056,2276,98
1754536278,12,24796,87059,2277,98
1754536578,11,24794,87061,2277,98
1754536878,11,24801,87046,2277,98
1754537179,11,24819,87031,2277,98
1754537479,11,24811,87037,2277,99
1754537780,11,24819,87035,2277,98
1754538080,11,24825,87031,2277,98
1754538380,11,24825,87040,2277,98
1754538681,12,24831,87044,2277,98
1754538981,12,24839,87034,2278,98
1754539282,11,24839,87037,2278,99
1754539582,11,24838,87031,2277,98
1754539882,11,24850,87037,2278,98
1754540183,11,24846,87030,2278,98
1754540483,10,24842,87026,2278,98
1754540784,12,24858,87023,2278,98
1754541084,11,24852,87031,2278,98
1754541384,11,24856,87023,2279,98
1754541685,12,24853,87032,2279,98
1754541985,11,24857,87040,2279,98
1754542286,11,24858,87024,2279,98
1754542586,11,24854,87025,2279,98
1754542886,12,24861,87041,2279,98
1754543187,11,24857,87037,2279,98
1754543487,11,24862,87020,2279,98
1754543788,12,24870,87017,2280,98
1754544088,11,24866,87032,2279,99
1754544388,11,24859,87030,2280,98
1754544689,12,24867,87044,2280,98
1754544989,12,24867,87028,2279,98
1754545290,11,24873,87021,2280,98
1754545590,11,24874,87036,2280,98
1754545890,11,24870,87046,2280,98
1754546191,11,24868,87057,2280,98
1754546491,11,24877,87052,2280,98
1754546792,11,24879,87056,2280,98
1754547092,11,24879,87064,2280,98
1754547392,11,24874,87065,2281,98
1754547693,12,24879,87078,2280,97
1754547993,11,24879,87069,2280,98
1754548294,10,24880,87071,2281,98
1754548594,12,24881,87073,2281,97
1754548894,11,24872,87085,2281,98
1754549195,11,24885,87082,2281,97
1754549495,11,24880,87068,2281,98
1754549796,11,24887,87075,2281,97
1754550096,13,24890,87074,2281,97
1754550397,12,24884,87066,2281,97
1754550697,12,24891,87072,2281,97
1754550997,10,24890,87065,2282,97
1754551298,11,24885,87079,2282,97
1754551598,11,24898,87109,2281,97
1754551899,11,24883,87177,2282,97
1754552199,12,24884,87239,2282,97
1754552499,11,24897,87279,2282,97
1754552800,11,24907,87314,2282,97
1754553100,11,24901,87307,2282,97
1754553401,11,24892,87287,2282,97
1754553701,11,24891,87249,2282,98
1754554001,11,24900,87222,2282,97
1754554302,11,24891,87204,2282,97
1754554602,11,24889,87201,2283,97
1754554903,12,24890,87206,2283,99
1754555203,11,24890,87210,2282,97
1754555503,11,24886,87202,2282,97
1754555804,11,24894,87213,2283,96
1754556104,11,24896,87199,2283,97
1754556405,12,24894,87202,2283,96
1754556705,11,24891,87186,2283,97
1754557005,11,24885,87176,2283,96
1754557306,10,24886,87171,2283,96
1754557606,11,24880,87170,2284,97
1754557907,12,24889,87157,2284,96
1754558207,11,24885,87154,2283,96
1754558507,10,24882,87146,2284,96
1754558808,11,24893,87156,2284,96
1754559108,11,24881,87159,2284,97
1754559409,12,24874,87153,2284,96
1754559709,11,24874,87152,2284,96
1754560009,11,24878,87144,2284,96
1754560310,11,24879,87141,2284,96
1754560610,12,24879,87132,2284,95
1754560911,11,24878,87137,2284,96
1754561211,11,24885,87130,2284,96
1754561511,11,24885,87129,2284,96
1754561812,10,24878,87128,2285,96
1754562112,11,24884,87129,2284,96
1754562413,12,24879,87128,2285,96
1754562713,11,24886,87118,2285,98
1754563013,11,24887,87118,2285,99
1754563314,11,24890,87116,2285,96
1754563614,12,24875,87115,2285,96
1754563915,11,24884,87122,2286,96
1754564215,12,24885,87105,2286,96
1754564515,11,24882,87105,2285,96
1754564816,10,24884,87093,2286,97
1754565116,12,24872,87075,2286,96
1754565417,10,24877,87070,2286,96
1754565717,11,24880,87058,2286,96
1754566018,11,24894,87056,2286,96
1754566318,11,24893,87047,2286,96
1754566618,11,24884,87033,2286,95
1754566919,11,24885,87023,2286,96
1754567219,10,24888,87029,2286,96
1754567520,11,24891,87024,2286,97
1754567820,11,24891,87012,2286,96
1754568120,11,24893,87007,2286,96
1754568421,11,24897,86982,2286,96
1754568721,11,24891,86982,2286,96
1754569022,12,24896,86968,2286,96
1754569322,10,24905,86970,2287,96
1754569622,10,24895,86961,2286,96
1754569923,10,24891,86951,2287,96
1754570223,11,24894,86958,2287,95
1754570524,12,24889,86955,2287,96
1754570824,11,24899,86954,2287,96
1754571124,12,24901,86941,2287,96
1754571425,12,24893,86946,2287,95
1754571725,11,24893,86942,2287,96
1754572026,12,24913,86942,2287,96
1754572326,12,24918,86926,2287,96
1754572626,11,24920,86912,2287,96
1754572927,11,24910,86903,2287,95
1754573227,11,24918,86900,2288,96
1754573528,11,24912,86888,2288,96
1754573828,12,24919,86877,2288,96
1754574128,11,24919,86884,2288,96
1754574429,11,24919,86877,2288,95
1754574729,10,24920,86861,2288,96
1754575030,10,24909,86862,2288,95
1754575330,11,24924,86859,2288,95
1754575630,11,24921,86863,2288,95
1754575931,11,24916,86857,2288,96
1754576231,12,24915,86921,2288,96
1754576532,12,24934,87208,2288,96
1754576832,12,24946,87750,2288,96
1754577132,11,24957,88101,2288,95
1754577433,11,24946,88131,2288,96
1754577733,12,24954,88079,2288,96
1754578034,11,24957,87988,2288,96
1754578334,11,24956,87892,2287,96
1754578634,12,24957,87805,2288,95
1754578935,11,24954,87727,2289,96
1754579235,11,24970,87658,2288,95
1754579536,11,24955,87582,2289,95
1754579836,10,24952,87502,2289,96
1754580136,11,24956,87460,2289,95
1754580437,11,24953,87407,2290,96
1754580737,11,24955,87363,2290,96
1754581038,11,24949,87320,2290,95
1754581338,11,24953,87294,2291,96
1754581638,11,24958,87239,2291,96
1754581939,11,24951,87198,2291,95
1754582239,11,24943,87162,2291,96
1754582540,11,24959,87128,2291,95
1754582840,11,24962,87112,2292,95
1754583141,11,24960,87099,2292,95
1754583441,11,24960,87080,2292,96
1754583741,10,24958,87059,2292,95
1754584042,11,24960,87038,2292,96
1754584342,11,24964,87037,2293,95
1754584643,10,24967,87022,2293,95
1754584943,12,24973,87004,2292,95
1754585243,11,24965,86984,2293,95
1754585544,10,24973,86967,2293,95
1754585844,11,24967,86958,2293,95
1754586145,11,24968,86941,2293,95
1754586445,12,24963,86927,2293,95
1754586745,11,24982,86921,2293,95
1754587046,12,24977,86941,2293,95
1754587346,12,24997,86937,2293,96
1754587647,11,24980,86981,2293,95
1754587947,12,24987,86997,2293,95
1754588247,11,24987,87010,2294,95
1754588548,11,24986,87029,2293,95
1754588848,11,24991,87045,2294,95
1754589149,11,24992,87053,2293,95
1754589449,11,24990,87059,2293,95
1754589749,11,24981,87060,2294,95
1754590050,11,24991,87064,2294,95
1754590350,11,24996,87063,2294,95
1754590651,11,24986,87068,2294,95
1754590951,11,24987,87080,2293,95
1754591251,11,24992,87088,2294,95
1754591552,11,24987,87090,2294,95
1754591852,11,24992,87089,2293,96
1754592153,11,24991,87103,2294,95
1754592453,11,24994,87118,2294,95
1754592753,11,24995,87121,2294,96
1754593054,11,24989,87136,2294,95
1754593354,11,24991,87138,2294,95
1754593655,11,24987,87159,2294,95
1754593955,11,24985,87173,2294,96
1754594255,11,24988,87177,2294,95
1754594556,11,24995,87193,2294,95
1754594856,11,24991,87210,2294,95
1754595157,11,24997,87212,2294,94
1754595457,12,24986,87236,2294,95
1754595757,11,24989,87192,2294,96
1754596058,11,25004,87254,2295,94
1754596358,11,24989,87270,2294,94
1754596659,11,24994,87305,2295,94
1754596959,11,24997,87323,2295,96
1754597259,11,25002,87301,2295,94
1754597560,11,25003,87293,2295,94
1754597860,11,24994,87316,2295,94
1754598161,11,24984,87335,2295,94
1754598461,11,24983,87338,2295,94
1754598762,11,24992,87357,2295,95
1754599062,11,24998,87376,2295,94
1754599362,11,25004,87380,2295,96
1754599663,10,24993,87387,2295,97
1754599963,11,25000,87387,2295,96
1754600264,12,24999,87385,2295,96
1754600564,10,24987,87377,2295,94
1754600864,11,24997,87364,2296,96
1754601165,12,24991,87351,2295,94
1754601465,11,24990,87350,2295,94
1754601766,12,24991,87333,2296,94
1754602066,11,25003,87336,2296,94
1754602366,12,24992,87324,2296,97
1754602667,12,24990,87311,2296,94
1754602967,11,24994,87319,2296,96
1754603268,11,25000,87308,2296,94
1754603568,11,24989,87316,2296,95
1754603868,11,24987,87314,2296,94
1754604169,12,24989,87317,2296,94
1754604469,11,24984,87314,2296,94
1754604770,11,24994,87321,2296,96
1754605070,12,24984,87307,2296,96
1754605370,12,24995,87323,2297,96
1754605671,11,24985,87333,2296,94
1754605971,11,24994,87328,2296,96
1754606272,12,24985,87327,2297,94
1754606572,12,24989,87331,2297,96
1754606872,11,24982,87340,2297,94
1754607173,11,24982,87336,2297,94
1754607473,11,24987,87318,2297,94
1754607774,11,24989,87332,2297,94
1754608074,11,24974,87330,2297,94
1754608374,12,24984,87329,2297,96
1754608675,11,24988,87360,2297,96
1754608975,11,24984,87357,2297,96
1754609276,12,24979,87317,2297,94
1754609576,11,24980,87320,2297,96
1754609876,12,24981,87317,2297,96
1754610177,11,24985,87309,2298,96
1754610477,10,24985,87300,2297,94
1754610778,11,24986,87332,2298,94
1754611078,11,24982,87332,2298,94
1754611378,11,24983,87311,2298,94
1754611679,11,24985,87306,2298,94
1754611979,11,24984,87298,2298,94
1754612280,11,24984,87300,2298,94
1754612580,12,24991,87297,2298,94
1754612880,11,24983,87305,2298,94
1754613181,12,24988,87307,2298,94
1754613481,11,24984,87306,2298,96
1754613782,12,24991,87294,2298,94
1754614082,11,24979,87300,2299,94
1754614382,10,24984,87298,2298,94
1754614683,11,24988,87290,2299,94
1754614983,12,24990,87299,2299,96
1754615284,12,24991,87290,2299,94
1754615584,12,24981,87291,2299,94
1754615885,11,24988,87310,2299,95
1754616185,12,24976,87256,2299,94
1754616485,11,24979,87263,2299,95
1754616786,11,24973,87260,2299,94
1754617086,11,24978,87299,2299,95
1754617387,11,24986,87278,2299,94
1754617687,12,24986,87281,2299,94
1754617987,11,24975,87277,2299,95
1754618288,11,24988,87300,2299,94
1754618588,11,24978,87287,2299,94
1754618889,12,24974,87356,2299,94
1754619189,11,24965,87386,2300,94
1754619489,11,24971,87434,2299,94
1754619790,11,24960,87439,2299,94
1754620090,12,24965,87475,2300,94
1754620391,11,24955,87486,2300,94
1754620691,12,24953,87499,2300,94
1754620991,11,24953,87499,2300,94
1754621292,12,24951,87497,2300,94
1754621592,11,24945,87510,2300,94
1754621893,11,24939,87520,2300,93
1754622193,10,24943,87522,2300,93
1754622493,11,24942,87519,2300,93
1754622794,12,24941,87556,2300,93
1754623094,12,24924,87597,2300,93
1754623395,11,24939,87626,2300,93
1754623695,11,24938,87673,2300,93
1754623995,11,24929,87714,2300,93
1754624296,12,24933,87727,2300,93
1754624596,12,24925,87744,2300,93
1754624897,13,24922,87798,2300,93
1754625197,12,24930,87824,2300,92
1754625497,12,24923,87863,2300,92
1754625798,11,24925,87898,2300,92
1754626098,12,24920,87922,2300,92
1754626399,12,24910,87956,2299,92
1754626699,12,24912,87987,2300,92
1754626999,12,24917,88026,2299,92
1754627300,11,24921,88053,2299,92
1754627600,11,24920,88070,2299,92
1754627901,11,24915,88088,2299,92
1754628201,11,24913,88110,2299,92
1754628501,11,24921,88117,2299,92
1754628802,11,24913,88135,2299,92
1754629102,11,24906,88148,2299,92
1754629403,11,24905,88197,2299,92
1754629703,12,24919,88195,2299,92
1754630003,12,24909,88194,2299,92
1754630304,12,24917,88202,2299,92
1754630604,11,24906,88218,2299,92
1754630905,12,24910,88222,2299,92
1754631205,11,24908,88216,2299,92
1754631506,11,24909,88214,2299,92
1754631806,11,24912,88216,2299,92
1754632106,12,24915,88218,2299,92
1754632407,11,24914,88214,2299,92
1754632707,12,24901,88220,2299,92
1754633008,11,24904,88217,2299,92
1754633308,12,24895,88217,2299,92
1754633608,11,24900,88208,2299,92
1754633909,11,24899,88187,2299,92
1754634209,12,24897,88201,2299,92
1754634510,10,24904,88193,2299,92
1754634810,11,24895,88182,2299,92
1754635110,12,24907,88179,2299,92
1754635411,12,24904,88174,2299,92
1754635711,12,24897,88175,2299,92
1754636012,10,24900,88174,2299,92
1754636312,12,24895,88198,2299,92
1754636612,12,24902,88242,2299,92
1754636913,11,24897,88286,2299,92
1754637213,11,24900,88310,2298,92
1754637514,12,24886,88336,2298,92
1754637814,12,24892,88391,2298,92
1754638114,11,24894,88456,2298,92
1754638415,12,24891,88537,2298,92
1754638715,11,24891,88614,2297,92
1754639016,12,24894,88645,2297,92
1754639316,12,24916,88644,2297,92
1754639616,11,24893,88690,2297,92
1754639917,11,24907,88745,2297,92
1754640217,11,24917,88795,2296,92
1754640518,11,24937,88623,2297,92
1754640818,12,24937,88627,2297,92
1754641118,11,24938,88569,2296,92
1754641419,12,24939,88558,2296,92
1754641719,12,24943,88533,2296,92
1754642020,11,24940,88494,2296,92
1754642320,12,24935,88471,2296,92
1754642620,11,24936,88444,2296,92
1754642921,11,24937,88413,2296,92
1754643221,12,24946,88374,2295,92
1754643522,12,24941,88365,2295,92
1754643822,11,24945,88338,2295,92
1754644122,11,24940,88305,2295,92
1754644423,11,24935,88296,2295,92
1754644723,12,24948,88270,2295,92
1754645024,12,24944,88242,2295,92
1754645324,12,24936,88213,2295,92
1754645624,12,24944,88193,2294,92
1754645925,12,24945,88206,2294,92
1754646225,11,24940,88184,2294,92
1754646526,13,24939,88205,2294,92
1754646826,12,24945,88187,2294,92
1754647126,13,24940,87949,2294,92
1754647427,11,24943,87948,2294,92
1754647727,12,24937,87950,2294,92
1754648028,11,24931,87936,2294,92
1754648328,12,24943,87922,2294,92
1754648629,12,24944,87918,2293,92
1754648929,12,24932,87910,2293,92
1754649229,12,24937,87895,2293,92
1754649530,12,24941,87878,2293,92
1754649830,11,24933,87871,2293,92
1754650131,11,24942,87869,2293,92
1754650431,11,24939,87881,2292,92
1754650731,11,24931,87899,2292,92
1754651032,11,24932,87890,2292,92
1754651332,11,24943,87880,2292,92
1754651633,12,24939,87871,2292,92
1754651933,11,24947,87859,2291,92
