If found, please contact tlang@live.unc.edu
Firmware updated: 2025/07/24
OpenOBS SN:469

time,ambient_light,backscatter,pressure,water_temp,battery
1762524015,2106,13957,86528,2175,149
1762524915,2678,4780,87007,2274,118
1762525815,1590,4778,86954,2285,115
1762526716,5543,4788,86934,2295,118
1762527616,2308,4786,86918,2295,114
1762528517,3416,4771,86928,2291,116
1762529417,13601,4767,86913,2273,114
1762530317,16229,4756,86852,2257,114
1762531218,9922,4767,86870,2240,115
1762532118,952,4755,86850,2219,114
1762533019,653,4761,86817,2202,116
1762533919,223,4761,86793,2185,115
1762534819,156,4769,86814,2167,114
1762535720,43,4768,86888,2145,115
1762536620,24,4757,86894,2125,113
1762537521,19,4769,86819,2104,115
1762538421,19,4762,86796,2079,112
1762539321,19,4757,86794,2064,115
1762540222,19,4798,86718,2045,112
1762541122,20,4758,86820,2025,115
1762542023,20,4758,86878,2011,113
1762542923,20,4767,86929,2000,115
1762543823,19,4764,86888,1975,112
1762544724,20,4776,86954,1958,115
1762545624,19,4778,86984,1947,112
1762546525,20,4781,86928,1932,114
1762547425,19,4781,86864,1916,111
1762548325,18,4778,86880,1906,115
1762549226,19,4781,86953,1900,115
1762550126,19,4778,86903,1887,112
1762551027,18,4779,86906,1867,112
1762551927,19,4771,86964,1859,112
1762552827,18,4769,86989,1845,112
1762553728,18,4771,87004,1829,112
1762554628,17,4781,86923,1817,112
1762555529,18,4791,86941,1801,112
1762556429,17,4791,87005,1786,112
1762557330,18,4797,86877,1775,111
1762558230,18,4801,86874,1758,112
1762559130,18,4800,86885,1745,115
1762560031,18,4810,86996,1734,111
1762560931,17,4812,87028,1727,115
1762561832,18,4818,86938,1716,112
1762562732,18,4823,86915,1706,112
1762563632,18,4804,86888,1695,112
1762564533,18,4796,86919,1686,111
1762565433,18,4848,86942,1675,113
1762566334,17,4786,86914,1669,110
1762567234,18,4786,86864,1661,110
1762568134,16,4796,86838,1651,114
1762569035,18,4784,86952,1649,112
1762569935,16,4794,86892,1640,110
1762570836,17,4796,86903,1634,115
1762571736,17,4806,86914,1629,112
1762572636,18,4813,86882,1623,115
1762573537,17,4824,86964,1617,110
1762574437,18,4832,87033,1611,112
1762575338,17,4839,87121,1605,110
1762576238,16,4840,87153,1600,111
1762577138,17,4856,87130,1595,111
1762578039,18,4844,87116,1593,112
1762578939,18,4850,87143,1590,113
1762579840,17,4855,87149,1581,113
1762580740,16,4868,87180,1577,110
1762581640,18,4867,87231,1569,112
1762582541,25,4886,87195,1554,110
1762583441,44,4893,87219,1546,111
1762584342,85,4929,87227,1545,112
1762585242,105,4932,87228,1541,112
1762586142,134,4948,87281,1540,112
1762587043,155,4968,87270,1542,112
1762587943,186,4969,87199,1541,112
1762588844,199,4959,87147,1541,112
1762589744,222,4934,87101,1545,112
1762590644,215,4908,87143,1554,113
1762591545,314,4904,87143,1576,113
1762592445,365,4901,87122,1590,112
1762593346,383,4895,87161,1613,111
1762594246,415,4896,87232,1643,111
1762595146,373,4896,87237,1670,114
1762596047,374,4901,87252,1709,112
1762596947,348,4920,87208,1748,111
1762597848,376,4924,87179,1789,110
1762598748,469,4923,87166,1827,110
1762599648,683,4934,87153,1867,111
1762600549,862,4930,87076,1909,112
1762601449,1140,4928,87085,1947,114
1762602350,747,4934,87056,1991,112
1762603250,929,4940,86994,2041,111
1762604150,1120,4955,86942,2070,112
1762605051,796,4957,86915,2092,112
1762605951,726,4947,86839,2116,112
1762606852,746,5060,86844,2144,113
1762607752,2131,4950,86838,2179,109
1762608652,1846,4959,86814,2198,110
1762609553,2089,4958,86756,2220,114
1762610453,14859,4957,86756,2242,111
1762611354,2302,4959,86759,2260,111
1762612254,1277,4942,86775,2260,110
1762613154,3361,4971,86659,2270,113
1762614055,7101,4964,86765,2276,112
1762614955,10487,4956,86692,2273,110
1762615856,13227,4943,86736,2260,110
1762616756,12811,5085,86725,2247,111
1762617656,2922,4933,86642,2234,111
1762618557,324,5831,86659,2210,110
1762619457,265,5385,86697,2190,109
1762620358,234,4936,86750,2166,113
1762621258,131,4991,86741,2150,109
1762622158,38,4984,86775,2127,109
1762623059,23,6153,86720,2111,110
1762623959,19,6821,86753,2090,112
1762624860,20,5131,86783,2072,111
1762625760,20,5041,86775,2055,110
1762626660,18,5027,86795,2040,108
1762627561,18,5299,86792,2027,110
1762628461,18,4969,86847,2008,108
1762629362,19,5880,86875,1992,110
1762630262,20,5061,86849,2026,111
1762631162,18,5300,86864,1956,111
1762632063,18,5374,86902,1943,109
1762632963,19,5676,86868,1939,111
1762633864,18,5184,86875,1933,108
1762634764,18,5278,86927,1917,111
1762635664,17,6129,86907,1914,108
1762636565,19,5347,86899,1893,108
1762637465,19,5058,86889,1884,108
1762638366,19,5336,86861,1873,108
1762639266,19,5210,86861,1855,108
1762640166,19,6835,86898,1842,108
1762641067,18,4969,86903,1832,108
1762641967,17,5337,86899,1819,108
1762642868,17,7440,86821,1787,111
1762643768,17,5153,86860,1771,108
1762644668,17,5049,86848,1768,111
1762645569,18,5557,86855,1760,111
1762646469,18,4952,86857,1758,111
1762647370,17,4980,86903,1751,111
1762648270,18,4962,86908,1744,110
1762649170,18,4961,86873,1725,107
1762650071,18,4976,86915,1713,110
1762650971,17,4985,86925,1707,110
1762651872,18,4977,86884,1685,110
1762652772,18,4998,86845,1674,107
1762653673,17,5000,86912,1664,107
1762654573,17,5005,86893,1655,107
1762655473,17,5007,86877,1626,111
1762656374,17,5008,86898,1616,110
1762657274,17,5019,86889,1605,110
1762658175,17,5023,86981,1596,107
1762659075,16,5024,86966,1590,110
1762659975,17,5033,86901,1574,111
1762660876,18,5043,86936,1560,108
1762661776,16,5041,86969,1558,111
1762662677,18,5049,86922,1551,106
1762663577,18,5060,86991,1547,106
1762664477,16,5041,86933,1542,110
1762665378,17,5047,86928,1541,111
1762666278,17,5051,86982,1529,107
1762667179,16,5063,86961,1526,107
1762668079,17,5080,87015,1519,109
1762668979,21,5088,87047,1513,108
1762669880,46,5118,87088,1519,110
1762670780,77,5154,87133,1509,108
1762671681,101,5188,87178,1505,107
1762672581,134,5210,87157,1498,108
1762673481,143,5239,87169,1494,107
1762674382,172,5274,87209,1497,107
1762675282,218,5280,87264,1497,106
1762676183,213,5302,87233,1503,108
1762677083,223,5353,87244,1514,107
1762677983,250,5355,87215,1522,109
1762678884,284,5374,87249,1536,106
1762679784,318,5377,87275,1557,107
1762680685,321,5389,87308,1593,106
1762681585,365,5413,87342,1620,106
1762682485,383,5440,87276,1656,110
1762683386,375,5438,87319,1690,106
1762684286,348,5459,87231,1728,106
1762685187,377,5469,87218,1762,106
1762686087,583,5484,87153,1822,105
1762686987,886,5535,87146,1862,105
1762687888,1492,5562,87177,1906,109
1762688788,557,5590,87138,1950,110
1762689689,1228,5610,87183,1990,110
1762690589,1503,5627,87090,2014,106
1762691489,458,5676,87074,2051,107
1762692390,599,5838,87068,2076,106
1762693290,707,5807,86979,2108,105
1762694191,1084,5804,86940,2139,107
1762695091,2367,5812,86869,2159,109
1762695991,1907,5810,86834,2187,106
1762696892,7971,5825,86770,2209,105
1762697792,2573,5852,86784,2221,104
1762698693,1005,5838,86797,2237,106
1762699593,3064,5879,86769,2242,104
1762700493,5779,5911,86732,2234,105
1762701394,4318,5890,86685,2234,107
1762702294,14365,5881,86653,2231,106
1762703195,21522,5824,86669,2229,104
1762704095,3762,5857,86714,2214,107
1762704995,562,5854,86760,2188,107
1762705896,369,5876,86776,2174,106
1762706796,155,5820,86742,2156,109
1762707697,79,5826,86740,2130,108
1762708597,37,5687,86699,2119,105
1762709497,21,5679,86719,2094,105
1762710398,20,6115,86726,2069,105
1762711298,19,8853,86730,2051,109
1762712199,19,6259,86706,2033,104
1762713099,18,8658,86709,2022,104
1762713999,20,8134,86723,1999,107
1762714900,18,8362,86748,1978,104
1762715800,19,5541,86851,1962,104
1762716701,19,7234,86756,1952,104
1762717601,20,8123,86801,1930,106
1762718501,19,7456,86801,1919,104
1762719402,18,6800,86808,1908,104
1762720302,18,6337,86784,1896,105
1762721203,19,7511,86779,1879,108
1762722103,18,7217,86812,1860,104
1762723003,19,7216,86825,1844,106
1762723904,17,5917,86815,1850,106
1762724804,18,5907,86884,1847,104
1762725705,18,5622,86899,1810,104
1762726605,19,5625,86933,1798,104
1762727505,19,5640,86939,1785,107
1762728406,17,5656,86993,1766,105
1762729306,18,5715,86997,1749,104
1762730207,18,5794,86963,1734,104
1762731107,18,5756,86961,1725,104
1762732007,17,5775,86940,1720,107
1762732908,16,5912,86884,1723,104
1762733808,17,5908,86911,1683,107
1762734709,17,5938,86936,1673,104
1762735609,17,6008,86911,1673,104
1762736509,17,6046,86910,1662,104
1762737410,18,6020,86944,1657,104
1762738310,18,6033,86919,1652,104
1762739211,17,6031,86910,1632,106
1762740111,17,6064,86925,1619,103
1762741011,18,6067,86890,1603,103
1762741912,18,6061,86923,1594,104
1762742812,18,6071,86885,1581,103
1762743713,18,6068,86933,1578,106
1762744613,16,6053,86872,1579,101
1762745513,17,6061,86912,1560,106
1762746414,18,6062,86894,1560,106
1762747314,19,6077,86879,1552,101
1762748215,17,6095,86927,1540,103
1762749115,17,6075,86934,1532,103
1762750016,17,6087,86926,1519,103
1762750916,17,6101,86967,1497,102
1762751816,17,6064,86972,1519,103
1762752717,17,6081,86984,1508,104
1762753617,17,6100,87036,1497,104
1762754518,17,6060,87024,1484,103
1762755418,21,6111,87065,1477,100
1762756318,37,6101,87061,1475,102
1762757219,73,6086,87098,1468,103
1762758119,76,6102,87074,1483,101
1762759020,115,6111,87104,1482,101
1762759920,128,6136,87162,1481,103
1762760820,114,6188,87179,1480,103
1762761721,150,6167,87217,1474,103
1762762621,160,6188,87408,1492,102
1762763522,157,6143,87542,1491,103
1762764422,191,6142,87611,1489,101
1762765322,266,6051,87466,1502,101
1762766223,261,6036,87338,1517,101
1762767123,277,6055,87312,1559,102
1762768024,283,6059,87290,1575,100
1762768924,319,6058,87292,1612,101
1762769824,357,6138,87311,1653,103
1762770725,373,6198,87339,1686,101
1762771625,366,6279,87301,1736,103
1762772526,442,6376,87258,1780,103
1762773426,686,6399,87269,1829,101
1762774326,1093,6383,87175,1867,103
1762775227,480,6490,87195,1923,100
1762776127,1235,6514,87128,1971,103
1762777028,1324,6521,87087,2002,100
1762777928,613,6536,87051,2025,103
1762778828,596,6585,86943,2048,101
1762779729,575,6670,86962,2095,101
1762780629,920,6650,86903,2130,99
1762781530,2549,6669,86888,2195,101
1762782430,1132,6756,86921,2208,101
1762783330,3243,6733,86954,2228,98
1762784231,2818,6804,86956,2254,102
1762785131,1021,6845,86898,2270,99
1762786032,2191,6907,86925,2284,102
1762786932,7623,7027,86893,2307,100
1762787832,2042,7297,86850,2304,100
1762788733,9244,7350,86834,2309,99
1762789633,4603,7457,86772,2287,99
1762790534,1058,8494,86735,2274,102
1762791434,261,10302,86767,2251,100
1762792334,202,11919,86728,2228,100
1762793235,145,12029,86677,2265,100
1762794135,60,9958,86775,2184,99
1762795036,30,9744,86901,2047,100
1762795936,20,9701,86886,2028,101
1762796836,20,11359,86879,2018,101
1762797737,20,12761,86913,1990,103
1762798637,19,13018,86897,1993,100
1762799538,19,7904,86968,1986,99
1762800438,18,8162,86945,1981,97
1762801338,17,9147,86918,1960,97
1762802239,18,11297,86975,1934,97
1762803139,19,8795,86964,1920,97
1762804040,17,9124,86967,1916,100
1762804940,20,9103,86971,1925,97
1762805840,19,11805,86975,1887,99
1762806741,19,9871,87007,1826,98
1762807641,18,8604,87034,1816,99
1762808542,18,8639,87037,1805,100
1762809442,17,8969,87027,1798,100
1762810342,18,10461,87032,1792,100
1762811243,18,9113,87058,1780,99
1762812143,19,9169,87046,1763,96
1762813044,18,8929,87084,1752,96
1762813944,18,9000,87087,1735,101
1762814844,18,9156,87080,1723,96
1762815745,18,9115,87009,1708,97
1762816645,17,9171,87042,1694,99
1762817546,18,9302,87068,1679,96
1762818446,16,9201,87038,1667,95
1762819346,19,9257,86998,1656,98
1762820247,17,9539,87021,1645,96
1762821147,18,9280,86975,1631,96
1762822048,17,9509,86993,1620,96
1762822948,18,9690,87012,1607,98
1762823848,18,10250,87009,1587,96
1762824749,18,9964,87056,1587,96
1762825649,19,9826,87011,1559,96
1762826550,18,9598,87024,1568,97
1762827450,18,9368,87031,1561,97
1762828350,17,10865,86977,1548,95
1762829251,16,9702,86975,1538,99
1762830151,17,9798,86970,1526,96
1762831052,19,12671,86950,1515,95
1762831952,18,9549,86944,1508,96
1762832852,17,10441,86954,1496,96
1762833753,17,9357,86958,1489,99
1762834653,16,9343,86942,1498,96
1762835554,17,9456,86926,1481,99
1762836454,16,10075,86958,1472,97
1762837354,16,9467,86984,1461,98
1762838255,18,10625,86983,1455,95
1762839155,15,9189,87048,1447,97
1762840056,18,9359,87042,1437,95
1762840956,16,9332,87079,1429,94
1762841856,20,9330,87088,1414,95
1762842757,31,9372,87112,1426,94
1762843657,44,9301,87112,1401,99
1762844558,71,9422,87172,1406,97
1762845458,76,9390,87144,1396,97
1762846358,78,9412,87129,1396,96
1762847259,86,9525,87180,1394,94
1762848159,142,9530,87259,1392,94
1762849060,121,9537,87258,1394,96
1762849960,139,9575,87272,1404,93
1762850860,137,9304,87223,1420,96
1762851761,172,9549,87287,1433,97
1762852661,236,9722,87285,1454,94
1762853562,201,9637,87287,1484,96
1762854462,208,9559,87224,1508,96
1762855363,214,9742,87267,1555,97
1762856263,196,9740,87247,1582,93
1762857163,190,9747,87209,1626,97
1762858064,195,9804,87140,1674,94
1762858964,251,9789,87140,1712,96
1762859865,378,9754,87097,1762,94
1762860765,630,9534,87092,1818,93
1762861665,287,9617,87095,1851,93
1762862566,582,9478,87026,1901,95
1762863466,619,9518,87049,1935,95
1762864367,305,9461,86997,1973,95
1762865267,378,9638,86937,2005,94
1762866167,302,9549,86937,2053,94
1762867068,451,9462,86883,2113,93
1762867968,1296,9590,86890,2126,94
1762868869,473,9486,86855,2160,93
1762869769,1048,9545,86850,2181,93
1762870669,1974,9846,86822,2176,93
1762871570,670,9810,86822,2226,93
1762872470,1831,9733,86883,2156,93
1762873371,3369,10090,86863,2163,93
1762874271,566,10185,86829,2165,92
1762875171,4242,10737,86775,2174,92
1762876072,2956,10939,86752,2169,92
1762876972,811,10613,86736,2165,92
1762877873,170,10641,86789,2137,92
1762878773,125,10464,86817,2116,92
1762879673,69,10930,86815,2093,92
1762880574,32,11359,86847,2066,92
1762881474,24,11338,86821,2052,92
1762882375,20,11268,86897,2031,92
1762883275,19,11145,86908,2007,92
1762884175,20,11617,86908,1978,93
1762885076,19,11546,86935,1954,92
1762885976,19,11275,86841,1900,92
1762886877,18,11135,86898,1887,92
1762887777,18,11207,86814,1871,92
1762888677,18,11046,86863,1851,92
1762889578,16,10545,86912,1834,92
1762890478,19,10668,86943,1818,92
