If found, please contact tlang@live.unc.edu
Firmware updated: 2025/07/17
OpenOBS SN:469

time,ambient_light,backscatter,pressure,water_temp,battery
1752761201,5351,10526,86537,3610,159
1752761201,5338,10520,86558,3613,135
1752761202,5289,10519,86551,3613,135
1752761203,5250,10508,86557,3612,135
1752761204,5280,10516,86553,3612,135
1752761204,5244,10510,86554,3612,135
1752761205,5277,10505,86556,3612,136
1752761206,5303,10517,86557,3612,135
1752761207,5323,10505,86557,3612,135
1752761208,5313,10508,86558,3611,135
1752761208,5283,10513,86555,3612,135
1752761209,5296,10493,86558,3612,135
1752761210,5286,10501,86564,3612,135
1752761211,5310,10506,86557,3611,135
1752761212,5309,10514,86559,3610,135
1752761212,5280,10488,86560,3611,135
1752761213,5321,10500,86557,3610,136
1752761214,5341,10499,86560,3610,135
1752761215,5366,10498,86558,3610,136
1752761216,5367,10502,86564,3609,135
1752761216,5356,10498,86556,3609,135
1752761217,5367,10495,86557,3609,135
1752761218,5343,10496,86561,3608,136
1752761219,5409,10503,86554,3607,135
1752761220,5427,10495,86558,3607,135
1752761220,5423,10488,86562,3607,135
1752761221,5400,10490,86558,3606,135
1752761222,5354,10490,86556,3605,135
1752761223,5372,10493,86558,3605,135
1752761224,5391,10480,86554,3604,135
1752761224,5402,10488,86555,3604,135
1752761225,5400,10496,86560,3603,136
1752761226,5401,10494,86560,3603,135
1752761227,5418,10497,86558,3602,135
1752761228,5429,10498,86558,3602,136
1752761228,5446,10490,86554,3601,135
1752761229,5452,10486,86561,3601,135
1752761230,5430,10482,86559,3600,135
1752761240,5416,10478,86526,3591,154
1752761240,5435,10481,86563,3593,135
1752761242,5452,10488,86523,3589,162
1752761243,5459,10478,86564,3591,135
1752761244,5463,10476,86559,3590,135
1752761245,5468,10480,86566,3590,135
1752761245,5475,10489,86557,3589,135
1752761246,5476,10494,86559,3589,135
1752761247,5439,10485,86558,3588,135
1752761248,5431,10483,86561,3588,135
1752761249,5491,10472,86560,3587,135
1752761249,5448,10489,86558,3587,135
1752761250,5457,10472,86558,3586,135
1752761251,5419,10490,86542,3584,137
1752761252,5504,10495,86559,3585,135
1752761253,5446,10472,86556,3584,135
1752761253,5486,10480,86554,3584,135
1752761254,5434,10491,86555,3583,135
1752761255,5463,10475,86557,3582,135
1752761256,5434,10473,86562,3582,135
1752761257,5447,10486,86564,3582,135
1752761257,5431,10471,86560,3581,135
1752761258,5525,10503,86559,3581,135
1752761259,5527,10489,86556,3580,135
1752761260,5471,10472,86563,3579,135
1752761261,5533,10496,86562,3579,136
1752761261,5474,10466,86561,3578,135
1752761262,5466,10491,86559,3578,135
1752761263,5462,10481,86561,3577,135
1752761264,5560,10519,86558,3577,135
1752761265,5517,10473,86567,3576,135
1752761265,5484,10481,86559,3576,135
1752761266,5454,10469,86563,3575,135
1752761267,7395,10059,86561,3574,135
1752761268,7555,10048,86565,3574,136
1752761269,7530,10050,86557,3573,136
1752761269,7573,10048,86561,3573,135
1752761270,7575,10032,86556,3572,135
1752761301,7590,10048,86539,3562,150
1752761601,7015,10060,86550,3575,135
1752761901,25925,9800,86536,3716,99
1752762202,17751,10005,86530,3695,100
1752762502,17,22155,86560,3571,99
1752762802,13,24388,86546,3033,100
1752763102,1015,16211,86536,2795,100
1752763403,1199,16787,86525,2701,95
1752763703,48,5013,87150,2919,98
1752764003,475,3732,87213,3040,98
1752764304,679,3066,87206,3061,98
1752764604,595,2972,87182,3071,98
1752764904,682,2951,87190,3070,98
1752765205,582,2947,87182,3075,98
1752765505,667,2907,87191,3072,98
1752765805,608,2920,87171,3073,98
1752766105,559,2904,87146,3077,98
1752766406,611,2889,87136,3079,98
1752766706,545,2913,87104,3080,98
1752767006,489,2915,87127,3079,98
1752767307,488,2913,87099,3077,98
1752767607,442,2895,87091,3075,98
1752767907,438,2889,87082,3070,98
1752768208,660,2891,87057,3064,98
1752768508,534,2893,87092,3057,98
1752768808,438,2889,87098,3048,98
1752769108,538,2880,87083,3039,98
1752769409,385,2885,87079,3030,98
1752769709,375,2872,87075,3020,98
1752770009,431,2872,87078,3008,98
1752770310,553,2867,87080,2996,98
1752770610,439,2873,87092,2985,98
1752770910,350,2878,87112,2974,98
1752771211,249,2884,87073,2961,98
1752771511,261,2888,87094,2946,98
1752771811,203,2900,87100,2932,98
1752772111,160,2901,87103,2918,98
1752772412,146,2899,87071,2902,98
1752772712,147,2877,87093,2885,98
1752773012,144,2884,87091,2868,98
1752773313,158,2883,87088,2853,98
1752773613,113,2877,87090,2836,98
1752773913,93,2882,87095,2821,98
1752774214,120,2887,87078,2809,98
1752774514,119,2896,87084,2794,96
1752774814,142,2888,87081,2777,98
1752775114,95,2886,87087,2762,95
1752775415,70,2886,87085,2748,98
1752775715,62,2898,87101,2735,98
1752776015,55,2887,87113,2722,97
1752776316,62,2877,87103,2710,98
1752776616,59,2881,87109,2700,98
1752776916,48,2881,87098,2689,98
1752777216,45,2880,87106,2678,98
1752777517,41,2879,87094,2667,98
1752777817,35,2889,87102,2657,98
1752778117,30,2881,87091,2647,98
1752778418,25,2878,87090,2638,98
1752778718,16,2885,87082,2629,98
1752779018,15,2889,87074,2622,98
1752779319,17,2878,87093,2614,98
1752779619,14,2885,87092,2607,98
1752779919,11,2894,87112,2600,98
1752780219,11,2896,87112,2594,98
1752780520,9,2900,87119,2588,98
1752780820,10,2900,87141,2583,98
1752781120,8,2905,87155,2577,98
1752781421,8,2903,87142,2573,98
1752781721,10,2914,87137,2569,98
1752782021,11,2912,87155,2564,98
1752782322,10,2909,87141,2560,98
1752782622,9,2912,87136,2555,98
1752782922,7,2910,87127,2551,98
1752783222,10,2913,87132,2546,98
1752783523,9,2918,87136,2541,98
1752783823,12,2919,87133,2535,98
1752784123,9,2926,87126,2531,98
1752784424,11,2923,87137,2525,95
1752784724,6,2917,87129,2521,98
1752785024,13,2924,87129,2517,98
1752785325,14,2925,87138,2513,98
1752785625,9,2928,87161,2508,98
1752785925,10,2927,87163,2505,98
1752786225,7,2936,87162,2502,98
1752786526,8,2933,87175,2499,98
1752786826,6,2936,87148,2497,98
1752787126,9,2949,87158,2494,95
1752787427,10,2945,87154,2490,96
1752787727,8,2943,87153,2487,98
1752788027,11,2946,87157,2483,96
1752788328,6,2951,87181,2479,96
1752788628,10,2947,87201,2474,95
1752788928,10,2956,87246,2470,96
1752789228,10,2979,87267,2465,96
1752789529,9,2984,87333,2460,96
1752789829,11,3006,87347,2455,98
1752790129,6,2983,87369,2450,96
1752790430,8,2984,87373,2445,98
1752790730,8,3012,87396,2441,96
1752791030,7,2996,87393,2438,95
1752791331,8,2999,87406,2435,95
1752791631,9,3004,87397,2433,97
1752791931,9,3013,87395,2430,96
1752792231,10,3010,87399,2429,98
1752792532,10,3026,87385,2426,97
1752792832,11,3026,87394,2423,96
1752793132,12,3032,87392,2420,98
1752793433,11,3033,87381,2417,96
1752793733,6,3045,87372,2414,97
1752794033,11,3060,87361,2410,97
1752794333,12,3050,87385,2407,96
1752794634,10,3049,87411,2404,97
1752794934,12,3057,87439,2400,98
1752795234,11,3071,87470,2396,98
1752795535,7,3097,87485,2393,97
1752795835,5,3074,87510,2390,96
1752796135,13,3097,87507,2386,96
1752796436,12,3117,87496,2383,97
1752796736,14,3112,87502,2380,98
1752797036,7,3118,87479,2377,96
1752797336,12,3120,87486,2375,98
1752797637,8,3116,87484,2371,96
1752797937,11,3114,87475,2368,97
1752798237,6,3143,87463,2365,96
1752798538,9,3144,87463,2361,97
1752798838,8,3172,87454,2357,97
1752799138,6,3161,87456,2353,98
1752799439,8,3169,87442,2348,97
1752799739,11,3187,87454,2343,97
1752800039,11,3187,87438,2336,96
1752800339,9,3204,87447,2330,95
1752800640,9,3207,87469,2323,95
1752800940,7,3208,87457,2317,96
1752801240,9,3222,87422,2311,95
1752801541,7,3290,87442,2306,96
1752801841,11,3267,87452,2301,96
1752802141,8,3253,87427,2298,95
1752802442,11,3233,87371,2294,96
1752802742,8,3269,87402,2290,96
1752803042,9,3302,87400,2286,96
1752803342,8,3305,87384,2283,96
1752803643,8,3311,87378,2280,96
1752803943,7,3310,87370,2277,97
1752804243,9,3318,87380,2275,96
1752804544,9,3344,87371,2273,96
1752804844,9,3351,87372,2269,95
1752805144,8,3352,87350,2267,96
1752805445,6,3369,87356,2264,95
1752805745,10,3395,87352,2262,95
1752806045,12,3390,87373,2259,97
1752806345,9,3384,87365,2257,98
1752806646,11,3407,87366,2254,95
1752806946,7,3414,87364,2252,95
1752807246,8,3439,87369,2250,95
1752807547,11,3444,87375,2247,97
1752807847,9,3461,87354,2245,96
1752808147,6,3445,87375,2244,98
1752808447,7,3484,87387,2242,95
1752808748,7,3493,87395,2241,96
1752809048,7,3459,87383,2239,95
1752809348,12,3492,87377,2237,95
1752809649,8,3525,87381,2235,96
1752809949,8,3544,87389,2233,96
1752810249,8,3564,87381,2231,96
1752810550,10,3554,87377,2229,95
1752810850,9,3546,87363,2226,96
1752811150,7,3599,87361,2224,95
1752811450,9,3610,87360,2221,96
1752811751,8,3582,87371,2219,95
1752812051,9,3604,87344,2217,95
1752812351,6,3601,87354,2215,95
1752812652,11,3630,87338,2213,96
1752812952,13,3600,87330,2211,95
1752813252,8,3662,87279,2209,96
1752813553,10,3648,87256,2206,96
1752813853,9,3666,87241,2204,95
1752814153,9,3672,87215,2201,97
1752814453,6,3647,87227,2199,96
1752814754,7,3686,87220,2196,95
1752815054,10,3681,87229,2194,95
1752815354,11,3669,87223,2191,98
1752815655,18,3744,87220,2190,95
1752815955,20,3735,87213,2187,95
1752816255,34,3680,87226,2185,96
1752816556,40,3744,87223,2184,95
1752816856,63,3750,87224,2183,95
1752817156,82,3778,87213,2181,95
1752817456,96,3704,87227,2180,96
1752817757,85,3785,87227,2180,96
1752818057,136,3815,87228,2179,95
1752818357,132,3800,87213,2179,95
1752818658,169,3770,87226,2179,95
1752818958,150,3791,87239,2180,95
1752819258,163,3846,87242,2181,95
1752819559,160,3822,87239,2183,95
1752819859,211,3896,87264,2185,98
1752820159,244,3806,87256,2187,95
1752820459,252,3887,87255,2187,97
1752820760,296,3876,87271,2190,95
1752821060,281,3851,87249,2191,96
1752821360,295,3919,87255,2194,95
1752821661,338,3953,87252,2198,96
1752821961,315,3908,87283,2203,96
1752822261,305,3946,87266,2207,96
1752822561,330,3961,87273,2213,96
1752822862,335,3964,87285,2219,95
1752823162,342,3945,87282,2226,96
1752823462,257,3949,87286,2234,96
1752823763,285,3952,87275,2241,96
1752824063,475,4012,87277,2250,95
1752824363,364,4022,87254,2260,96
1752824664,397,4023,87268,2270,95
1752824964,430,4010,87268,2282,96
1752825264,382,4045,87256,2294,96
1752825564,375,4108,87274,2307,95
1752825865,416,4031,87254,2320,96
1752826165,445,4024,87313,2335,96
1752826465,468,4125,87361,2350,96
1752826766,444,4133,87439,2364,95
1752827066,365,4117,87464,2376,96
1752827366,392,4086,87486,2387,98
1752827667,384,4138,87472,2398,95
1752827967,378,4121,87485,2410,97
1752828267,371,4142,87499,2422,96
1752828567,395,4149,87490,2432,97
1752828868,338,4227,87498,2437,95
1752829168,370,4260,87447,2445,96
1752829468,353,4253,87414,2456,96
1752829769,413,4349,87415,2471,96
1752830069,396,4352,87370,2489,96
1752830369,405,4384,87322,2507,96
1752830670,386,4423,87269,2524,96
1752830970,483,4465,87257,2540,98
1752831270,441,4460,87217,2558,98
1752831570,453,4443,87187,2573,96
1752831871,473,4451,87162,2582,98
1752832171,437,4549,87166,2599,96
1752832471,484,4535,87139,2621,96
1752832772,428,4519,87149,2644,95
1752833072,432,4619,87141,2668,96
1752833372,465,4531,87135,2690,97
1752833673,471,4565,87136,2711,98
1752833973,403,4557,87139,2732,96
1752834273,463,4701,87143,2751,98
1752834573,393,4625,87134,2770,96
1752834874,372,4637,87155,2787,95
1752835174,393,4693,87152,2805,95
1752835474,379,4691,87130,2822,95
1752835775,426,4733,87130,2840,98
1752836075,401,4660,87133,2858,95
1752836375,484,4775,87132,2875,95
1752836676,410,4757,87117,2894,95
1752836976,424,4815,87097,2914,95
1752837276,401,4751,87089,2933,95
1752837576,435,4802,87099,2953,95
1752837877,391,4906,87096,2974,95
1752838177,557,4922,87137,2983,95
1752838477,558,4886,87157,2989,95
1752838778,562,4883,87182,3010,95
1752839078,513,4964,87200,3030,95
1752839378,603,5001,87185,3029,95
1752839679,579,5065,87179,3027,95
1752839979,707,4998,87170,3031,95
1752840279,709,5002,87154,3041,95
1752840579,706,4984,87145,3050,98
1752840880,518,5010,87167,3053,95
1752841180,659,5124,87129,3048,95
1752841480,513,5192,87104,3052,95
1752841781,545,5299,87120,3056,95
1752842081,529,5425,87097,3063,95
1752842381,729,5282,87068,3066,95
1752842682,712,5391,87056,3080,95
1752842982,790,5469,87032,3103,95
1752843282,787,5442,87001,3118,95
1752843582,610,5476,86972,3130,95
1752843883,602,5612,86946,3143,95
1752844183,593,5436,86901,3153,95
1752844483,640,5546,86887,3157,95
1752844784,509,5587,86871,3165,95
1752845084,708,5474,86844,3158,95
1752845384,600,5584,86828,3154,95
1752845685,674,5630,86816,3153,95
1752845985,548,5559,86812,3159,95
1752846285,490,5710,86797,3169,95
1752846585,439,5643,86794,3182,97
1752846886,444,5715,86796,3179,95
1752847186,344,5864,86789,3178,98
1752847486,588,5886,86761,3175,95
1752847787,608,5884,86773,3177,95
1752848087,490,5858,86773,3186,95
1752848387,490,5926,86771,3201,95
1752848688,496,5888,86771,3220,95
1752848988,619,5931,86768,3230,95
1752849288,547,5878,86760,3239,98
1752849588,527,6037,86779,3250,95
1752849889,744,5861,86743,3262,96
1752850189,601,6057,86750,3268,95
1752850489,495,5820,86736,3269,95
1752850790,624,6075,86719,3273,95
1752851090,683,6036,86702,3277,95
1752851390,490,6073,86703,3278,95
1752851691,504,6039,86702,3276,95
1752851991,459,6043,86675,3278,95
1752852291,438,6130,86649,3274,95
1752852591,457,6192,86631,3272,95
1752852892,414,6273,86604,3275,95
1752853192,448,6308,86588,3268,95
1752853492,603,6162,86587,3253,95
1752853793,394,6028,86571,3240,95
1752854093,386,6434,86548,3222,95
1752854393,498,6002,86559,3211,95
1752854693,439,6285,86536,3205,95
1752854994,458,6287,86545,3199,95
1752855294,401,6369,86562,3189,95
1752855594,429,6300,86540,3180,95
1752855895,380,6257,86532,3166,95
1752856195,351,6312,86514,3155,95
1752856495,329,6531,86516,3140,95
1752856796,435,6501,86521,3126,95
1752857096,371,6326,86499,3115,95
1752857396,361,6323,86504,3105,95
1752857696,298,6453,86483,3094,95
1752857997,389,6533,86459,3082,95
1752858297,288,6608,86464,3067,98
1752858597,343,6719,86467,3054,95
1752858898,268,6503,86453,3040,95
1752859198,332,6410,86450,3026,95
1752859498,252,6564,86446,3013,95
1752859799,222,6631,86440,3000,95
1752860099,210,6652,86458,2988,98
1752860399,232,6508,86451,2977,95
1752860699,137,6575,86454,2968,95
1752861000,158,6593,86451,2960,95
1752861300,132,6722,86446,2950,95
1752861600,119,6705,86441,2938,98
1752861901,180,6761,86451,2926,95
1752862201,188,6644,86440,2915,95
1752862501,157,6709,86424,2905,95
1752862802,146,6749,86429,2893,95
1752863102,116,6756,86417,2882,98
1752863402,75,6603,86430,2871,96
1752863702,65,6824,86432,2860,98
1752864003,62,6662,86440,2849,95
1752864303,48,6724,86435,2837,98
1752864603,33,6927,86429,2824,95
1752864904,35,6799,86444,2812,97
1752865204,18,6780,86450,2801,98
1752865504,14,6821,86454,2788,97
1752865805,13,6779,86456,2775,98
1752866105,12,6865,86468,2763,98
1752866405,13,6809,86470,2751,98
1752866705,14,6751,86476,2740,98
1752867006,9,6937,86493,2730,98
1752867306,10,6861,86489,2717,96
1752867606,11,6925,86492,2707,98
1752867907,10,7002,86482,2698,98
1752868207,7,6777,86495,2691,98
1752868507,10,6964,86481,2685,98
1752868808,7,6645,86493,2678,96
1752869108,9,6901,86503,2671,98
1752869408,12,6935,86527,2664,97
1752869708,16,6850,86524,2658,96
1752870009,11,6716,86539,2652,98
1752870309,7,6931,86531,2646,98
1752870609,11,6940,86527,2640,98
1752870910,11,6843,86539,2635,96
1752871210,9,6908,86543,2629,98
1752871510,10,6883,86543,2624,96
1752871811,11,6658,86548,2620,98
1752872111,11,6956,86549,2615,96
1752872411,11,6980,86528,2610,98
1752872711,10,6893,86512,2603,98
1752873012,14,7069,86516,2596,96
1752873312,7,7188,86491,2589,97
1752873612,12,7314,86492,2583,98
1752873913,11,7629,86479,2579,96
1752874213,7,7762,86475,2573,98
1752874513,10,8552,86467,2568,96
1752874814,7,8291,86480,2563,96
1752875114,14,8130,86478,2558,96
1752875414,10,8665,86473,2555,96
1752875714,9,7594,86462,2552,97
1752876015,9,7533,86474,2549,98
1752876315,11,7571,86478,2547,96
1752876615,10,7471,86476,2545,97
1752876916,7,7652,86472,2543,97
1752877216,11,7452,86479,2540,98
1752877516,10,7504,86497,2536,98
1752877816,12,7559,86482,2531,96
1752878117,8,7579,86468,2528,96
1752878417,9,7654,86484,2525,98
1752878717,8,7631,86473,2522,96
1752879018,9,7323,86466,2518,96
1752879318,8,7356,86510,2516,98
1752879618,10,7204,86576,2514,98
1752879919,11,6922,86614,2513,96
1752880219,12,7145,86659,2513,96
1752880519,9,7194,86687,2511,97
1752880819,10,7066,86701,2510,96
1752881120,8,7116,86689,2508,97
1752881420,10,7056,86693,2505,96
1752881720,10,7069,86694,2503,96
1752882021,12,7354,86683,2500,96
1752882321,11,7348,86683,2497,98
1752882621,9,7293,86681,2494,98
1752882922,11,7140,86662,2492,95
1752883222,8,7137,86665,2490,96
1752883522,9,7201,86643,2488,96
1752883822,8,7189,86654,2487,96
1752884123,6,7354,86645,2486,97
1752884423,11,7507,86644,2485,96
1752884723,11,7055,86642,2485,96
1752885024,11,7224,86638,2484,97
1752885324,12,7600,86644,2484,98
1752885624,12,7378,86678,2483,98
1752885925,8,7593,86691,2482,96
1752886225,8,7408,86713,2480,96
1752886525,11,7450,86729,2477,97
1752886825,9,7393,86691,2472,96
1752887126,8,7590,86706,2466,96
1752887426,11,7590,86706,2459,96
1752887726,8,7476,86714,2451,98
1752888027,9,7311,86745,2442,95
1752888327,9,7426,86753,2433,96
1752888627,10,7364,86760,2425,96
1752888928,11,7483,86751,2417,96
1752889228,7,7527,86745,2410,96
1752889528,9,7495,86723,2404,96
1752889828,9,7557,86734,2398,95
1752890129,6,7475,86735,2393,97
1752890429,9,7537,86721,2388,97
1752890729,6,7647,86720,2384,96
1752891030,7,7547,86731,2379,97
1752891330,7,7571,86714,2376,96
1752891630,7,7622,86706,2373,96
1752891931,6,7808,86731,2370,96
1752892231,8,7770,86727,2369,97
1752892531,10,7655,86743,2367,96
1752892831,8,7824,86740,2366,97
1752893132,11,7771,86723,2364,96
1752893432,9,7592,86738,2361,96
1752893732,10,7938,86742,2359,95
1752894033,11,7650,86751,2358,96
1752894333,14,7799,86734,2356,97
1752894633,8,7724,86745,2355,96
1752894933,9,7817,86737,2354,96
1752895234,13,7796,86733,2353,98
1752895534,9,7495,86698,2352,96
1752895834,14,7780,86718,2351,98
1752896135,10,7812,86701,2350,96
1752896435,6,7870,86715,2349,96
1752896735,11,7649,86716,2348,96
1752897036,8,7779,86714,2346,97
1752897336,8,7372,86719,2345,96
1752897636,8,7920,86726,2343,96
1752897936,9,7846,86730,2341,95
1752898237,9,8011,86726,2339,96
1752898537,7,7823,86733,2337,95
1752898837,6,7947,86715,2335,96
1752899138,7,8082,86728,2332,95
1752899438,9,7828,86727,2330,96
1752899738,6,7985,86727,2329,96
1752900039,6,7967,86743,2326,95
1752900339,7,8059,86729,2324,96
1752900639,7,8077,86757,2323,96
1752900939,9,7978,86754,2321,96
1752901240,8,7875,86772,2320,95
1752901540,9,7661,86756,2318,96
1752901840,12,7875,86759,2317,95
1752902141,10,8080,86737,2315,96
1752902441,14,7874,86725,2313,95
1752902741,15,7799,86722,2310,96
1752903042,22,7980,86734,2308,95
1752903342,23,7995,86694,2306,96
1752903642,30,7964,86673,2304,96
1752903942,33,7790,86650,2302,95
1752904243,27,7938,86651,2300,96
1752904543,34,8109,86648,2299,96
1752904843,35,8115,86623,2298,95
1752905144,28,7848,86645,2298,96
1752905444,28,7701,86620,2299,96
1752905744,35,8063,86622,2299,96
1752906045,39,8008,86614,2299,96
1752906345,33,8064,86621,2300,95
1752906645,32,7878,86613,2301,95
1752906945,49,8169,86638,2302,95
1752907246,34,7932,86622,2302,96
1752907546,45,7828,86622,2304,95
1752907846,69,7835,86622,2303,95
1752908147,70,8154,86632,2306,96
1752908447,104,8053,86602,2307,97
1752908747,130,8181,86607,2308,96
1752909047,168,7983,86592,2310,96
1752909348,148,8101,86613,2314,96
1752909648,176,7801,86604,2318,97
1752909948,224,7992,86615,2324,95
1752910249,231,8192,86632,2331,95
1752910549,243,8341,86607,2339,95
1752910849,212,8200,86609,2347,95
1752911150,286,8304,86595,2355,96
1752911450,285,8262,86609,2365,95
1752911750,368,8300,86627,2374,95
1752912050,216,8172,86609,2383,98
1752912351,248,8016,86595,2393,96
1752912651,213,8027,86603,2401,97
1752912951,300,8076,86577,2411,96
1752913252,328,8067,86595,2424,95
1752913552,359,8310,86590,2437,95
1752913852,427,8012,86598,2454,97
1752914153,379,8169,86609,2473,96
1752914453,286,8195,86617,2493,95
1752914753,388,8342,86635,2511,95
1752915053,322,7942,86637,2528,97
1752915354,298,8008,86682,2541,98
1752915654,367,8150,86684,2562,97
1752915954,274,8301,86672,2584,97
1752916255,253,8089,86685,2599,98
1752916555,216,8189,86663,2602,98
1752916855,234,8397,86669,2599,96
1752917156,243,8212,86669,2597,97
1752917456,282,8367,86664,2607,96
1752917756,324,8257,86648,2624,97
1752918056,289,8502,86639,2647,97
1752918357,352,8346,86639,2668,98
1752918657,391,8281,86630,2690,96
1752918957,393,8253,86646,2713,98
1752919258,375,8285,86656,2739,95
1752919558,454,8437,86638,2759,95
1752919858,450,8164,86646,2780,95
1752920159,449,8384,86611,2803,95
1752920459,428,8430,86602,2827,98
1752920759,560,8290,86632,2847,95
1752921059,431,8557,86595,2861,98
1752921360,400,8363,86594,2874,95
1752921660,447,8507,86552,2886,95
1752921960,438,8672,86577,2898,98
1752922261,447,8534,86566,2905,95
1752922561,505,8499,86566,2907,95
1752922861,546,8728,86555,2913,95
1752923162,583,8577,86553,2927,95
1752923462,530,8531,86525,2948,95
1752923762,555,8548,86521,2973,95
1752924062,535,8745,86520,2997,98
1752924363,466,8388,86516,3017,95
1752924663,303,8705,86483,3037,95
1752924963,367,8835,86474,3055,98
1752925264,331,8747,86469,3072,95
1752925564,349,8657,86466,3091,95
1752925864,252,8750,86457,3108,95
1752926165,324,8756,86458,3123,95
1752926465,320,8501,86453,3138,95
1752926765,271,8957,86454,3151,95
1752927065,269,8579,86430,3145,95
1752927366,317,8865,86437,3142,95
1752927666,374,8680,86419,3150,95
1752927966,341,8853,86434,3171,98
1752928267,339,8856,86422,3196,95
1752928567,259,9098,86413,3222,95
1752928867,458,8925,86399,3243,95
1752929168,347,9039,86400,3260,95
1752929468,344,9160,86382,3276,95
1752929768,339,8965,86377,3291,95
1752930068,268,8989,86370,3295,95
1752930369,241,8954,86339,3292,95
1752930669,239,9249,86355,3283,95
1752930969,298,9187,86314,3278,98
1752931270,215,9088,86316,3287,95
1752931570,314,9088,86314,3290,95
1752931870,374,8910,86314,3296,95
1752932171,359,9234,86269,3311,95
1752932471,480,8958,86274,3325,95
1752932771,343,8772,86270,3344,95
1752933071,413,9095,86272,3356,95
1752933372,479,9010,86256,3367,95
1752933672,435,9108,86239,3370,95
1752933972,352,9260,86249,3372,95
1752934273,283,9208,86217,3380,95
1752934573,360,9360,86225,3389,95
1752934873,516,9262,86200,3393,95
1752935174,336,9050,86208,3396,95
1752935474,408,9227,86176,3396,95
1752935774,446,9340,86166,3396,95
1752936074,376,9131,86166,3397,95
1752936375,468,9341,86144,3398,95
1752936675,507,9483,86143,3395,95
1752936975,518,9158,86133,3394,95
1752937276,390,9144,86148,3390,95
1752937576,423,9305,86125,3381,95
1752937876,449,9129,86087,3367,95
1752938177,440,9261,86094,3358,95
1752938477,302,9251,86080,3355,96
1752938777,371,9013,86069,3353,95
1752939077,572,9103,86057,3349,98
1752939378,384,9077,86045,3342,95
1752939678,384,8793,86036,3334,95
1752939978,413,9143,86017,3324,95
1752940279,315,9037,86032,3314,95
1752940579,398,9083,86014,3306,95
1752940879,663,8902,86017,3299,95
1752941180,431,9289,86012,3285,95
1752941480,261,8671,85983,3265,95
1752941780,202,8660,85995,3243,95
1752942080,382,8704,85983,3221,96
1752942381,702,8606,85975,3200,95
1752942681,406,8356,85960,3179,95
1752942981,294,7751,85959,3163,95
1752943282,358,7469,85943,3147,95
1752943582,377,7134,85935,3131,95
1752943882,292,6808,85947,3112,95
1752944183,340,6817,85940,3095,95
1752944483,320,6822,85929,3079,95
1752944783,298,6397,85930,3063,98
1752945083,334,6067,85928,3051,95
1752945384,229,6464,85912,3037,95
1752945684,317,6807,85928,3022,95
1752945984,344,7155,85926,3005,95
1752946285,222,7415,85920,2988,95
1752946585,240,7400,85927,2968,95
1752946885,216,7413,85943,2950,95
1752947185,104,7585,85940,2935,98
1752947486,99,7704,85931,2920,95
1752947786,74,7886,85957,2906,95
1752948086,50,7728,85953,2892,98
1752948387,53,7839,85960,2879,98
1752948687,50,7860,85948,2865,98
1752948987,47,7919,85961,2850,98
1752949288,45,8074,85945,2838,98
1752949588,47,7924,85936,2825,98
1752949888,45,7362,85944,2811,95
1752950188,37,7876,85955,2800,98
1752950489,26,7498,85961,2787,98
1752950789,26,7409,85953,2774,98
1752951089,21,7450,85980,2762,97
1752951390,17,7519,85987,2751,98
1752951690,13,7595,85989,2745,98
1752951990,7,7303,86016,2739,96
1752952291,13,7892,86001,2732,96
1752952591,12,8127,86009,2726,98
1752952891,11,8046,86040,2720,98
1752953191,9,8088,86036,2712,98
1752953492,8,8079,86037,2705,97
1752953792,14,7993,86033,2698,98
1752954092,11,8402,86042,2691,97
1752954393,10,7896,86032,2683,98
1752954693,16,8031,86039,2674,98
1752954993,9,7911,86035,2665,96
1752955294,11,8083,86024,2654,96
1752955594,10,8579,86017,2645,96
1752955894,7,9075,86022,2636,96
1752956194,10,9059,86020,2627,96
1752956495,11,9378,86021,2621,95
1752956795,13,9697,86025,2613,96
1752957095,11,9722,86029,2603,96
1752957396,12,10675,86031,2593,96
1752957696,11,11319,86036,2589,96
1752957996,10,11215,86025,2584,96
1752958297,11,11923,86023,2581,96
1752958597,11,12622,86003,2577,96
1752958897,7,12618,85999,2572,95
1752959197,7,14214,86005,2564,95
1752959498,8,14879,85990,2561,96
1752959798,9,16910,85967,2558,95
1752960098,9,16597,85981,2554,96
1752960399,8,17495,86005,2547,96
1752960699,11,17528,85988,2544,97
1752960999,10,17382,86006,2543,96
1752961300,9,17525,86002,2540,96
1752961600,7,17565,86009,2536,95
1752961900,9,17544,86000,2533,95
1752962200,9,17088,85979,2528,95
1752962501,11,17700,85997,2525,96
1752962801,13,15990,85998,2519,96
1752963101,11,15893,85990,2514,96
1752963402,9,14667,86012,2513,96
1752963702,9,12861,86032,2511,96
1752964002,7,12372,86042,2513,96
1752964303,9,11085,86087,2513,95
1752964603,11,11144,86072,2512,96
1752964903,11,10555,86077,2513,96
1752965203,9,10467,86079,2514,96
1752965504,9,10374,86108,2514,95
1752965804,10,10325,86092,2515,96
1752966104,10,10289,86102,2514,96
1752966405,10,10279,86094,2512,95
1752966705,8,10181,86099,2512,95
1752967005,7,10233,86094,2512,96
1752967306,11,10233,86118,2509,96
1752967606,11,10246,86104,2506,95
1752967906,13,10312,86062,2504,96
1752968206,12,10256,86065,2501,95
1752968507,10,10250,86064,2498,95
1752968807,9,10238,86080,2494,96
1752969107,8,10268,86076,2492,95
1752969408,10,10144,86086,2490,95
1752969708,12,10168,86137,2489,96
1752970008,8,10159,86164,2488,95
1752970308,9,9976,86194,2488,96
1752970609,9,9832,86233,2488,96
1752970909,14,9809,86244,2488,96
1752971209,8,9701,86275,2488,96
1752971510,11,9715,86287,2488,95
1752971810,9,9609,86269,2488,95
1752972110,12,9648,86217,2488,96
1752972411,11,9690,86235,2487,96
1752972711,10,9635,86236,2487,95
1752973011,7,9666,86239,2487,95
1752973311,9,9621,86240,2487,95
1752973612,8,9602,86249,2486,95
1752973912,8,9625,86233,2486,95
1752974212,10,9623,86256,2487,95
1752974513,10,9641,86256,2487,95
1752974813,9,9639,86266,2486,95
1752975113,7,9536,86273,2485,95
1752975414,12,9577,86293,2484,96
1752975714,7,9582,86312,2482,95
1752976014,10,9647,86340,2480,95
1752976314,8,9594,86354,2479,95
1752976615,9,9615,86345,2478,95
1752976915,8,9634,86371,2477,95
1752977215,13,9666,86367,2475,95
1752977516,8,9714,86365,2473,95
1752977816,13,9750,86369,2471,95
1752978116,10,9627,86384,2469,95
1752978417,8,9578,86432,2467,95
1752978717,7,9646,86457,2465,95
1752979017,8,9551,86528,2463,95
1752979317,12,9580,86585,2461,95
1752979618,11,9565,86623,2460,95
1752979918,11,9481,86650,2458,95
1752980218,10,9569,86654,2456,95
1752980519,10,9210,86671,2454,95
1752980819,9,9438,86669,2452,95
1752981119,10,9561,86664,2449,96
1752981420,9,9507,86675,2448,95
1752981720,11,9095,86657,2446,95
1752982020,10,9307,86689,2444,95
1752982320,9,9098,86667,2442,95
1752982621,4,9122,86691,2440,95
1752982921,13,9291,86726,2439,95
1752983221,11,9431,86739,2436,95
1752983522,9,9777,86748,2432,93
1752983822,9,9517,86791,2426,95
1752984122,8,9260,86822,2420,95
1752984422,12,9307,86843,2412,95
1752984723,8,9596,86865,2404,95
1752985023,6,9116,86898,2397,95
1752985323,13,9394,86921,2391,95
1752985624,8,9505,86922,2384,95
1752985924,8,10107,86931,2380,95
1752986224,10,9285,86939,2375,95
1752986525,10,9277,86944,2372,95
1752986825,9,9364,86944,2369,95
1752987125,7,9419,86957,2366,95
1752987425,8,9408,86965,2364,95
1752987726,6,10364,86986,2362,95
1752988026,6,8475,87000,2360,95
1752988326,13,8456,87017,2358,95
1752988627,11,8187,86995,2357,95
1752988927,12,8269,87011,2355,95
1752989227,8,8318,87030,2354,95
1752989528,8,8567,87016,2352,95
1752989828,18,8805,87034,2351,95
1752990128,10,9589,87030,2349,95
1752990428,19,8692,87054,2347,95
1752990729,19,8953,87048,2345,93
1752991029,22,8774,87031,2343,95
1752991329,22,8808,87054,2342,95
1752991630,20,10104,87043,2340,95
1752991930,19,9724,87013,2339,95
1752992230,26,8708,87004,2338,95
1752992531,30,9334,86977,2336,95
1752992831,31,10084,86952,2334,95
1752993131,36,10360,86950,2332,95
1752993431,42,10492,86928,2331,95
1752993732,54,10277,86939,2329,95
1752994032,68,10469,86918,2328,95
1752994332,69,10584,86905,2326,96
1752994633,76,10634,86888,2326,95
1752994933,65,10802,86906,2325,95
1752995233,79,10502,86893,2325,96
1752995534,93,10841,86893,2325,95
1752995834,97,10957,86915,2324,95
1752996134,93,11016,86901,2325,96
1752996434,110,11104,86912,2325,96
1752996735,125,11130,86911,2326,95
1752997035,132,11222,86939,2327,95
1752997335,159,10596,86896,2328,95
1752997636,177,10523,86880,2331,95
1752997936,218,10676,86898,2334,95
1752998236,225,10813,86898,2338,95
1752998537,230,10845,86907,2342,95
1752998837,237,10774,86919,2346,95
1752999137,224,10875,86939,2351,95
1752999437,223,10922,86929,2355,96
1752999738,264,10877,86962,2359,95
1753000038,255,10942,86993,2364,95
1753000338,294,10720,86987,2369,95
1753000639,302,10774,87031,2376,95
1753000939,367,10768,87030,2383,96
1753001239,383,10879,87016,2391,95
1753001539,350,10876,87009,2397,95
1753001840,365,10904,87013,2402,95
1753002140,372,10910,87008,2408,95
1753002440,287,10958,86997,2415,95
1753002741,285,10916,86995,2420,95
1753003041,288,10916,86997,2423,95
1753003341,339,10865,86988,2427,93
1753003642,389,10790,86978,2432,95
1753003942,359,10775,86970,2437,95
1753004242,368,10761,86954,2444,95
1753004542,393,10777,86927,2451,95
1753004843,378,10754,86946,2457,95
1753005143,370,10816,86936,2463,93
1753005443,362,11342,86923,2468,95
1753005744,330,10317,86896,2473,95
1753006044,366,10202,86886,2476,93
1753006344,303,10304,86888,2480,95
1753006645,296,10172,86876,2483,96
1753006945,327,10167,86863,2486,95
1753007245,405,10250,86839,2490,95
1753007545,344,10291,86840,2495,95
1753007846,292,10316,86838,2499,95
1753008146,307,10232,86832,2503,95
1753008446,326,9982,86816,2508,93
1753008747,353,10096,86806,2514,95
1753009047,427,10062,86806,2521,96
1753009347,402,10040,86801,2527,96
1753009648,463,10199,86809,2532,96
1753009948,428,10066,86788,2537,93
1753010248,421,10062,86793,2544,96
1753010548,431,10158,86798,2553,95
1753010849,512,10185,86772,2562,95
1753011149,548,9934,86767,2573,95
1753011449,616,9962,86761,2584,96
1753011750,665,9897,86745,2593,95
1753012050,604,9911,86736,2603,97
1753012350,620,9895,86717,2613,96
1753012651,612,9856,86726,2625,95
1753012951,734,9508,86694,2642,96
1753013251,806,9673,86688,2662,97
1753013551,800,9738,86685,2681,96
1753013852,867,9767,86669,2697,95
1753014152,620,9457,86663,2715,97
1753014452,537,9822,86662,2731,97
1753014753,664,9137,86656,2745,97
1753015053,545,9148,86635,2756,96
1753015353,476,9203,86642,2764,97
1753015654,312,9255,86639,2771,95
1753015954,296,9362,86625,2771,97
1753016254,350,9359,86622,2767,97
1753016554,394,9454,86631,2762,97
1753016855,373,9220,86614,2758,97
1753017155,374,9022,86621,2758,96
1753017455,405,8948,86617,2761,97
1753017756,372,8969,86595,2764,95
1753018056,366,8867,86600,2769,95
1753018356,474,9303,86564,2776,96
1753018657,383,9648,86567,2785,96
1753018957,461,9997,86558,2793,96
1753019257,425,10140,86546,2800,97
1753019557,381,10063,86538,2809,95
1753019858,436,10195,86544,2816,97
1753020158,408,10263,86534,2821,96
1753020458,338,10215,86541,2822,95
1753020759,367,10353,86537,2822,97
1753021059,376,10396,86523,2821,97
1753021359,381,10420,86507,2820,96
1753021660,418,10428,86493,2821,97
1753021960,338,10439,86463,2825,95
1753022260,379,10461,86446,2831,97
1753022560,373,10475,86427,2834,95
1753022861,327,10507,86427,2836,96
1753023161,336,10533,86392,2840,96
1753023461,304,10574,86383,2845,97
1753023762,380,10694,86394,2851,96
1753024062,340,10665,86369,2861,97
1753024362,293,10704,86379,2867,97
1753024663,299,10718,86370,2867,96
1753024963,249,10916,86365,2863,97
1753025263,246,10730,86367,2856,96
1753025563,215,10730,86359,2851,96
1753025864,209,10738,86371,2846,96
1753026164,206,10774,86357,2840,96
1753026464,199,10746,86354,2834,97
1753026765,194,10794,86371,2827,96
1753027065,203,10794,86401,2820,96
1753027365,298,10788,86440,2817,93
1753027666,390,10891,86472,2816,95
1753027966,361,10953,86493,2814,97
1753028266,334,10932,86508,2811,96
1753028566,285,10919,86553,2805,96
1753028867,283,10933,86542,2797,93
1753029167,254,10964,86535,2788,97
1753029467,258,10980,86522,2776,96
1753029768,224,11083,86521,2765,96
1753030068,200,11059,86507,2755,95
1753030368,154,11130,86506,2744,96
1753030669,198,11180,86478,2734,96
1753030969,150,11235,86472,2725,95
1753031269,142,11289,86452,2717,96
1753031569,107,11273,86458,2709,93
1753031870,89,11194,86460,2702,95
1753032170,94,11265,86456,2697,93
1753032470,74,11249,86461,2691,96
1753032771,59,11277,86445,2684,96
1753033071,85,11249,86448,2678,95
1753033371,93,11252,86406,2673,95
1753033672,75,11256,86415,2667,95
1753033972,91,11224,86405,2663,96
1753034272,63,11265,86407,2659,95
1753034572,61,11304,86409,2655,95
1753034873,46,11282,86386,2650,95
1753035173,51,11297,86373,2646,93
1753035473,37,11287,86368,2641,95
1753035774,34,11348,86353,2637,95
1753036074,29,11383,86336,2632,93
1753036374,25,11305,86348,2627,95
1753036675,18,11392,86350,2620,95
1753036975,19,11373,86353,2616,95
1753037275,13,11430,86337,2610,95
1753037575,14,11428,86344,2605,95
1753037876,11,11514,86352,2599,93
1753038176,13,11533,86345,2594,95
1753038476,9,11542,86352,2588,95
1753038777,12,11585,86348,2581,95
1753039077,11,11660,86357,2577,95
1753039377,8,11627,86357,2572,95
1753039678,7,11639,86363,2567,95
1753039978,13,11680,86367,2563,95
1753040278,10,11658,86373,2558,95
1753040578,7,11680,86381,2553,95
1753040879,8,11724,86389,2548,95
1753041179,10,11708,86389,2544,95
1753041479,9,11697,86405,2539,95
1753041780,8,11728,86389,2535,95
1753042080,9,11723,86412,2530,95
1753042380,9,11735,86411,2525,95
1753042681,12,11714,86429,2521,96
1753042981,6,11797,86434,2516,95
1753043281,12,11712,86437,2511,95
1753043581,10,11744,86447,2507,95
1753043882,11,11747,86456,2503,95
1753044182,11,11764,86472,2500,96
1753044482,6,11757,86497,2496,95
1753044783,10,11734,86503,2493,95
1753045083,10,11756,86516,2490,95
1753045383,10,11756,86525,2487,95
1753045684,9,11758,86540,2484,96
1753045984,7,11780,86514,2480,95
1753046284,17,11783,86525,2477,95
1753046584,11,11791,86536,2474,96
1753046885,10,11774,86539,2470,95
1753047185,9,11760,86537,2467,96
1753047485,11,11778,86545,2464,96
1753047786,10,11822,86554,2461,96
1753048086,8,11755,86549,2457,96
1753048386,9,11765,86553,2454,96
1753048687,11,11744,86571,2452,96
1753048987,8,11752,86560,2449,96
1753049287,11,11765,86555,2445,96
1753049587,10,11758,86571,2442,96
1753049888,10,11767,86572,2439,96
1753050188,11,11803,86575,2436,96
1753050488,11,11765,86575,2434,96
1753050789,11,11774,86590,2431,96
1753051089,9,11785,86573,2429,96
1753051389,7,11777,86582,2426,96
1753051690,10,11805,86564,2424,96
1753051990,11,11818,86593,2421,96
1753052290,9,11817,86602,2420,96
1753052590,9,11843,86612,2417,95
1753052891,13,11806,86620,2416,96
1753053191,9,11826,86613,2413,96
1753053491,10,11830,86633,2412,96
1753053792,11,11837,86617,2409,96
1753054092,8,11850,86622,2408,96
1753054392,12,11853,86620,2405,96
1753054693,10,11853,86616,2404,96
1753054993,9,11852,86597,2401,96
1753055293,8,11872,86601,2399,96
1753055593,10,11886,86591,2397,96
1753055894,6,11900,86599,2394,96
1753056194,8,11869,86607,2393,96
1753056494,9,11875,86620,2390,95
1753056795,8,11880,86628,2388,95
1753057095,13,11933,86649,2386,96
1753057395,7,11891,86665,2384,95
1753057696,12,11896,86657,2382,96
1753057996,9,11947,86661,2379,96
1753058296,10,11945,86656,2377,96
1753058596,10,11922,86652,2375,95
1753058897,7,11971,86666,2373,95
1753059197,12,11961,86664,2371,96
1753059497,11,11956,86653,2369,95
1753059798,10,11972,86635,2367,95
1753060098,10,11982,86649,2364,96
1753060398,9,11958,86640,2361,95
1753060699,9,12002,86643,2359,95
1753060999,9,11975,86629,2356,95
1753061299,18,12021,86634,2353,95
1753061599,13,11953,86622,2350,95
1753061900,11,11992,86634,2347,95
1753062200,10,11983,86651,2344,95
1753062500,8,12008,86638,2342,95
1753062801,10,11990,86636,2340,95
1753063101,7,12038,86637,2338,95
1753063401,11,12049,86634,2336,95
1753063702,8,12026,86637,2334,95
1753064002,10,12058,86628,2332,95
1753064302,9,12036,86621,2330,95
1753064602,8,12036,86619,2327,95
1753064903,9,12058,86622,2326,95
1753065203,6,12076,86618,2324,95
1753065503,4,12060,86631,2322,95
1753065804,8,12095,86612,2321,95
1753066104,11,12127,86627,2320,95
1753066404,8,12131,86622,2318,95
1753066705,9,12106,86620,2317,95
1753067005,14,12157,86614,2316,95
1753067305,11,12163,86618,2315,95
1753067605,9,12128,86608,2315,95
1753067906,10,12118,86606,2314,95
1753068206,6,12139,86629,2313,95
1753068506,10,12151,86598,2312,95
1753068807,9,12152,86618,2310,95
1753069107,11,12104,86618,2309,95
1753069407,12,12109,86618,2308,95
1753069708,10,12102,86628,2307,95
1753070008,9,12111,86612,2306,95
1753070308,10,12112,86626,2304,95
1753070608,7,12089,86603,2303,95
1753070909,11,12160,86632,2302,95
1753071209,11,12138,86618,2301,95
1753071509,12,12134,86601,2300,95
1753071810,9,12139,86621,2298,95
1753072110,6,12127,86615,2296,95
1753072410,6,12166,86620,2296,95
1753072711,13,12170,86625,2295,95
1753073011,6,12174,86634,2294,95
1753073311,8,12193,86633,2293,96
1753073611,8,12156,86634,2291,95
1753073912,6,12163,86619,2290,95
1753074212,7,12175,86627,2289,95
1753074512,8,12193,86625,2287,95
1753074813,12,12207,86646,2286,95
1753075113,9,12241,86640,2285,95
1753075413,8,12204,86638,2284,96
1753075714,15,12223,86635,2283,95
1753076014,11,12277,86661,2282,95
1753076314,11,12318,86662,2282,96
1753076614,20,12291,86662,2281,96
1753076915,20,12307,86663,2280,96
1753077215,17,12286,86663,2280,95
1753077515,28,12324,86678,2279,96
1753077816,23,12314,86666,2278,96
1753078116,19,12294,86682,2278,96
1753078416,25,12298,86684,2277,96
1753078717,36,12325,86683,2277,96
1753079017,30,12318,86695,2278,96
1753079317,34,12341,86693,2278,96
1753079617,49,12329,86690,2279,96
1753079918,51,12365,86691,2281,96
1753080218,45,12356,86703,2283,96
1753080518,42,12398,86711,2284,96
1753080819,42,12367,86715,2287,96
1753081119,62,12410,86699,2288,96
1753081419,76,12418,86717,2291,96
1753081720,86,12406,86725,2294,96
1753082020,77,12421,86720,2297,95
1753082320,83,12414,86728,2301,96
1753082620,147,12405,86714,2304,96
1753082921,93,12416,86740,2308,95
1753083221,114,12416,86730,2311,96
1753083521,131,12434,86742,2315,96
1753083822,78,12440,86736,2319,95
1753084122,90,12451,86764,2325,95
1753084422,105,12478,86751,2331,95
1753084723,131,12501,86768,2338,95
1753085023,139,12467,86761,2345,95
1753085323,180,12462,86760,2353,95
1753085623,273,12444,86777,2361,96
1753085924,163,12468,86793,2369,95
1753086224,211,12421,86812,2377,95
1753086524,294,12492,86834,2384,95
1753086825,207,12463,86851,2392,95
1753087125,220,12457,86860,2402,95
1753087425,306,12498,86854,2412,95
1753087726,389,12484,86895,2421,96
1753088026,323,12478,86908,2430,95
1753088326,375,12483,86896,2439,95
1753088626,301,12477,86912,2448,95
1753088927,297,12491,86918,2457,95
1753089227,288,12473,86918,2465,95
1753089527,356,12478,86940,2474,95
1753089828,388,12560,86942,2482,95
1753090128,363,12421,86928,2490,95
1753090428,432,12406,86924,2497,95
1753090729,560,12420,86918,2503,95
1753091029,406,12452,86895,2509,95
1753091329,544,12508,86932,2517,95
1753091629,599,12460,86919,2527,95
1753091930,520,12558,86905,2540,95
1753092230,356,12500,86894,2553,95
1753092530,560,12532,86894,2568,95
1753092831,573,12567,86910,2582,95
1753093131,430,12536,86875,2595,95
1753093431,503,12567,86884,2608,96
1753093732,429,12743,86877,2621,96
1753094032,412,12733,86879,2634,96
1753094332,461,12754,86873,2645,95
1753094632,478,12788,86870,2657,96
1753094933,622,12808,86867,2670,96
1753095233,491,12842,86843,2684,96
1753095533,507,12802,86829,2701,96
1753095834,499,12864,86839,2718,95
1753096134,386,12873,86828,2736,96
1753096434,421,12911,86796,2754,96
1753096735,315,12887,86799,2769,96
1753097035,370,12927,86783,2784,96
1753097335,334,12918,86777,2801,96
1753097635,341,12936,86784,2817,96
1753097936,301,12921,86749,2835,96
1753098236,268,12925,86779,2853,95
1753098536,279,13046,86772,2864,96
1753098837,392,13083,86762,2885,95
1753099137,310,13103,86746,2911,95
1753099437,463,13068,86741,2937,95
1753099738,315,13096,86714,2964,96
1753100038,242,13056,86712,2990,95
1753100338,323,13054,86721,3000,93
1753100638,519,13069,86708,2990,95
1753100939,373,13076,86698,2974,95
1753101239,345,13059,86683,2956,95
1753101539,265,12988,86663,2953,95
1753101840,343,13066,86653,2972,96
1753102140,272,13065,86642,3001,95
1753102440,262,13087,86648,3032,95
1753102741,350,13112,86621,3067,96
1753103041,375,13136,86626,3099,96
1753103341,306,13200,86603,3134,96
1753103641,239,13198,86600,3166,95
1753103942,252,13200,86602,3194,95
1753104242,254,13225,86574,3219,93
1753104542,290,13246,86576,3237,93
1753104843,218,13206,86549,3239,96
1753105143,187,13221,86555,3225,95
1753105443,230,13327,86545,3206,96
1753105744,374,13325,86528,3189,95
1753106044,209,13405,86519,3180,96
1753106344,180,13546,86516,3187,95
1753106644,261,13641,86524,3209,95
1753106945,314,13568,86504,3235,95
1753107245,268,13552,86493,3253,96
1753107545,255,13515,86497,3263,95
1753107846,213,13570,86472,3268,95
1753108146,288,13491,86470,3265,95
1753108446,229,13613,86469,3259,95
1753108747,226,13601,86452,3248,95
1753109047,232,13775,86455,3235,95
1753109347,275,13601,86426,3223,95
1753109647,479,13698,86420,3216,95
1753109948,354,13743,86396,3219,95
1753110248,254,13740,86393,3228,95
1753110548,184,13776,86391,3226,95
1753110849,100,13797,86393,3207,95
1753111149,126,13743,86382,3178,95
1753111449,97,13674,86375,3147,96
1753111750,53,13649,86367,3116,96
1753112050,59,13687,86381,3090,95
1753112350,33,13528,86386,3068,95
1753112650,29,13511,86389,3045,95
1753112951,43,13543,86384,3022,95
1753113251,44,13530,86384,2995,95
1753113551,60,13490,86372,2974,94
1753113852,62,13476,86358,2958,94
1753114152,59,13549,86353,2943,94
1753114452,51,13506,86369,2932,94
1753114753,57,13499,86353,2920,94
1753115053,68,13281,86371,2910,94
1753115353,68,13169,86356,2900,96
1753115653,112,13149,86359,2890,96
1753115954,88,13088,86354,2879,96
1753116254,76,13094,86339,2867,96
1753116554,120,13091,86338,2856,96
1753116855,133,12999,86317,2846,96
1753117155,71,12883,86327,2836,96
1753117455,11,14259,89325,2816,96
1753117756,12,14866,90822,2764,96
1753118056,11,16546,91065,2714,96
1753118356,8,18026,90941,2658,96
1753118657,13,18732,90721,2600,96
1753118957,12,18388,90440,2564,95
1753119257,11,18723,90155,2541,96
1753119557,15,18048,89937,2522,94
1753119858,10,17169,89701,2505,96
1753120158,8,17687,89512,2491,94
1753120458,7,18101,89295,2479,94
1753120759,8,18299,89094,2469,94
1753121059,10,17575,88929,2461,94
1753121359,10,16710,88746,2454,96
1753121660,10,17458,88705,2447,94
1753121960,12,16991,88719,2440,94
1753122260,10,14894,88682,2434,94
1753122560,9,13929,88594,2428,94
1753122861,10,13598,88509,2423,94
1753123161,11,13245,88415,2420,94
1753123461,8,11963,88381,2423,94
1753123762,12,11867,88296,2426,94
1753124062,9,10868,88225,2426,94
1753124362,8,10787,88171,2424,94
1753124663,8,10671,88113,2419,95
1753124963,12,10219,88082,2415,95
1753125263,10,9546,88045,2411,95
1753125563,11,8766,87969,2407,94
1753125864,10,8863,87953,2403,93
1753126164,10,8674,87926,2400,94
1753126464,10,8786,87908,2396,94
1753126765,7,8361,87861,2392,94
1753127065,11,8596,87852,2388,94
1753127365,10,8506,87827,2384,94
1753127666,11,8670,87838,2380,94
1753127966,11,8584,87812,2376,94
1753128266,12,8526,87807,2372,94
1753128566,9,8696,87790,2368,94
1753128867,11,8798,87759,2365,94
1753129167,11,8825,87743,2361,93
1753129467,8,8647,87731,2358,94
1753129768,14,8867,87709,2354,94
1753130068,8,8810,87695,2351,93
1753130368,9,8760,87695,2348,93
1753130669,11,8798,87658,2345,93
1753130969,7,8997,87655,2342,93
1753131269,8,9263,87644,2339,93
1753131569,12,8831,87621,2337,93
1753131870,9,8745,87632,2335,93
1753132170,11,8997,87624,2333,93
1753132470,10,8888,87608,2332,93
1753132771,8,8889,87600,2330,93
1753133071,11,8987,87589,2328,93
1753133371,7,8867,87587,2327,93
1753133671,12,8958,87578,2325,93
1753133972,9,8967,87557,2323,93
1753134272,10,8921,87555,2322,93
1753134572,9,8990,87533,2320,93
1753134873,4,9037,87516,2319,93
1753135173,9,8873,87509,2318,93
1753135473,7,9057,87506,2317,93
1753135774,11,9030,87497,2316,93
1753136074,6,9002,87478,2316,93
1753136374,9,9134,87472,2315,93
1753136674,7,9218,87465,2314,93
1753136975,9,9606,87447,2313,93
1753137275,16,9309,87451,2312,93
1753137575,8,9091,87437,2311,93
1753137876,9,8872,87440,2310,93
1753138176,9,8837,87428,2309,93
1753138476,9,8983,87426,2308,93
1753138777,9,9398,87425,2307,93
1753139077,7,9020,87398,2306,93
1753139377,9,9088,87395,2305,93
1753139677,11,8638,87383,2304,93
1753139978,9,7923,87384,2303,93
1753140278,8,7809,87385,2301,93
1753140578,10,8686,87397,2300,93
1753140879,12,7984,87379,2299,93
1753141179,7,7714,87378,2298,93
1753141479,12,7848,87360,2298,93
1753141780,8,7969,87364,2297,93
1753142080,9,7844,87352,2296,93
1753142380,9,7771,87334,2295,93
1753142680,5,7844,87332,2294,93
1753142981,10,7661,87322,2293,93
1753143281,10,7855,87337,2292,93
1753143581,7,8078,87321,2291,93
1753143882,6,8396,87314,2290,93
1753144182,15,8833,87300,2290,93
1753144482,8,7933,87284,2289,93
1753144783,11,8486,87293,2288,93
1753145083,10,7873,87275,2288,93
1753145383,8,7908,87273,2287,93
1753145683,8,7919,87266,2287,93
1753145984,10,7926,87260,2286,92
1753146284,8,8077,87252,2285,92
1753146584,9,8083,87240,2284,92
1753146885,12,8054,87213,2284,92
1753147185,10,7997,87219,2283,92
1753147485,8,8031,87212,2282,92
1753147786,9,8118,87207,2281,92
1753148086,12,8188,87197,2280,92
1753148386,8,8131,87188,2279,92
1753148686,11,8610,87187,2278,92
1753148987,13,8255,87182,2278,92
1753149287,12,8300,87173,2277,92
1753149587,9,8538,87175,2275,92
1753149888,11,8322,87174,2275,92
1753150188,8,8408,87154,2274,92
1753150488,10,8453,87137,2274,92
1753150789,10,8405,87127,2273,92
1753151089,9,8731,87134,2272,92
1753151389,8,8699,87133,2271,92
1753151689,9,8352,87137,2270,92
1753151990,9,9003,87130,2269,92
1753152290,8,8431,87138,2268,92
1753152590,10,8495,87134,2267,92
1753152891,12,8533,87149,2266,92
1753153191,8,8457,87146,2265,92
1753153491,9,8658,87152,2264,92
1753153792,7,8508,87153,2263,92
1753154092,13,8599,87186,2262,92
1753154392,10,8581,87219,2261,92
1753154692,11,8855,87226,2259,92
1753154993,8,8707,87265,2258,92
1753155293,9,9402,87312,2257,92
1753155593,7,8697,87336,2256,92
1753155894,13,10193,87406,2255,92
1753156194,10,8870,87569,2256,92
1753156494,9,8992,87731,2258,92
1753156795,6,10038,87812,2260,92
1753157095,8,9928,87897,2260,92
1753157395,7,9811,87876,2262,92
1753157695,11,9180,87938,2269,92
1753157996,8,10127,87924,2278,92
1753158296,8,10588,87982,2282,92
1753158596,9,11441,87947,2283,92
1753158897,9,11734,87926,2281,92
1753159197,7,11812,87892,2278,92
1753159497,10,11528,87836,2274,92
1753159798,8,11576,87820,2271,92
1753160098,9,11453,87795,2269,92
1753160398,8,11484,87772,2267,92
1753160698,8,11309,87727,2265,92
1753160999,9,11548,87726,2262,92
1753161299,9,10579,87705,2260,92
1753161599,9,10926,87702,2259,92
1753161900,6,10652,87681,2257,92
1753162200,10,10321,87711,2256,92
1753162500,10,10951,87679,2256,92
1753162801,6,10923,87674,2256,92
1753163101,7,11103,87713,2256,92
1753163401,8,9965,87705,2257,92
1753163701,9,10409,87708,2257,92
1753164002,8,10427,87727,2257,92
1753164302,9,9850,87714,2256,92
1753164602,10,10077,87745,2255,92
1753164903,7,10160,87764,2253,92
1753165203,10,9968,87786,2251,92
1753165503,9,10618,87811,2248,92
1753165804,10,9650,87811,2246,92
1753166104,5,9612,87811,2244,92
1753166404,8,9526,87803,2242,92
1753166704,9,9449,87789,2241,92
1753167005,12,10139,87800,2239,92
1753167305,8,9250,87800,2237,92
1753167605,14,9391,87803,2236,92
1753167906,26,9073,87803,2235,92
1753168206,17,8866,87838,2234,92
1753168506,11,8951,87881,2234,92
1753168807,9,9655,89291,2233,92
1753169107,7,10226,91185,2233,92
1753169407,8,11576,92028,2228,92
1753169707,12,11413,92461,2217,92
1753170008,8,11362,92711,2203,92
1753170308,8,12732,92821,2192,92
1753170608,8,13312,92753,2187,92
1753170909,9,15319,92588,2184,92
1753171209,8,14366,92522,2182,92
1753171509,7,13705,92652,2182,92
1753171810,10,13162,92729,2181,92
1753172110,7,12657,92670,2180,92
1753172410,10,12774,92478,2182,92
1753172710,8,12006,92330,2182,92
1753173011,10,12473,92218,2179,92
1753173311,9,12184,92119,2176,92
1753173611,8,12442,91937,2173,92
1753173912,7,12284,91745,2169,92
1753174212,9,12460,91584,2164,92
1753174512,10,12691,91415,2161,92
1753174813,8,12808,91265,2160,92
1753175113,7,13080,91084,2159,92
1753175413,10,13137,90984,2158,92
1753175713,15,13270,90805,2158,92
1753176014,9,13648,90669,2161,92
1753176314,7,13540,90554,2169,92
1753176614,7,13845,90412,2176,92
1753176915,10,14066,90304,2184,92
1753177215,10,14014,90186,2192,92
1753177515,10,14111,90092,2199,92
1753177816,8,14961,89964,2206,92
1753178116,9,14889,89861,2214,92
1753178416,7,15038,89778,2224,92
1753178716,11,15837,89751,2237,92
1753179017,8,16834,89642,2248,92
1753179317,11,16740,89573,2256,92
1753179617,7,16394,89437,2263,92
1753179918,11,16333,89407,2268,92
1753180218,9,16039,89361,2274,92
1753180518,11,16972,89221,2283,92
1753180819,11,16934,89183,2294,92
1753181119,7,16556,89122,2307,92
1753181419,9,16502,89031,2319,92
1753181719,9,16845,88979,2330,92
1753182020,10,16994,88890,2342,92
1753182320,9,17358,88852,2351,92
1753182620,7,17738,88802,2359,92
1753182921,11,17919,88748,2375,92
1753183221,9,18125,88701,2388,92
1753183521,7,17327,88606,2403,92
1753183821,7,17970,88590,2417,92
1753184122,10,17716,88561,2431,92
1753184422,11,17012,88473,2448,92
1753184722,10,16485,88449,2467,92
1753185023,12,16077,88405,2487,92
1753185323,11,16497,88365,2506,92
1753185623,7,14579,88308,2522,92
1753185924,12,13066,88265,2537,92
1753186224,10,12304,88236,2551,92
1753186524,11,12793,88175,2566,92
1753186824,13,12793,88170,2582,92
1753187125,11,13480,88108,2598,92
1753187425,14,13421,88050,2614,92
1753187725,14,13570,88083,2622,92
1753188026,21,13902,88076,2629,92
1753188326,16,13404,88020,2632,92
1753188626,14,14118,88023,2632,92
1753188927,21,14209,87992,2638,92
1753189227,20,14269,87946,2651,92
1753189527,24,14169,87915,2656,92
1753189827,21,13870,87895,2657,92
1753190128,20,14112,87854,2651,92
1753190428,23,14053,87852,2644,92
1753190728,23,12902,87853,2645,92
1753191029,26,12747,87817,2652,92
1753191329,24,13163,87791,2660,92
1753191629,28,12889,87747,2668,92
1753191930,32,12969,87750,2673,92
1753192230,32,12658,87729,2677,92
1753192530,29,12489,87709,2680,92
1753192831,37,12172,87674,2679,92
1753193131,42,12342,87672,2678,92
1753193431,43,12285,87639,2677,92
1753193731,51,12392,87639,2679,92
1753194032,52,12200,87628,2683,92
1753194332,43,12274,87600,2686,92
1753194632,58,12335,87598,2696,92
1753194933,60,12288,87568,2702,92
1753195233,68,12354,87553,2706,92
1753195533,69,12174,87536,2709,92
1753195834,60,12512,87536,2711,92
1753196134,71,12556,87531,2710,92
1753196434,63,12147,87487,2711,92
1753196734,74,12062,87495,2716,92
1753197035,67,11939,87487,2718,92
1753197335,70,12149,87439,2717,92
1753197635,86,12063,87429,2716,92
1753197936,76,12021,87422,2710,92
1753198236,75,12146,87377,2704,92
1753198536,74,12127,87411,2697,92
1753198837,100,12201,87402,2689,92
1753199137,108,12242,87392,2687,92
1753199437,111,12223,87364,2685,92
1753199737,118,12603,87341,2681,92
1753200038,126,12207,87330,2681,92
1753200338,101,12304,87312,2682,92
1753200638,83,12326,87283,2681,92
1753200939,72,12288,87263,2679,92
1753201239,101,12392,87224,2677,92
1753201539,109,12336,87172,2679,92
1753201840,101,11957,87130,2682,92
1753202140,90,11960,87098,2681,92
1753202440,95,11999,87059,2680,92
1753202740,88,12234,87031,2678,92
1753203041,80,11957,87018,2674,92
1753203341,78,12185,86985,2668,92
1753203641,74,12145,86958,2661,92
1753203942,88,12222,86934,2653,92
1753204242,107,12377,86940,2644,92
1753204542,111,12319,86936,2636,92
1753204843,113,12294,86936,2629,92
1753205143,120,12501,86931,2621,92
1753205443,117,12631,86951,2614,92
1753205743,125,12506,86949,2609,92
1753206044,105,12482,86984,2605,92
1753206344,104,12826,87024,2600,92
1753206644,97,12814,87033,2596,92
1753206945,76,12863,87058,2591,92
1753207245,61,12620,87068,2584,92
1753207545,48,12771,87076,2578,92
1753207846,29,12577,87102,2571,92
1753208146,27,12772,87073,2564,92
1753208446,29,12982,87041,2556,92
1753208746,32,12869,87029,2549,92
1753209047,31,12846,87007,2543,92
1753209347,27,12943,86983,2538,92
1753209647,20,12833,86986,2533,92
1753209948,19,13262,87091,2527,92
1753210248,13,12691,87195,2519,92
1753210548,7,12717,87272,2509,92
1753210849,12,12836,87269,2498,92
1753211149,11,12429,87249,2489,92
1753211449,9,12650,87231,2482,92
1753211749,9,12516,87182,2476,92
1753212050,9,12550,87158,2472,92
1753212350,7,12610,87119,2469,92
1753212650,11,12692,87085,2464,92
1753212951,9,13000,87043,2456,92
1753213251,9,12605,87031,2446,92
1753213551,11,12641,86986,2434,92
1753213852,10,11787,86957,2422,92
1753214152,10,11096,86949,2412,92
1753214452,9,10686,86934,2404,92
1753214752,9,10466,86933,2399,92
