If found, please contact tlang@live.unc.edu
Firmware updated: 2025/07/24
OpenOBS SN:469

time,ambient_light,backscatter,pressure,water_temp,battery
1753351170,5280,11693,85943,2713,156
1753351170,5288,11702,85970,2716,135
1753351172,5344,11696,85932,2713,152
1753351173,5363,11702,85968,2717,134
1753351174,5489,11701,85965,2717,134
1753351175,5430,11703,85967,2717,134
1753351176,5133,11696,85970,2717,134
1753351177,5225,11694,85971,2717,134
1753351178,5124,11700,85964,2717,134
1753351179,5123,11696,85968,2716,134
1753351180,5049,11697,85965,2716,134
1753351180,5122,11705,85968,2716,134
1753351181,5094,11699,85968,2716,134
1753351182,5078,11698,85966,2716,134
1753351183,5126,11694,85966,2716,134
1753351184,5117,11698,85971,2716,134
1753351185,5151,11700,85969,2717,134
1753351186,5165,11699,85966,2717,134
1753351187,5186,11698,85965,2716,134
1753351188,5229,11699,85969,2716,134
1753351189,5193,11698,85963,2716,134
1753351189,5220,11699,85968,2716,134
1753351190,5241,11690,85969,2716,134
1753351191,5181,11696,85967,2716,135
1753351192,5159,11696,85966,2716,134
1753351193,5179,11698,85967,2716,134
1753351194,5160,11693,85965,2716,134
1753351195,5169,11697,85970,2716,134
1753351196,5179,11704,85966,2716,134
1753351197,5193,11699,85965,2716,134
1753351198,5187,11699,85970,2716,134
1753351198,5163,11697,85967,2716,134
1753351199,5173,11695,85962,2716,134
1753351200,5330,11697,85962,2716,134
1753351201,5246,11694,85965,2716,134
1753351202,5264,11698,85965,2716,134
1753351203,5300,11699,85969,2716,134
1753351204,5282,11695,85965,2716,134
1753351205,5117,11694,85962,2716,134
1753351206,5282,11695,85968,2716,134
1753351207,5274,11692,85967,2717,134
1753351207,5282,11692,85961,2717,134
1753351208,5292,11699,85962,2716,134
1753351209,5299,11700,85965,2716,134
1753351210,5323,11694,85968,2717,134
1753351211,5366,11701,85966,2717,134
1753351212,5403,11697,85969,2717,134
1753351213,5469,11694,85965,2717,134
1753351214,4755,11693,85962,2717,134
1753351215,4785,11695,85966,2717,134
1753351216,4751,11695,85965,2717,134
1753351216,4636,11699,85968,2717,134
1753351217,4526,11695,85964,2717,134
1753351218,4528,11704,85960,2717,134
1753351219,4480,11699,85959,2717,134
1753351220,4541,11692,85968,2717,134
1753351221,5036,11697,85963,2717,134
1753351222,5871,11691,85964,2718,134
1753351223,5542,11696,85960,2717,134
1753351224,5625,11691,85963,2718,134
1753351225,5739,11689,85962,2718,135
1753351225,5640,11697,85958,2718,134
1753351226,5706,11698,85962,2718,134
1753351227,5718,11696,85962,2718,134
1753351228,5736,11690,85964,2718,134
1753351229,5745,11694,85963,2718,134
1753351230,5714,11688,85966,2718,135
1753351231,5693,11693,85960,2718,134
1753351232,5669,11698,85960,2718,134
1753351233,5679,11695,85962,2718,134
1753351234,5722,11693,85960,2718,134
1753351234,5747,11695,85957,2718,134
1753351235,5732,11700,85961,2718,134
1753351236,5717,11688,85959,2719,134
1753351237,5752,11694,85959,2719,134
1753351238,5777,11694,85962,2719,134
1753351239,5758,11697,85958,2719,134
1753351240,5792,11691,85961,2719,134
1753351241,5776,11690,85958,2719,134
1753351242,5887,11694,85959,2719,134
1753351243,5934,11691,85959,2719,134
1753351243,5941,11693,85963,2719,134
1753351244,5632,11695,85958,2719,134
1753351245,5676,11698,85957,2719,134
1753351246,5698,11697,85961,2719,134
1753351247,5676,11690,85960,2720,134
1753351248,5683,11690,85959,2720,134
1753351249,5699,11696,85957,2720,134
1753351250,5748,11691,85961,2720,134
1753351251,5754,11694,85960,2720,134
1753351252,5756,11693,85959,2720,134
1753351252,5783,11693,85958,2720,134
1753351253,5755,11697,85958,2720,134
1753351254,5749,11692,85956,2720,134
1753351255,5793,11694,85956,2720,134
1753351256,5817,11696,85950,2720,135
1753351257,5768,11690,85963,2720,134
1753351258,5774,11699,85951,2720,134
1753351259,5761,11694,85958,2720,134
1753351260,5589,11694,85960,2720,134
1753351261,5666,11691,85956,2720,134
1753351261,5723,11696,85952,2720,135
1753351262,6324,11695,85952,2721,134
1753351263,4675,11695,85958,2721,134
1753351264,4735,11700,85958,2720,134
1753351265,4820,11696,85955,2720,135
1753351266,4811,11703,85955,2720,134
1753351267,4794,11696,85956,2721,134
1753351268,4739,11697,85953,2721,134
1753351269,4756,11695,85952,2721,134
1753351270,4716,11698,85952,2721,134
1753351270,4741,11704,85957,2721,134
1753351271,4701,11702,85954,2721,134
1753351272,4744,11699,85957,2721,134
1753351273,4736,11702,85955,2721,134
1753351274,4770,11694,85954,2721,134
1753351275,4886,11693,85954,2721,134
1753351277,4825,11701,85930,2718,152
1753351278,4788,11700,85952,2721,135
1753351279,4685,11692,85957,2722,134
1753351280,4718,11694,85957,2721,134
1753351281,4715,11704,85955,2722,134
1753351282,4786,11701,85955,2722,134
1753351283,4713,11696,85955,2722,134
1753351284,4715,11699,85954,2722,134
1753351285,4801,11701,85951,2722,134
1753351285,4831,11695,85954,2722,134
1753351286,4770,11700,85948,2722,134
1753351287,4927,11699,85957,2722,134
1753351288,4877,11705,85953,2722,134
1753351289,4984,11699,85954,2722,134
1753351290,4997,11698,85953,2722,134
1753351291,4953,11701,85957,2722,134
1753351292,4939,11700,85954,2723,134
1753351293,4963,11700,85951,2723,134
1753351294,4922,11699,85954,2723,134
1753351294,4921,11700,85955,2723,134
1753351295,4893,11701,85949,2723,134
1753351296,4874,11705,85951,2723,134
1753351297,4859,11700,85951,2723,134
1753351298,4841,11700,85949,2723,134
1753351299,4833,11694,85953,2723,134
1753351300,4888,11697,85954,2723,134
1753351301,4805,11694,85954,2723,134
1753351302,4831,11702,85954,2724,134
1753351303,4821,11704,85953,2724,134
1753351303,4797,11692,85954,2724,134
1753351304,4821,11704,85955,2724,134
1753351306,4821,11699,85937,2721,150
1753351307,4846,11697,85956,2724,134
1753351308,4751,11696,85949,2724,134
1753351309,4760,11695,85948,2724,134
1753351310,4768,11695,85943,2724,134
1753351311,4791,11702,85950,2725,134
1753351312,4798,11699,85946,2724,135
1753351313,4766,11699,85953,2725,134
1753351314,4655,11699,85951,2725,134
1753351314,4676,11703,85954,2725,134
1753351315,4704,11696,85953,2725,135
1753351316,4685,11697,85951,2725,134
1753351317,4690,11695,85949,2725,134
1753351318,4734,11700,85954,2725,134
1753351319,4782,11705,85945,2725,134
1753351320,4735,11703,85945,2725,134
1753351321,5690,11694,85942,2725,135
1753351322,6229,11698,85944,2725,134
1753351323,6281,11695,85951,2725,134
1753351323,6334,11698,85946,2725,134
1753351324,6318,11691,85947,2726,134
1753351325,6066,11692,85944,2725,135
1753351326,6200,11701,85944,2726,134
1753351327,6224,11700,85939,2726,134
1753351328,6307,11695,85945,2726,134
1753351329,6244,11695,85940,2726,134
1753351330,5684,11694,85938,2726,135
1753351331,5663,11700,85946,2726,134
1753351332,5346,11696,85949,2726,135
1753351332,5617,11694,85946,2726,134
1753351333,5881,11692,85942,2726,135
1753351334,5955,11690,85941,2726,135
1753351335,6012,11694,85943,2727,134
1753351336,6095,11697,85948,2726,134
1753351337,6134,11700,85942,2726,134
1753351338,6091,11696,85941,2727,135
1753351350,5215,11700,85917,2724,148
1753351350,5161,11706,85941,2727,134
1753351352,5093,11701,85921,2723,152
1753351353,5125,11701,85940,2727,134
1753351354,5191,11699,85944,2727,134
1753351355,5160,11699,85948,2728,134
1753351356,5118,11700,85946,2727,134
1753351357,5065,11702,85944,2728,134
1753351358,4976,11701,85949,2728,134
1753351359,4942,11701,85951,2728,134
1753351360,4928,11698,85944,2728,135
1753351360,4931,11699,85947,2728,134
1753351361,4535,11692,85950,2728,134
1753351362,4670,11705,85946,2728,134
1753351363,4784,11698,85947,2728,134
1753351364,4805,11697,85948,2728,134
1753351365,4940,11704,85942,2728,135
1753351366,4896,11705,85944,2728,135
1753351367,4828,11704,85944,2728,134
1753351368,4766,11697,85943,2728,134
1753351368,4720,11698,85946,2728,134
1753351369,4746,11706,85939,2728,134
1753351370,4711,11693,85943,2728,135
1753351371,4724,11696,85943,2728,135
1753351372,4715,11699,85944,2728,134
1753351373,4692,11700,85945,2728,135
1753351374,4713,11693,85948,2728,134
1753351375,4656,11693,85940,2729,135
1753351376,4616,11702,85942,2729,134
1753351377,4634,11697,85941,2729,134
1753351377,4659,11695,85942,2729,134
1753351378,4684,11698,85942,2729,135
1753351379,4620,11700,85939,2729,135
1753351380,4661,11691,85944,2729,134
1753351381,4641,11705,85943,2729,135
1753351382,4637,11697,85939,2729,135
1753351383,4611,11694,85936,2729,134
1753351384,4615,11701,85939,2729,134
1753351385,4628,11695,85941,2729,134
1753351386,4623,11697,85937,2729,135
1753351386,4617,11701,85937,2729,134
1753351387,4592,11695,85939,2729,134
1753351388,4570,11699,85941,2729,134
1753351389,4548,11703,85938,2729,134
1753351390,4554,11703,85938,2729,134
1753351391,4507,11698,85939,2729,135
1753351392,4570,11698,85930,2729,134
1753351393,4600,11690,85935,2729,135
1753351394,4608,11691,85936,2729,134
1753351395,4613,11702,85938,2729,135
1753351395,4607,11700,85934,2729,134
1753351396,4676,11695,85941,2729,134
1753351397,5572,11700,85933,2729,135
1753351398,6133,11696,85942,2729,135
1753351399,6073,11693,85935,2729,134
1753351400,5880,11699,85937,2730,134
1753351401,5896,11694,85933,2730,134
1753351402,5933,11691,85935,2729,134
1753351403,5979,11691,85933,2729,134
1753351404,5994,11696,85934,2729,135
1753351405,5936,11691,85933,2730,134
1753351405,5788,11702,85937,2729,135
1753351406,5740,11701,85938,2729,134
1753351407,5849,11692,85934,2729,135
1753351408,5812,11695,85935,2730,134
1753351409,5816,11700,85934,2729,134
1753351410,5799,11702,85941,2729,135
1753351411,5875,11694,85937,2729,135
1753351412,5891,11703,85938,2730,134
1753351413,5794,11699,85930,2730,134
1753351414,5825,11701,85931,2730,134
1753351414,5810,11702,85937,2729,134
1753351415,5739,11693,85929,2730,135
1753351416,5773,11702,85932,2730,134
1753351417,5704,11701,85937,2730,134
1753351418,5356,11696,85938,2730,135
1753351419,5329,11693,85934,2730,134
1753351420,5029,11697,85933,2730,135
1753351421,4990,11693,85932,2730,134
1753351422,5128,11698,85936,2730,135
1753351423,5052,11698,85936,2730,135
1753351423,5567,11699,85936,2730,135
1753351424,5670,11698,85936,2730,135
1753351425,5681,11705,85934,2730,134
1753351426,5682,11698,85934,2730,135
1753351427,5700,11701,85932,2730,134
1753351428,5661,11701,85935,2730,135
1753351429,5644,11702,85937,2730,134
1753351430,5617,11700,85933,2730,135
1753351431,5439,11696,85932,2730,135
1753351432,5221,11698,85933,2730,135
1753351432,5054,11701,85937,2730,134
1753351433,4966,11697,85931,2730,135
1753351434,4966,11700,85934,2730,135
1753351435,4930,11697,85933,2730,135
1753351436,4939,11702,85934,2730,135
1753351437,4947,11693,85931,2731,134
1753351438,5013,11698,85933,2730,134
1753351439,4923,11698,85934,2730,134
1753351440,5161,11700,85932,2730,135
1753351441,5020,11702,85931,2731,135
1753351441,4691,11699,85936,2731,135
1753351442,4741,11703,85928,2731,134
1753351443,4869,11701,85933,2731,135
1753351444,5117,11705,85931,2731,134
1753351445,4613,11696,85929,2731,135
1753351446,4424,11700,85934,2731,135
1753351447,4258,11714,85925,2731,135
1753351448,4363,11714,85935,2731,135
1753351449,4412,11712,85929,2731,135
1753351450,4369,11715,85936,2731,134
1753351450,4301,11708,85928,2731,134
1753351451,4343,11718,85928,2731,134
1753351452,4409,11711,85930,2731,134
1753351453,4167,11711,85928,2731,134
1753351454,4169,11712,85932,2731,135
1753351455,4340,11711,85926,2731,134
1753351456,4271,11709,85937,2732,134
1753351457,4091,11710,85931,2732,134
1753351458,4199,11709,85925,2731,134
1753351459,3559,11709,85926,2731,134
1753351459,3657,11714,85929,2731,135
1753351460,4924,11715,85932,2732,135
1753351461,5389,11716,85930,2732,135
1753351462,5242,11715,85930,2732,134
1753351463,4650,11714,85931,2732,135
1753351464,4503,11711,85931,2732,134
1753351465,4517,11715,85934,2732,135
1753351466,4673,11714,85929,2732,135
1753351467,4704,11714,85926,2732,135
1753351468,4768,11717,85932,2732,135
1753351468,4653,11721,85928,2732,135
1753351469,4476,11713,85929,2732,135
1753351470,4593,11708,85929,2732,134
1753351471,4694,11712,85928,2732,135
1753351472,4734,11719,85933,2732,135
1753351473,4372,11722,85933,2732,134
1753351474,3428,11713,85930,2733,135
1753351475,3542,11708,85928,2732,134
1753351476,3568,11712,85927,2732,135
1753351477,3609,11714,85928,2732,135
1753351477,3292,11718,85930,2733,134
1753351478,3302,11719,85922,2733,135
1753351479,3273,11716,85931,2733,135
1753351480,3340,11713,85932,2733,135
1753351481,3824,11714,85923,2733,135
1753351482,3474,11713,85934,2733,135
1753351483,3694,11711,85930,2733,134
1753351484,3607,11713,85926,2733,135
1753351485,3650,11714,85922,2733,135
1753351486,3604,11709,85923,2733,134
1753351486,3617,11718,85929,2733,135
1753351487,3559,11706,85905,2730,137
1753351488,3597,11712,85922,2733,135
1753351489,3599,11711,85926,2733,135
1753351490,3573,11709,85924,2733,134
1753351491,3562,11710,85932,2733,134
1753351492,3549,11711,85929,2733,134
1753351493,3510,11716,85927,2733,135
1753351494,3542,11710,85927,2733,134
1753351495,3571,11709,85926,2733,134
1753351495,3569,11709,85927,2733,134
1753351496,3586,11710,86005,2733,135
1753351497,3576,11706,86012,2734,134
1753351498,3674,11713,86005,2734,135
1753351499,3620,11717,86008,2734,134
1753351500,3560,11714,86006,2734,135
1753351501,3588,11718,86007,2734,135
1753351502,3533,11709,86007,2734,134
1753351503,3567,11711,86007,2734,134
1753351503,3665,11714,86004,2734,135
1753351504,3651,11712,86008,2734,135
1753351505,3579,11715,86009,2734,135
1753351506,3555,11710,86006,2734,135
1753351507,3696,11713,86004,2735,135
1753351508,3593,11716,86006,2735,135
1753351509,3545,11714,86007,2735,135
1753351510,3420,11719,86006,2735,135
1753351511,3538,11714,86008,2735,135
1753351512,3383,11715,86012,2735,135
1753351513,3373,11710,86008,2735,134
1753351513,3479,11719,86003,2735,134
1753351514,3532,11712,86009,2735,135
1753351515,3553,11720,86006,2735,135
1753351516,3882,11712,86003,2735,135
1753351517,4025,11708,86007,2735,134
1753351518,4002,11715,86003,2735,135
1753351519,3997,11704,86006,2736,135
1753351520,4022,11712,86009,2736,135
1753351521,3990,11717,86003,2736,135
1753351522,4003,11714,86005,2736,135
1753351522,4010,11709,86011,2736,134
1753351523,3998,11714,86006,2736,135
1753351524,3956,11714,86005,2736,135
1753351525,4005,11719,86004,2736,134
1753351526,3994,11719,86005,2736,134
1753351527,3993,11718,86003,2736,135
1753351528,3977,11712,86006,2736,135
1753351529,3952,11712,86005,2736,135
1753351530,3960,11714,86004,2736,135
1753351531,3959,11713,86006,2736,135
1753351531,3976,11715,86005,2736,135
1753351532,3948,11713,86007,2737,135
1753351533,3982,11709,86004,2736,134
1753351534,4026,11719,86004,2737,135
1753351535,3972,11719,86002,2737,135
1753351536,3969,11718,86004,2737,135
1753351537,4267,11714,86008,2737,135
1753351538,4593,11711,86000,2737,134
1753351539,4862,11710,86006,2737,134
1753351540,5076,11712,86002,2737,135
1753351540,5210,11713,86007,2737,135
1753351541,4727,11718,86003,2737,135
1753351542,4755,11718,86006,2737,135
1753351543,4659,11714,86005,2737,135
1753351544,4501,11709,86006,2737,134
1753351545,3559,11712,86004,2737,135
1753351546,4435,11712,86000,2737,135
1753351547,4562,11716,86006,2738,135
1753351548,4495,11714,86008,2737,134
1753351548,4585,11710,86006,2738,134
1753351549,4575,11711,86003,2738,134
1753351550,4480,11709,86007,2738,134
1753351551,4189,11714,86002,2738,135
1753351552,4432,11708,86009,2738,135
1753351553,4754,11706,86007,2738,134
1753351554,4733,11707,86008,2738,134
1753351555,4501,11713,86008,2738,135
1753351556,4470,11719,86008,2738,134
1753351557,4783,11716,86005,2738,135
1753351557,4761,11718,86010,2738,134
1753351558,4580,11715,86007,2738,134
1753351559,4521,11717,86007,2738,134
1753351560,4577,11714,86006,2738,135
1753351561,4539,11710,86000,2738,134
1753351562,4577,11717,86005,2739,135
1753351563,4659,11712,86005,2738,135
1753351585,4606,11713,86001,2738,155
1753351885,8451,11694,86006,2735,135
1753352185,4557,21535,85972,2785,115
1753352486,27055,12667,85982,2863,118
1753352786,228,3512,86820,3033,116
1753353087,467,3495,86728,2933,115
1753353387,404,3508,86669,2919,115
1753353687,511,3489,86652,2930,117
1753353988,506,3482,86656,2953,115
1753354288,512,3487,86632,2976,117
1753354589,494,3487,86630,2998,115
1753354889,479,3475,86606,3020,115
1753355189,509,3471,86605,3041,116
1753355490,530,3482,86581,3061,118
1753355790,480,3475,86576,3083,117
1753356091,505,3468,86574,3106,117
1753356391,501,3474,86556,3128,115
1753356691,511,3474,86562,3149,115
1753356992,532,3464,86563,3169,116
1753357292,526,3457,86556,3189,117
1753357593,528,3463,86573,3208,115
1753357893,516,3448,86548,3225,117
1753358193,504,3460,86539,3242,116
1753358494,573,3459,86552,3258,115
1753358794,544,3458,86546,3276,117
1753359095,551,3456,86532,3291,117
1753359395,546,3455,86543,3309,116
1753359696,502,3458,86532,3323,115
1753359996,553,3446,86516,3339,117
1753360296,602,3442,86533,3353,115
1753360597,485,3441,86531,3369,116
1753360897,604,3464,86506,3380,116
1753361198,639,3433,86494,3392,116
1753361498,772,3451,86489,3403,115
1753361798,788,3453,86480,3417,116
1753362099,908,3458,86471,3431,115
1753362399,778,3454,86476,3442,116
1753362700,756,3449,86469,3452,116
1753363000,804,3456,86440,3459,116
1753363300,990,3462,86446,3465,116
1753363601,1106,3436,86444,3478,116
1753363901,1385,3479,86443,3488,116
1753364202,1346,3450,86436,3486,116
1753364502,1477,3462,86427,3488,116
1753364802,1488,3434,86421,3478,116
1753365103,1404,3444,86415,3481,116
1753365403,1466,3470,86400,3478,115
1753365704,1654,3456,86392,3476,116
1753366004,1718,3423,86366,3486,116
1753366304,1779,3505,86367,3501,116
1753366605,1426,3465,86366,3508,115
1753366905,1249,3462,86365,3511,116
1753367206,1320,3485,86334,3515,116
1753367506,1258,3455,86337,3515,116
1753367806,1429,3531,86330,3523,116
1753368107,1317,3457,86329,3533,115
1753368407,1195,3436,86331,3544,115
1753368708,1073,3436,86346,3548,116
1753369008,1098,3452,86354,3551,116
1753369308,897,3697,86333,3544,116
1753369609,741,3442,86334,3526,116
1753369909,788,3422,86301,3501,115
1753370210,802,3434,86313,3482,116
1753370510,1037,3432,86305,3464,116
1753370810,926,3440,86289,3447,116
1753371111,928,3425,86277,3434,116
1753371411,1000,3438,86281,3424,113
1753371712,978,3434,86295,3413,115
1753372012,908,3441,86295,3405,114
1753372312,994,3454,86277,3396,115
1753372613,1123,3471,86270,3388,116
1753372913,1127,3447,86273,3378,116
1753373214,1095,3450,86279,3376,114
1753373514,882,3460,86254,3379,114
1753373815,1197,3461,86250,3386,113
1753374115,1145,3458,86249,3386,116
1753374415,966,3469,86224,3376,116
1753374716,951,3468,86218,3362,111
1753375016,683,3467,86218,3342,115
1753375317,578,3488,86209,3318,116
1753375617,519,3491,86212,3293,113
1753375917,532,3495,86212,3272,116
1753376218,455,3495,86208,3252,111
1753376518,427,3497,86207,3234,115
1753376819,429,3502,86201,3216,114
1753377119,386,3519,86196,3196,111
1753377419,332,3524,86207,3177,114
1753377720,273,3521,86197,3159,111
1753378020,289,3531,86178,3143,114
1753378321,315,3527,86174,3126,111
1753378621,270,3537,86190,3115,111
1753378921,263,3535,86172,3102,114
1753379222,311,3540,86188,3089,114
1753379522,192,3549,86182,3078,114
1753379823,214,3548,86185,3067,114
1753380123,159,3554,86184,3056,114
1753380423,153,3559,86191,3046,114
1753380724,154,3557,86204,3036,114
1753381024,87,3564,86218,3025,114
1753381325,125,3583,86214,3013,111
1753381625,134,3565,86209,3001,113
1753381925,107,3587,86218,2990,113
1753382226,97,3563,86226,2980,114
1753382526,94,3585,86233,2969,114
1753382827,54,3608,86231,2958,114
1753383127,38,3599,86233,2947,114
1753383427,25,3584,86244,2936,113
1753383728,20,3599,86235,2924,114
1753384028,15,3617,86235,2914,113
1753384329,13,3604,86219,2903,114
1753384629,11,3604,86224,2893,114
1753384929,12,3629,86222,2882,114
1753385230,10,3635,86223,2872,114
1753385530,11,3649,86235,2863,114
1753385831,11,3620,86229,2855,113
1753386131,11,3636,86255,2848,114
1753386431,11,3642,86252,2840,114
1753386732,11,3645,86245,2834,114
1753387032,11,3645,86255,2827,114
1753387333,12,3666,86261,2821,114
1753387633,11,3674,86274,2814,114
1753387933,11,3676,86270,2808,114
1753388234,10,3695,86287,2802,114
1753388534,11,3701,86292,2796,114
1753388835,11,3680,86328,2791,113
1753389135,10,3673,86351,2786,114
1753389435,12,3693,86366,2781,113
1753389736,11,3717,86403,2776,114
1753390036,11,3732,86426,2771,114
1753390337,11,3722,86436,2766,114
1753390637,11,3721,86431,2761,114
1753390937,11,3717,86423,2757,114
1753391238,10,3730,86449,2752,114
1753391538,11,3737,86441,2748,114
1753391839,10,3727,86446,2743,114
1753392139,11,3752,86461,2737,114
1753392439,11,3741,86459,2733,114
1753392740,11,3755,86474,2729,113
1753393040,10,3753,86441,2725,114
1753393341,10,3776,86448,2721,114
1753393641,10,3744,86456,2717,114
1753393942,10,3760,86453,2714,113
1753394242,11,3782,86469,2711,114
1753394542,10,3775,86462,2707,111
1753394843,10,3800,86445,2704,114
1753395143,10,3787,86437,2701,114
1753395444,10,3792,86445,2697,114
1753395744,10,3801,86446,2693,114
1753396044,11,3822,86432,2689,114
1753396345,10,3830,86430,2685,111
1753396645,10,3818,86433,2682,114
1753396946,11,3832,86426,2678,114
1753397246,10,3819,86423,2673,114
1753397546,10,3833,86432,2669,114
1753397847,10,3848,86420,2664,114
1753398147,10,3847,86389,2660,114
1753398448,11,3874,86408,2655,114
1753398748,10,3850,86397,2650,113
1753399048,10,3848,86394,2646,114
1753399349,10,3851,86387,2642,114
1753399649,9,3875,86394,2638,114
1753399950,10,3893,86419,2635,114
1753400250,10,3880,86421,2631,113
1753400550,11,3888,86485,2626,113
1753400851,11,3922,86502,2621,114
1753401151,10,3914,86514,2617,114
1753401452,10,3922,86510,2612,114
1753401752,11,3949,86525,2608,114
1753402052,10,3923,86522,2603,114
1753402353,9,3911,86525,2598,114
1753402653,10,3917,86523,2594,114
1753402954,10,3924,86519,2589,111
1753403254,9,3933,86526,2585,113
1753403554,9,3947,86534,2581,113
1753403855,10,3960,86512,2576,112
1753404155,10,3919,86531,2573,113
1753404456,9,3982,86526,2567,113
1753404756,9,3983,86536,2563,113
1753405056,10,3924,86542,2559,113
1753405357,9,3951,86539,2555,113
1753405657,10,3950,86539,2551,113
1753405958,9,3980,86542,2546,113
1753406258,10,3956,86524,2542,113
1753406558,9,3969,86533,2539,111
1753406859,10,3956,86530,2534,113
1753407159,9,3985,86515,2530,113
1753407460,9,3979,86518,2526,113
1753407760,9,4016,86517,2523,113
1753408060,9,4028,86502,2519,111
1753408361,9,3992,86521,2515,113
1753408661,9,4027,86510,2511,111
1753408962,9,4006,86502,2508,113
1753409262,9,4029,86503,2503,113
1753409562,10,4035,86495,2498,113
1753409863,9,4043,86479,2493,113
1753410163,7,4034,86462,2488,112
1753410464,8,4068,86481,2483,112
1753410764,10,4078,86467,2479,113
1753411064,9,4088,86454,2475,113
1753411365,8,4051,86438,2472,112
1753411665,9,4109,86429,2467,113
1753411966,9,4082,86447,2464,111
1753412266,9,4100,86418,2460,111
1753412566,9,4077,86428,2457,113
1753412867,8,4105,86406,2455,111
1753413167,9,4079,86412,2451,113
1753413468,9,4085,86391,2448,112
1753413768,8,4097,86403,2444,111
1753414068,9,4111,86399,2440,111
1753414369,8,4086,86421,2436,113
1753414669,9,4092,86431,2432,112
1753414970,9,4115,86427,2428,113
1753415270,9,4087,86414,2424,112
1753415570,9,4097,86437,2421,113
1753415871,8,4083,86438,2417,112
1753416171,8,4108,86447,2414,111
1753416472,9,4123,86437,2411,113
1753416772,9,4125,86433,2408,112
1753417072,8,4127,86457,2405,112
1753417373,9,4144,86449,2402,113
1753417673,8,4112,86454,2399,112
1753417974,7,4136,86452,2397,113
1753418274,9,4126,86454,2394,112
1753418574,8,4130,86473,2392,113
1753418875,8,4153,86469,2389,113
1753419175,9,4155,86495,2386,113
1753419476,8,4140,86472,2383,112
1753419776,8,4144,86495,2381,113
1753420076,9,4126,86511,2379,112
1753420377,10,4172,86512,2376,111
1753420677,14,4159,86483,2373,112
1753420978,22,4154,86496,2370,112
1753421278,30,4161,86499,2368,111
1753421578,50,4130,86497,2366,112
1753421879,73,4148,86502,2364,111
1753422179,85,4133,86493,2362,113
1753422480,108,4163,86504,2361,111
1753422780,136,4155,86505,2360,112
1753423081,148,4178,86499,2358,111
1753423381,164,4155,86513,2357,112
1753423681,187,4173,86495,2355,113
1753423982,193,4201,86507,2354,113
1753424282,217,4183,86515,2353,112
1753424583,253,4179,86518,2352,112
1753424883,248,4223,86510,2351,112
1753425183,270,4229,86519,2351,112
1753425484,287,4202,86506,2351,111
1753425784,254,4225,86526,2352,111
1753426085,266,4205,86526,2352,112
1753426385,252,4200,86559,2354,111
1753426685,279,4235,86609,2356,111
1753426986,273,4198,86632,2358,111
1753427286,244,4233,86629,2361,112
1753427587,277,4236,86628,2364,112
1753427887,264,4193,86621,2368,111
1753428187,344,4234,86605,2371,111
1753428488,415,4238,86595,2375,112
1753428788,476,4229,86615,2380,112
1753429089,524,4303,86597,2387,112
1753429389,607,4247,86611,2394,112
1753429689,690,4218,86597,2402,111
1753429990,755,4255,86584,2411,112
1753430290,769,4291,86613,2421,112
1753430591,701,4260,86603,2431,112
1753430891,609,4276,86590,2435,112
1753431191,545,4245,86597,2441,112
1753431492,619,4236,86607,2447,112
1753431792,686,4256,86607,2455,112
1753432093,658,4264,86605,2464,112
1753432393,681,4269,86582,2477,111
1753432693,723,4250,86583,2490,111
1753432994,660,4248,86589,2501,112
1753433294,603,4254,86586,2513,112
1753433595,716,4276,86580,2525,112
1753433895,700,4270,86609,2536,113
1753434195,742,4268,86584,2548,112
1753434496,953,4262,86574,2563,112
1753434796,791,4248,86593,2583,112
1753435097,929,4258,86595,2597,112
1753435397,850,4289,86602,2614,112
1753435697,882,4296,86595,2631,112
1753435998,760,4338,86591,2648,112
1753436298,877,4301,86642,2660,112
1753436599,1051,4304,86644,2680,112
1753436899,855,4299,86646,2705,112
1753437199,766,4293,86649,2731,111
1753437500,901,4345,86644,2755,112
1753437800,606,4319,86650,2777,112
1753438101,674,4302,86647,2785,112
1753438401,605,4308,86633,2783,112
1753438701,695,4330,86615,2780,112
1753439002,640,4300,86603,2777,112
1753439302,649,4337,86615,2773,112
1753439603,678,4346,86594,2773,112
1753439903,774,4331,86605,2775,111
1753440203,802,4316,86587,2780,111
1753440504,911,4344,86563,2786,112
1753440804,1005,4361,86554,2800,111
1753441105,993,4356,86561,2817,112
1753441405,1020,4345,86558,2835,112
1753441705,1028,4344,86547,2851,112
1753442006,1228,4344,86511,2862,112
1753442306,1122,4335,86508,2867,111
1753442607,1265,4341,86497,2870,112
1753442907,1193,4368,86487,2873,112
1753443207,1397,4342,86475,2880,112
1753443508,1309,4409,86456,2884,112
1753443808,1087,4368,86443,2887,112
1753444109,1186,4376,86413,2887,112
1753444409,907,4402,86440,2885,112
1753444709,837,4406,86428,2882,112
1753445010,979,4401,86431,2886,112
1753445310,899,4410,86413,2907,112
1753445611,889,4414,86400,2937,112
1753445911,817,4379,86386,2972,111
1753446212,972,4407,86376,3009,112
1753446512,988,4413,86357,3043,112
1753446812,1289,4449,86360,3077,111
1753447113,1222,4443,86346,3106,112
1753447413,1107,4429,86329,3130,111
1753447714,747,4450,86322,3145,111
1753448014,848,4477,86331,3138,112
1753448314,683,4434,86314,3129,111
1753448615,687,4451,86315,3128,112
1753448915,694,4483,86303,3126,112
1753449216,621,4478,86303,3135,111
1753449516,552,4475,86298,3153,112
1753449816,600,4493,86280,3160,111
1753450117,547,4496,86275,3170,112
1753450417,686,4516,86269,3188,111
1753450718,434,4525,86261,3211,111
1753451018,522,4551,86247,3219,111
1753451318,472,4529,86238,3228,112
1753451619,435,4540,86238,3227,112
1753451919,550,4547,86227,3213,112
1753452220,731,4522,86237,3199,111
1753452520,469,4577,86215,3186,112
1753452820,724,4567,86212,3177,112
1753453121,803,4597,86197,3183,112
1753453421,1001,4569,86192,3200,112
1753453722,865,4580,86177,3227,112
1753454022,724,4604,86159,3253,112
1753454322,814,4623,86158,3269,112
1753454623,841,4631,86127,3285,112
1753454923,925,4594,86129,3294,111
1753455224,851,4586,86114,3302,112
1753455524,1088,4590,86116,3308,111
1753455824,763,4622,86111,3316,112
1753456125,896,4679,86109,3321,112
1753456425,654,4667,86096,3324,112
1753456726,993,4683,86071,3338,112
1753457026,824,4658,86087,3346,112
1753457326,846,4683,86085,3348,112
1753457627,796,4653,86070,3340,111
1753457927,699,4704,86061,3330,112
1753458228,753,4752,86065,3322,111
1753458528,801,4725,86050,3309,112
1753458828,885,4718,86043,3290,112
1753459129,759,4727,86037,3277,112
1753459429,481,4732,86039,3259,112
1753459730,583,4739,86048,3240,111
1753460030,821,4730,86021,3219,112
1753460330,747,4761,86035,3198,112
1753460631,360,4760,86038,3183,112
1753460931,373,4810,86033,3170,112
1753461232,373,4745,86020,3156,112
1753461532,310,4764,86013,3143,112
1753461832,405,4798,86040,3131,112
1753462133,346,4794,86055,3117,112
1753462433,431,4759,86068,3104,111
1753462734,405,4757,86065,3091,112
1753463034,262,4793,86068,3081,112
1753463334,256,4814,86069,3071,112
1753463635,216,4801,86056,3058,111
1753463935,188,4830,86043,3045,111
1753464236,179,4798,86058,3033,112
1753464536,198,4870,86064,3019,112
1753464837,187,4879,86083,3006,112
1753465137,154,4867,86109,2992,111
1753465437,167,4934,86098,2972,112
1753465738,82,4933,86147,2955,111
1753466038,89,5096,86182,2938,112
1753466339,94,5222,86201,2917,112
1753466639,82,5779,86213,2881,112
1753466939,75,6019,86217,2853,112
1753467240,35,6166,86216,2851,111
1753467540,27,6019,86232,2857,111
1753467841,21,6109,86248,2859,112
1753468141,19,6092,86271,2857,112
1753468441,16,5991,86287,2852,112
1753468742,17,6274,86367,2847,112
1753469042,18,6166,86528,2843,111
1753469343,12,6122,88663,2834,111
1753469643,11,8314,91333,2805,112
1753469943,10,11799,92113,2746,111
1753470244,11,13979,92269,2681,111
1753470544,10,14890,92087,2630,112
1753470845,10,16109,91911,2592,111
1753471145,9,18266,91679,2563,112
1753471445,10,19528,91561,2543,112
1753471746,9,19769,91607,2527,112
1753472046,9,20545,91734,2514,112
1753472347,9,20395,91671,2502,112
1753472647,10,20809,91622,2493,112
1753472947,9,21773,91488,2486,111
1753473248,9,22343,91367,2480,112
1753473548,8,22400,91217,2477,112
1753473849,9,22213,91069,2474,112
1753474149,9,22204,90895,2468,112
1753474449,9,22662,90764,2458,112
1753474750,9,22918,90664,2447,111
1753475050,9,23149,90552,2434,112
1753475351,9,23261,90358,2420,112
1753475651,10,23392,90272,2404,111
1753475951,9,22994,90152,2393,112
1753476252,8,23440,90045,2382,112
1753476552,8,23063,89947,2373,112
1753476853,9,21530,89827,2365,111
1753477153,9,21924,89731,2358,112
1753477453,8,22436,89628,2352,112
1753477754,8,21742,89528,2348,111
1753478054,8,22529,89462,2344,111
1753478355,9,20543,89308,2341,112
1753478655,8,21867,89279,2339,111
1753478955,8,21898,89154,2338,112
1753479256,8,22563,89055,2337,111
1753479556,8,20451,88973,2337,111
1753479857,9,20018,88882,2337,112
1753480157,10,11692,88810,2335,112
1753480457,9,10941,88703,2335,112
1753480758,8,8627,88726,2335,111
1753481058,9,7909,88631,2335,111
1753481359,8,7796,88583,2334,112
1753481659,8,7776,88559,2334,111
1753481959,8,7557,88499,2334,112
1753482260,8,7455,88456,2334,112
1753482560,8,7454,88435,2332,111
1753482861,8,7681,88364,2332,111
1753483161,8,7565,88378,2332,112
1753483461,8,6467,88293,2331,111
1753483762,9,6294,88298,2331,112
1753484062,8,6382,88214,2330,112
1753484363,9,6286,88206,2329,111
1753484663,8,6179,88170,2328,111
1753484963,8,6134,88129,2327,111
1753485264,8,6035,88150,2327,112
1753485564,7,6010,88067,2326,112
1753485865,9,5768,88071,2325,111
1753486165,8,5722,88058,2324,112
1753486465,8,5610,88026,2323,112
1753486766,9,5603,88027,2322,111
1753487066,9,5557,87979,2320,112
1753487367,8,5397,87970,2319,111
1753487667,8,5408,87944,2317,112
1753487967,8,5327,87931,2317,112
1753488268,9,5309,87892,2316,112
1753488568,9,5287,87900,2314,111
1753488869,8,5287,87846,2314,112
1753489169,7,5279,87879,2312,111
1753489469,9,5523,87841,2311,112
1753489770,9,5290,87823,2309,111
1753490070,8,5289,87831,2308,111
1753490371,8,5281,87807,2307,112
1753490671,8,5270,87791,2306,112
1753490971,9,5257,87801,2305,112
1753491272,9,5271,87748,2305,112
1753491572,8,5274,87756,2304,112
1753491873,8,5232,87771,2303,111
1753492173,7,5269,87761,2302,112
1753492473,9,5277,87748,2301,111
1753492774,8,5265,87718,2300,111
1753493074,8,5285,87696,2299,112
1753493375,8,5287,87675,2298,111
1753493675,8,5315,87666,2297,111
1753493976,8,5320,87650,2296,112
1753494276,8,5303,87620,2294,111
1753494576,8,5355,87628,2293,111
1753494877,8,5364,87616,2292,111
1753495177,8,5399,87616,2291,112
1753495478,8,5377,87605,2290,112
1753495778,8,5423,87620,2288,111
1753496078,9,5393,87598,2288,111
1753496379,8,5419,87599,2286,111
1753496679,8,5413,87577,2286,112
1753496980,8,5449,87579,2284,111
1753497280,9,5443,87564,2284,111
1753497580,8,5470,87547,2283,112
1753497881,6,5513,87520,2281,112
1753498181,8,5503,87525,2280,111
1753498482,8,5517,87516,2280,112
1753498782,7,5562,87499,2279,112
1753499082,8,5566,87476,2278,112
1753499383,8,5573,87455,2276,111
1753499683,9,5580,87466,2274,111
1753499984,7,5625,87461,2273,111
1753500284,8,5673,87458,2271,111
1753500584,8,5674,87452,2269,112
1753500885,9,5689,87427,2267,112
1753501185,8,5692,87433,2265,112
1753501486,9,5723,87427,2263,112
1753501786,8,5752,87403,2261,111
1753502086,8,5748,87406,2259,111
1753502387,8,5769,87404,2259,111
1753502687,8,5794,87393,2257,110
1753502988,8,5810,87363,2255,111
1753503288,8,5813,87352,2255,111
1753503588,9,5886,87357,2253,111
1753503889,9,5900,87344,2252,112
1753504189,8,5958,87364,2251,111
1753504490,8,5933,87327,2250,112
1753504790,8,5930,87329,2250,112
1753505090,8,5959,87326,2249,111
1753505391,8,5953,87318,2248,112
1753505691,8,6056,87340,2247,111
1753505992,8,6031,87335,2246,112
1753506292,8,6083,87318,2245,112
1753506592,8,6078,87330,2244,110
1753506893,9,6163,87320,2242,112
1753507193,8,6084,87336,2241,112
1753507494,10,6120,87337,2239,111
1753507794,12,6118,87342,2238,111
1753508094,17,6112,87350,2237,112
1753508395,25,6162,87338,2236,110
1753508695,34,6186,87330,2235,111
1753508996,47,6206,87354,2234,112
1753509296,57,6208,87348,2233,111
1753509596,63,6271,87349,2233,112
1753509897,75,6218,87356,2233,110
1753510197,86,6105,87361,2233,110
1753510498,107,6118,87366,2233,112
1753510798,125,6157,87375,2233,110
1753511099,141,6173,87380,2234,110
1753511399,181,6186,87391,2235,112
1753511699,207,6188,87398,2237,109
1753512000,200,6191,87416,2240,112
1753512300,203,6198,87426,2243,110
1753512601,207,6191,87405,2246,112
1753512901,211,6156,87400,2248,112
1753513201,203,6247,87418,2250,110
1753513502,175,6229,87412,2252,110
1753513802,175,6262,87427,2253,112
1753514103,134,6332,87413,2255,112
1753514403,108,6299,87437,2256,111
1753514703,111,6266,87447,2257,111
1753515004,135,6295,87439,2259,112
1753515304,147,6297,87448,2260,110
1753515605,189,6312,87419,2263,109
1753515905,245,6330,87428,2267,109
1753516205,328,6350,87428,2271,110
1753516506,434,6349,87419,2276,109
1753516806,459,6357,87440,2281,112
1753517107,388,6370,87420,2287,112
1753517407,371,6400,87433,2293,109
1753517707,360,6382,87433,2299,109
1753518008,444,6428,87431,2306,112
1753518308,453,6460,87451,2312,112
1753518609,465,6519,87479,2318,109
1753518909,479,6483,87506,2324,112
1753519209,482,6497,87506,2329,109
1753519510,519,6507,87495,2335,109
1753519810,521,6492,87485,2341,112
1753520111,549,6539,87466,2346,112
1753520411,541,6527,87491,2350,109
1753520711,570,6565,87498,2355,110
1753521012,621,6609,87469,2361,112
1753521312,583,6644,87474,2367,110
1753521613,616,6654,87446,2374,109
1753521913,607,6666,87447,2389,110
1753522213,596,6686,87429,2406,112
1753522514,599,6714,87402,2422,112
1753522814,593,6777,87410,2437,112
1753523115,615,6759,87393,2453,112
1753523415,603,6753,87356,2474,112
1753523715,615,6790,87339,2491,112
1753524016,558,6809,87329,2513,112
1753524316,569,6830,87316,2535,112
1753524617,522,6852,87304,2560,110
1753524917,530,6888,87281,2574,112
1753525217,674,6889,87277,2591,112
1753525518,642,6956,87261,2615,112
1753525818,618,6952,87267,2630,112
1753526119,600,6933,87261,2645,112
1753526419,651,6995,87225,2660,112
1753526720,668,6939,87231,2671,112
1753527020,677,6992,87200,2693,112
1753527320,868,7009,87214,2701,112
1753527621,873,7048,87177,2703,110
1753527921,867,7022,87181,2709,109
1753528222,950,7074,87188,2721,112
1753528522,826,7101,87158,2732,109
1753528822,811,7185,87146,2747,112
1753529123,805,7140,87138,2771,110
1753529423,708,7190,87143,2786,112
1753529724,733,7222,87130,2791,112
1753530024,813,7208,87124,2795,109
1753530324,829,7288,87091,2800,112
1753530625,622,7258,87108,2809,107
1753530925,603,7282,87085,2821,110
1753531226,659,7206,87112,2837,110
1753531526,489,7245,87089,2846,110
1753531826,439,7443,87056,2849,112
1753532127,530,7770,87076,2858,109
1753532427,774,7537,87061,2863,110
1753532728,765,7063,87044,2861,112
1753533028,791,6834,87032,2860,110
1753533328,822,6668,87023,2859,109
1753533629,982,6406,87002,2860,112
1753533929,1103,6308,87000,2862,112
1753534230,1276,6902,86997,2866,112
1753534530,1094,7764,86992,2865,110
1753534830,868,5214,87007,2861,109
1753535131,824,8737,86989,2854,110
1753535431,907,6015,86985,2847,112
1753535732,717,7294,86982,2841,112
1753536032,784,6349,86958,2836,110
1753536332,751,4554,86952,2831,107
1753536633,657,6295,86958,2825,109
1753536933,821,5290,86920,2820,109
1753537234,972,4675,86918,2816,112
1753537534,666,4358,86904,2814,110
1753537834,660,5239,86879,2814,110
1753538135,861,7202,86884,2825,109
1753538435,1043,4261,86859,2835,110
1753538736,976,5149,86875,2841,110
1753539036,788,5345,86855,2842,107
1753539337,562,4320,86858,2839,112
1753539637,574,4425,86870,2835,110
1753539937,661,4262,86854,2830,110
1753540238,865,4300,86845,2827,112
1753540538,806,4876,86836,2824,110
1753540839,470,4801,86836,2823,110
1753541139,525,4845,86826,2823,112
1753541439,697,5530,86825,2823,110
1753541740,681,4314,86801,2823,110
1753542040,805,4326,86810,2822,109
1753542341,728,4690,86787,2821,110
1753542641,599,4431,86794,2821,110
1753542941,393,4493,86796,2818,110
1753543242,353,4467,86811,2814,112
1753543542,308,5092,86801,2806,112
1753543843,208,4945,86803,2793,110
1753544143,156,8345,86798,2780,112
1753544443,227,7600,86774,2770,112
1753544744,361,4143,86786,2761,110
1753545044,446,4186,86790,2755,109
1753545345,429,4209,86797,2751,109
1753545645,609,4274,86776,2747,110
1753545945,880,4355,86789,2746,110
1753546246,904,4472,86763,2751,110
1753546546,928,4599,86774,2759,109
1753546847,935,4589,86746,2761,110
1753547147,626,4617,86754,2756,110
1753547447,743,4681,86737,2753,107
1753547748,728,4755,86770,2754,107
1753548048,668,4962,86768,2754,112
1753548349,618,5186,86773,2750,110
1753548649,685,4808,86770,2747,109
1753548949,597,4990,86769,2744,110
1753549250,660,4995,86756,2741,109
1753549550,501,7724,86771,2738,110
1753549851,565,4654,86775,2735,110
1753550151,587,4750,86830,2731,110
1753550451,286,5133,86881,2725,110
1753550752,480,5715,86869,2721,109
1753551052,471,4764,86836,2717,110
1753551353,329,7852,86830,2709,109
1753551653,389,4874,86825,2700,110
1753551953,420,4861,86836,2691,107
1753552254,377,4668,86847,2682,110
1753552554,349,4609,86875,2672,109
1753552855,290,4626,86879,2662,110
1753553155,235,4664,86899,2651,110
1753553456,175,4658,86926,2639,110
1753553756,107,4710,86922,2627,110
1753554056,94,4784,86936,2614,109
1753554357,75,4768,86925,2603,107
1753554657,57,4751,86918,2592,110
1753554958,52,4765,86909,2583,110
1753555258,38,4750,86936,2574,109
1753555558,31,4685,86945,2565,110
1753555859,23,4747,86972,2559,110
1753556159,16,4761,86986,2552,110
1753556460,14,4668,86982,2546,109
1753556760,11,4880,87003,2541,110
1753557060,10,4666,86979,2536,110
1753557361,10,4729,86973,2531,110
1753557661,10,4754,86965,2527,110
1753557962,10,4779,86956,2523,109
1753558262,10,4844,86943,2518,110
1753558562,10,4715,86935,2514,109
1753558863,9,4792,86947,2509,110
1753559163,10,4795,86961,2505,109
1753559464,9,4731,86994,2500,110
1753559764,9,4751,87031,2495,108
1753560064,9,4798,87079,2489,110
1753560365,9,4815,87100,2483,110
1753560665,10,4867,87109,2478,109
1753560966,9,4791,87129,2473,110
1753561266,9,4794,87116,2467,110
1753561566,9,4839,87122,2461,109
1753561867,9,4845,87139,2455,110
1753562167,9,4957,87134,2450,109
1753562468,9,4944,87121,2445,110
1753562768,9,4928,87147,2441,110
1753563068,9,5008,87158,2436,109
1753563369,8,5002,87172,2431,109
1753563669,9,5033,87159,2427,109
1753563970,8,5025,87161,2424,110
1753564270,8,5079,87137,2419,109
1753564570,9,5064,87128,2417,109
1753564871,9,5121,87098,2413,109
1753565171,9,5128,87095,2410,109
1753565472,8,5179,87074,2406,109
1753565772,8,5217,87095,2404,107
1753566072,9,5155,87070,2401,107
1753566373,9,5349,87106,2398,109
1753566673,9,5289,87119,2395,109
1753566974,8,5369,87125,2393,109
1753567274,9,5381,87124,2389,109
1753567574,8,5258,87158,2386,109
1753567875,8,5320,87154,2384,109
1753568175,9,5401,87163,2380,109
1753568476,9,5399,87157,2377,109
1753568776,9,5422,87159,2375,107
1753569077,9,5478,87159,2372,108
1753569377,9,5539,87171,2369,107
1753569677,9,5512,87166,2366,108
1753569978,9,5548,87147,2363,107
1753570278,9,5613,87153,2360,109
1753570579,9,5675,87154,2358,109
1753570879,8,5681,87153,2355,109
1753571179,8,5603,87142,2352,109
1753571480,8,5633,87159,2350,109
1753571780,9,5597,87137,2348,109
1753572081,8,5594,87138,2345,108
1753572381,9,5626,87143,2343,109
1753572681,8,5612,87126,2342,109
1753572982,8,5637,87128,2339,109
1753573282,9,5622,87121,2337,107
1753573583,9,5747,87130,2336,107
1753573883,8,5771,87115,2334,109
1753574183,9,5919,87123,2332,109
1753574484,8,5788,87113,2330,109
1753574784,8,5779,87115,2329,109
1753575085,9,5825,87105,2327,107
1753575385,9,5946,87067,2325,109
1753575685,8,5951,87080,2323,109
1753575986,8,6010,87061,2321,109
1753576286,9,5961,87076,2319,109
1753576587,9,6097,87062,2317,107
1753576887,9,5984,87073,2315,107
1753577187,8,6106,87064,2313,109
1753577488,8,6070,87057,2311,109
1753577788,8,6113,87046,2308,108
1753578089,8,6132,87028,2307,109
1753578389,9,6224,87022,2305,107
1753578689,7,6113,87019,2303,107
1753578990,8,6148,87003,2301,109
1753579290,8,6257,87004,2300,109
1753579591,8,6145,86989,2297,108
1753579891,8,6108,86983,2296,109
1753580191,9,6299,86979,2294,107
1753580492,9,6166,86961,2292,109
1753580792,9,6219,86982,2290,107
1753581093,9,6182,86962,2288,109
1753581393,9,6298,86977,2286,109
1753581693,8,6203,86966,2284,109
1753581994,8,6234,86957,2283,109
1753582294,9,6198,86959,2281,109
1753582595,8,6182,86957,2278,108
1753582895,8,6169,86940,2277,109
1753583195,9,6161,86955,2275,107
1753583496,9,6148,86978,2272,107
1753583796,9,6221,86951,2270,109
1753584097,9,6219,86949,2268,107
1753584397,8,6175,86951,2266,109
1753584698,8,6112,86948,2265,109
1753584998,9,6124,86946,2264,109
1753585298,8,6169,86939,2261,107
1753585599,8,6111,86930,2260,109
1753585899,9,6156,86922,2258,107
1753586200,8,6144,86929,2256,109
1753586500,8,6218,86921,2255,107
1753586800,8,6115,86922,2253,109
1753587101,8,6176,86929,2252,107
1753587401,7,6184,86903,2251,107
1753587702,8,6168,86904,2249,109
1753588002,8,6157,86914,2247,107
1753588302,9,6117,86922,2246,109
1753588603,8,6119,86908,2245,109
1753588903,8,6091,86924,2245,108
1753589204,10,6129,86927,2243,107
1753589504,8,6189,86906,2242,108
1753589804,8,6267,86900,2241,109
1753590105,8,6186,86895,2240,109
1753590405,9,6171,86894,2239,107
1753590706,8,6269,86876,2237,108
1753591006,8,6252,86882,2236,107
1753591306,8,6258,86874,2235,107
1753591607,8,6325,86856,2233,107
1753591907,8,6233,86874,2231,107
1753592208,8,6332,86873,2229,107
1753592508,8,6312,86888,2228,107
1753592808,9,6328,86903,2225,107
1753593109,9,6279,86898,2223,107
1753593409,9,6343,86892,2221,107
1753593710,12,6291,86885,2219,107
1753594010,15,6283,86885,2217,107
1753594310,20,6295,86893,2216,108
1753594611,31,6266,86905,2214,107
1753594911,40,6309,86888,2212,109
1753595212,54,6264,86891,2210,109
1753595512,72,6364,86921,2208,107
1753595812,86,6341,86907,2208,108
1753596113,124,6332,86931,2207,107
1753596413,126,6333,86918,2206,108
1753596714,163,6341,86923,2205,108
1753597014,174,6483,86939,2205,107
1753597314,198,6311,86925,2206,108
1753597615,191,6477,86932,2207,108
1753597915,208,6406,86938,2207,107
1753598216,251,6426,86915,2209,107
1753598516,295,6377,86925,2210,107
1753598816,298,6488,86924,2212,109
1753599117,301,6421,86921,2214,109
1753599417,307,6489,86925,2216,107
1753599718,376,6520,86934,2218,108
1753600018,355,6432,86935,2221,107
1753600318,345,6544,86940,2224,107
1753600619,353,6485,86972,2228,108
1753600919,415,6569,87007,2233,108
1753601220,439,6591,87015,2237,107
1753601520,397,6640,87005,2241,107
1753601820,428,6569,87013,2244,107
1753602121,449,6476,87028,2248,108
1753602421,498,6607,86993,2252,108
1753602722,509,6578,86982,2256,107
1753603022,540,6649,86975,2260,108
1753603323,481,6632,86990,2265,107
1753603623,502,6617,86973,2269,108
1753603923,532,6646,86992,2273,107
1753604224,571,6623,86986,2277,108
1753604524,596,6640,86993,2282,107
1753604825,586,6746,86982,2286,107
1753605125,632,6680,86988,2291,107
1753605425,692,6731,86983,2297,108
1753605726,725,6750,86981,2303,107
1753606026,756,6843,86998,2310,108
1753606327,718,6919,86974,2317,107
1753606627,713,6880,86976,2324,108
1753606927,732,6869,86994,2330,108
1753607228,713,6952,86973,2337,107
1753607528,680,6922,86974,2343,108
1753607829,689,6865,86975,2350,107
1753608129,744,7005,86984,2355,108
1753608429,799,6943,87010,2361,108
1753608730,905,6879,87022,2366,108
1753609030,840,6986,87009,2371,108
1753609331,792,6956,87011,2376,108
1753609631,785,7071,87012,2381,108
1753609931,806,7088,86996,2386,108
1753610232,775,6899,86975,2392,108
1753610532,831,6938,86966,2397,108
1753610833,791,6867,86947,2402,108
1753611133,820,6923,86953,2407,108
1753611433,907,6933,86925,2412,108
1753611734,858,6923,86931,2417,108
1753612034,934,6920,86911,2422,107
1753612335,932,6899,86874,2429,107
1753612635,843,6878,86862,2435,108
1753612935,780,6966,86824,2442,108
1753613236,849,7004,86802,2449,108
1753613536,919,7020,86796,2456,108
1753613837,756,7030,86781,2465,108
1753614137,844,6991,86768,2472,108
1753614437,824,6990,86762,2477,108
1753614738,729,7106,86755,2482,108
1753615038,861,7161,86747,2486,108
1753615339,1001,7169,86741,2491,108
1753615639,1102,7126,86738,2495,108
1753615939,834,7183,86743,2499,108
1753616240,830,7165,86736,2504,108
1753616540,831,7191,86729,2509,108
1753616841,878,7190,86708,2513,108
1753617141,860,7088,86708,2519,108
1753617441,760,7089,86691,2525,108
1753617742,851,7003,86681,2532,108
1753618042,886,6875,86666,2539,108
1753618343,801,6720,86657,2547,108
1753618643,946,6660,86663,2555,108
1753618944,845,6626,86654,2562,108
1753619244,758,6565,86656,2571,108
1753619544,746,6467,86664,2580,108
1753619845,784,6489,86674,2589,108
1753620145,779,6556,86675,2598,108
1753620446,654,6522,86699,2607,108
1753620746,798,6578,86681,2615,107
1753621046,775,6681,86682,2622,108
1753621347,792,6671,86668,2629,108
1753621647,755,6742,86657,2635,108
1753621948,740,6755,86638,2641,107
1753622248,759,6826,86632,2645,108
1753622548,744,6823,86642,2651,108
1753622849,646,6886,86639,2657,108
1753623149,603,6867,86653,2665,108
1753623450,570,6927,86643,2669,108
1753623750,580,6978,86653,2674,108
1753624050,538,6929,86670,2684,108
1753624351,613,7067,86684,2698,108
1753624651,657,7118,86700,2717,108
1753624952,618,7212,86672,2727,107
1753625252,651,7235,86690,2733,107
1753625552,571,7164,86663,2740,108
1753625853,600,7259,86661,2741,107
1753626153,580,7217,86650,2741,105
1753626454,601,7256,86633,2743,108
1753626754,682,7209,86608,2749,105
1753627054,700,7375,86612,2777,108
1753627355,669,7284,86591,2807,108
1753627655,750,7309,86584,2820,108
1753627956,824,7302,86579,2826,108
1753628256,727,7475,86583,2830,108
1753628556,494,7372,86555,2837,105
1753628857,427,7381,86553,2842,108
1753629157,325,7381,86545,2845,105
1753629458,378,7448,86551,2847,108
1753629758,415,7408,86556,2850,108
1753630058,526,7407,86540,2857,108
1753630359,577,7404,86550,2864,105
1753630659,550,7502,86535,2870,108
1753630960,498,7373,86532,2875,108
1753631260,571,7614,86530,2878,108
1753631560,680,7546,86536,2879,108
1753631861,730,7587,86523,2883,105
1753632161,672,7533,86522,2888,107
1753632462,662,7522,86526,2891,105
1753632762,759,7517,86518,2891,108
1753633063,723,7530,86504,2892,107
1753633363,729,7495,86508,2888,107
1753633663,723,7440,86504,2878,108
1753633964,604,7495,86489,2866,108
1753634264,449,7488,86490,2854,107
1753634565,471,7528,86500,2842,108
1753634865,378,7528,86511,2830,103
1753635165,424,7546,86496,2819,108
1753635466,260,7438,86517,2809,106
1753635766,183,7574,86495,2798,105
1753636067,154,7600,86499,2785,108
1753636367,164,7492,86498,2775,106
1753636667,104,7357,86499,2764,108
1753636968,93,7485,86495,2756,105
1753637268,71,7509,86493,2746,108
1753637569,67,7501,86493,2736,108
1753637869,60,7536,86501,2728,108
1753638169,65,7470,86504,2716,106
1753638470,51,7444,86514,2706,106
1753638770,48,7496,86512,2695,103
1753639071,53,7464,86521,2682,107
1753639371,56,7524,86536,2670,105
1753639671,59,7609,86540,2657,108
1753639972,50,7644,86526,2645,105
1753640272,44,7599,86539,2633,106
1753640573,40,7522,86527,2621,106
1753640873,49,7726,86541,2609,105
1753641173,40,7685,86545,2597,108
1753641474,36,7794,86535,2585,106
1753641774,23,7711,86562,2575,108
1753642075,15,7736,86569,2565,108
1753642375,13,7664,86566,2554,106
1753642675,11,7728,86588,2544,105
1753642976,10,7743,86601,2536,106
1753643276,10,7713,86598,2529,108
1753643577,9,7704,86607,2523,106
1753643877,10,7737,86618,2516,108
1753644177,10,7710,86613,2508,108
1753644478,10,7754,86628,2500,106
1753644778,10,7821,86633,2493,106
1753645079,11,7683,86648,2486,106
1753645379,10,7755,86641,2479,108
1753645679,10,7808,86658,2473,108
1753645980,11,7876,86656,2467,106
1753646280,9,7754,86683,2461,105
1753646581,10,7865,86678,2456,108
1753646881,9,7908,86679,2452,108
1753647182,9,7747,86690,2449,108
1753647482,9,7753,86695,2446,108
1753647782,9,7965,86703,2441,108
1753648083,10,8004,86714,2438,107
1753648383,9,7960,86720,2433,108
1753648684,9,8047,86724,2430,108
1753648984,10,8075,86714,2427,106
1753649284,9,8011,86689,2422,106
1753649585,8,8084,86736,2418,106
1753649885,9,8030,86734,2414,106
1753650186,8,7976,86729,2411,106
1753650486,9,8090,86735,2407,106
1753650786,9,8105,86730,2404,106
1753651087,8,8110,86727,2402,106
1753651387,9,8097,86737,2399,106
1753651688,9,8186,86749,2397,106
1753651988,8,8165,86769,2394,106
1753652288,9,7928,86790,2391,106
1753652589,9,8132,86797,2388,106
1753652889,9,8018,86810,2385,106
1753653190,8,8092,86813,2383,106
1753653490,8,7952,86811,2380,105
1753653790,9,8022,86808,2377,106
1753654091,9,7915,86810,2375,103
1753654391,10,7871,86805,2371,106
1753654692,10,7921,86796,2369,106
1753654992,9,7984,86807,2366,106
1753655292,8,8012,86783,2363,106
1753655593,9,7896,86795,2361,106
1753655893,9,7969,86789,2359,105
1753656194,8,8029,86786,2357,106
1753656494,9,8078,86796,2355,106
1753656794,9,8126,86778,2353,106
1753657095,9,7965,86774,2350,106
1753657395,9,8202,86774,2349,106
1753657696,9,8069,86765,2347,106
1753657996,9,8085,86752,2346,106
1753658296,8,8036,86767,2344,106
1753658597,8,8077,86777,2343,106
1753658897,9,8100,86768,2342,105
1753659198,9,8158,86765,2341,106
1753659498,9,8165,86759,2340,106
1753659798,8,7978,86760,2339,106
1753660099,8,8065,86733,2338,106
1753660399,9,7996,86750,2337,106
1753660700,8,8084,86758,2335,106
1753661000,9,8077,86749,2334,106
1753661300,8,8123,86751,2332,106
1753661601,9,7989,86759,2330,105
1753661901,9,8029,86751,2328,106
1753662202,8,8261,86743,2327,106
1753662502,8,8068,86760,2325,106
1753662803,8,8066,86765,2323,106
1753663103,10,8132,86740,2321,106
1753663403,9,8124,86751,2319,106
1753663704,8,8134,86748,2317,106
1753664004,9,8114,86759,2314,106
1753664305,9,8146,86780,2311,106
1753664605,9,8221,86752,2308,106
1753664905,9,8381,86778,2305,106
1753665206,8,8488,86785,2303,106
1753665506,8,8384,86801,2301,106
1753665807,9,8574,86797,2298,106
1753666107,9,8675,86822,2297,106
1753666407,9,8637,86820,2295,106
1753666708,8,8890,86844,2293,106
1753667008,8,8905,86877,2291,106
1753667309,8,9008,86898,2288,106
1753667609,9,9090,86935,2285,106
1753667909,8,9040,87004,2282,106
1753668210,9,8985,87101,2278,106
1753668510,8,9391,87216,2273,106
1753668811,9,9342,87381,2269,106
1753669111,9,9558,87561,2266,106
1753669411,9,9483,87751,2270,106
1753669712,8,8298,87951,2276,106
1753670012,9,8376,88153,2279,106
1753670313,8,8597,88382,2277,106
1753670613,8,8531,88792,2273,106
1753670913,9,8576,89178,2267,105
1753671214,8,8697,89607,2266,106
1753671514,8,9179,89973,2269,106
1753671815,9,10148,90344,2269,105
1753672115,8,10988,90661,2272,106
1753672415,8,11129,91018,2275,106
1753672716,9,11414,91331,2275,106
1753673016,8,11825,91561,2275,105
1753673317,10,12553,91746,2275,106
1753673617,8,12908,91837,2275,106
1753673917,9,13003,91817,2273,103
1753674218,9,13187,91791,2272,106
1753674518,8,12971,91657,2269,105
1753674819,9,13215,91503,2267,106
1753675119,9,12622,91350,2265,106
1753675419,8,12701,91254,2262,106
1753675720,8,12655,91122,2258,106
1753676020,9,12823,91033,2254,103
1753676321,9,13074,90903,2250,106
1753676621,8,13698,90789,2247,106
1753676921,8,14199,90694,2243,106
1753677222,8,14673,90613,2241,106
1753677522,8,14790,90497,2238,106
1753677823,8,14705,90416,2235,106
1753678123,9,14857,90353,2234,106
1753678423,8,15168,90264,2232,106
1753678724,9,15531,90192,2230,106
1753679024,8,15740,90146,2228,106
1753679325,8,15872,90045,2226,103
1753679625,8,15994,90004,2225,105
1753679926,8,15997,89914,2223,105
1753680226,9,16101,89859,2222,103
1753680526,8,16277,89800,2220,106
1753680827,8,16224,89709,2218,106
1753681127,9,16460,89662,2216,106
1753681428,8,16205,89629,2215,106
1753681728,8,16450,89588,2214,106
1753682028,8,16476,89505,2213,105
1753682329,8,16581,89487,2211,103
1753682629,8,16368,89474,2210,103
1753682930,7,16206,89401,2210,105
1753683230,7,16249,89377,2208,105
1753683530,8,16481,89364,2208,106
1753683831,9,16222,89302,2207,106
1753684131,8,16192,89279,2206,106
1753684432,8,16101,89187,2205,105
1753684732,9,16026,89179,2204,105
1753685032,8,15701,89189,2204,106
1753685333,8,15302,89141,2204,106
1753685633,8,15396,89106,2204,105
1753685934,8,14018,89127,2204,103
1753686234,8,13588,89061,2203,106
1753686534,9,13383,89083,2202,105
1753686835,8,13298,89017,2203,106
1753687135,9,13335,89027,2203,106
1753687436,9,13175,88983,2204,105
1753687736,9,13147,89007,2205,106
1753688036,8,13539,88989,2205,103
1753688337,8,13840,89031,2207,103
1753688637,9,13614,89083,2208,105
1753688938,8,13818,89129,2210,105
1753689238,8,13859,89201,2212,105
1753689538,9,14055,89283,2214,105
1753689839,8,14159,89296,2217,105
1753690139,8,14508,89359,2218,105
1753690440,8,14533,89358,2220,105
1753690740,9,14720,89377,2221,105
1753691040,9,14985,89344,2222,103
1753691341,8,15046,89335,2223,105
1753691641,8,15142,89323,2224,103
1753691942,8,14983,89325,2227,105
1753692242,9,15176,89326,2228,105
1753692542,9,15061,89327,2231,105
1753692843,8,15147,89307,2231,105
1753693143,9,15154,89332,2232,105
1753693444,8,15107,89383,2232,105
1753693744,8,15132,89401,2233,105
1753694044,7,14850,89442,2233,104
1753694345,8,14672,89485,2234,105
1753694645,8,14818,89569,2235,105
1753694946,9,14525,89689,2237,105
1753695246,7,14536,89842,2238,105
1753695546,9,14477,90008,2239,103
1753695847,8,14831,90176,2240,104
1753696147,8,14617,90330,2242,105
1753696448,8,15106,90498,2243,105
1753696748,9,15012,90616,2244,104
1753697048,8,15185,90683,2245,103
1753697349,8,15583,90735,2246,104
1753697649,8,15712,90742,2247,105
1753697950,9,16396,90758,2249,105
1753698250,8,16088,90728,2250,105
1753698551,8,16156,90700,2253,103
1753698851,8,16349,90659,2255,104
1753699151,8,16500,90577,2257,105
1753699452,9,16669,90541,2260,104
1753699752,9,16896,90468,2263,104
1753700053,8,16847,90431,2266,104
1753700353,8,16889,90356,2268,104
1753700653,9,16914,90296,2271,104
1753700954,9,16963,90269,2274,105
1753701254,8,17119,90182,2278,104
1753701555,9,17217,90166,2280,104
1753701855,8,17028,90130,2283,104
1753702155,9,17284,90095,2285,104
1753702456,8,17378,90105,2287,104
1753702756,9,17440,90027,2290,104
1753703057,9,17561,90038,2292,103
1753703357,9,17592,90042,2294,104
1753703657,8,17598,89948,2296,103
1753703958,8,17553,89934,2298,104
1753704258,8,17733,89873,2301,104
1753704559,8,17822,89855,2304,104
1753704859,8,17979,89828,2308,104
1753705159,9,17785,89791,2312,104
1753705460,9,17838,89767,2316,104
1753705760,9,17934,89724,2320,103
1753706061,9,17881,89643,2324,104
1753706361,10,17865,89613,2328,104
1753706661,9,17783,89586,2331,103
1753706962,10,18104,89494,2335,103
1753707262,11,17654,89477,2339,104
1753707563,10,17627,89442,2343,104
1753707863,10,17551,89417,2348,104
1753708163,10,17657,89423,2353,104
1753708464,11,17696,89414,2360,104
1753708764,10,17553,89419,2366,104
1753709065,11,17750,89349,2371,104
1753709365,11,17602,89341,2375,104
1753709665,11,17424,89292,2380,104
1753709966,11,17566,89232,2382,104
1753710266,11,17509,89214,2383,104
1753710567,11,17214,89176,2381,104
1753710867,10,17055,89119,2378,104
1753711167,11,16626,89102,2375,103
1753711468,10,16237,89075,2374,104
1753711768,12,15859,88994,2373,103
1753712069,11,14877,88929,2374,104
1753712369,10,14207,88946,2373,104
1753712669,11,14017,88919,2376,103
1753712970,12,13828,88890,2377,104
1753713270,12,13736,88855,2379,104
1753713571,11,13493,88771,2381,103
1753713871,13,13378,88692,2383,103
1753714171,12,13256,88611,2385,103
1753714472,13,13169,88562,2386,104
1753714772,14,12895,88510,2386,104
1753715073,15,12568,88468,2387,104
1753715373,15,9898,88465,2389,103
1753715674,16,9407,88421,2392,104
1753715974,17,9169,88418,2395,104
1753716274,17,9121,88390,2399,103
1753716575,19,9395,88343,2404,103
1753716875,21,9111,88324,2407,104
1753717176,20,9060,88336,2413,103
1753717476,21,8972,88348,2419,104
1753717776,18,9271,88318,2425,104
1753718077,22,9323,88298,2432,104
1753718377,21,9074,88286,2439,104
1753718678,23,9379,88301,2444,104
1753718978,22,8793,88261,2449,103
1753719278,20,9016,88240,2453,104
1753719579,19,9304,88224,2456,104
1753719879,19,9110,88222,2459,103
1753720180,18,9645,88241,2462,103
1753720480,16,10264,88248,2462,103
1753720780,14,9780,88283,2460,104
1753721081,11,12892,88282,2459,104
1753721381,12,14282,88287,2456,104
1753721682,11,15334,88293,2454,101
1753721982,10,14908,88241,2453,104
1753722282,9,15097,88271,2453,104
1753722583,10,15971,88268,2452,103
1753722883,10,18477,88349,2452,104
1753723184,10,19446,88455,2451,103
1753723484,10,19653,88505,2448,101
1753723784,10,19520,88467,2445,103
1753724085,10,19705,88450,2441,103
1753724385,9,20568,88476,2435,104
1753724686,9,20537,88483,2427,104
1753724986,10,21030,88482,2413,103
1753725286,9,20476,88504,2397,104
1753725587,10,20528,88486,2387,104
1753725887,10,20776,88451,2381,102
1753726188,9,20900,88401,2374,104
1753726488,9,19788,88367,2369,104
1753726788,9,19781,88316,2367,103
1753727089,9,19347,88308,2364,103
1753727389,10,5609,88211,2362,104
1753727690,10,5525,88167,2360,102
1753727990,9,5376,88177,2361,103
1753728290,9,5462,88179,2363,104
1753728591,10,5457,88163,2367,102
1753728891,9,5261,88203,2370,103
1753729192,10,5450,88193,2372,104
1753729492,10,5153,88265,2373,104
1753729792,9,5093,88367,2371,104
1753730093,9,4974,88520,2369,104
1753730393,9,5020,88611,2367,104
1753730694,9,5727,88707,2364,104
1753730994,9,5034,88760,2361,104
1753731295,9,5230,88865,2357,103
1753731595,9,5222,88913,2353,104
1753731895,9,5287,89000,2349,102
1753732196,9,5202,89033,2345,103
1753732496,9,5136,89046,2341,102
1753732797,9,5129,89041,2337,101
1753733097,9,5033,89068,2334,101
1753733397,9,5260,89029,2331,103
1753733698,8,5331,89015,2328,102
1753733998,9,5365,89000,2326,104
1753734299,8,5636,89015,2323,104
1753734599,9,5422,89051,2321,101
1753734899,9,5352,89047,2319,104
1753735200,8,5391,89040,2318,104
1753735500,9,5301,88983,2317,104
1753735801,9,5203,88941,2315,104
1753736101,9,5083,88956,2312,102
1753736401,10,5068,88886,2309,99
1753736702,8,5077,88885,2307,104
1753737002,8,4988,88833,2303,104
1753737303,9,5043,88742,2300,104
1753737603,9,4945,88742,2297,104
1753737903,9,4967,88727,2294,102
1753738204,8,4967,88681,2291,104
1753738504,9,4969,88669,2288,101
1753738805,10,5040,88610,2285,104
1753739105,9,4910,88602,2283,102
1753739405,9,4846,88591,2280,104
1753739706,8,5254,88531,2278,104
1753740006,9,4749,88560,2276,101
1753740307,10,4799,88547,2273,104
1753740607,9,4838,88513,2272,103
1753740907,9,4768,88524,2269,102
1753741208,8,4907,88494,2267,104
1753741508,9,4832,88477,2265,102
1753741809,9,4878,88383,2263,104
1753742109,9,4866,88435,2261,102
1753742409,9,4955,88409,2259,104
1753742710,9,4864,88394,2258,101
1753743010,9,4815,88368,2256,102
1753743311,8,4816,88333,2255,102
1753743611,9,4850,88305,2253,102
1753743911,9,4802,88310,2252,102
1753744212,8,4786,88313,2251,104
1753744512,8,4851,88295,2249,104
1753744813,9,4817,88252,2248,99
1753745113,9,4862,88285,2246,104
1753745413,8,4843,88297,2245,102
1753745714,8,4873,88309,2243,104
1753746014,8,4803,88312,2242,104
1753746315,8,4823,88290,2240,104
1753746615,8,4934,88285,2239,104
1753746915,9,4802,88274,2237,104
1753747216,9,4827,88259,2236,99
1753747516,8,4816,88217,2235,104
1753747817,9,4814,88224,2235,104
1753748117,8,4864,88193,2233,104
1753748418,9,4835,88184,2230,102
1753748718,10,4850,88202,2228,102
1753749018,8,4859,88196,2225,99
1753749319,9,4826,88180,2223,102
1753749619,9,4848,88158,2221,102
1753749920,9,4825,88157,2219,104
1753750220,9,4919,88149,2217,101
1753750520,9,4900,88131,2216,104
1753750821,8,4861,88122,2214,102
1753751121,8,4858,88114,2213,104
1753751422,8,4879,88081,2212,102
1753751722,9,4853,88085,2210,104
1753752022,9,5026,88059,2209,102
1753752323,8,4883,88078,2208,101
1753752623,9,4863,88049,2207,99
1753752924,8,4831,88031,2206,101
1753753224,8,4867,88002,2205,101
1753753524,9,4873,88038,2204,102
1753753825,8,4851,88012,2202,102
1753754125,9,4884,88038,2202,102
1753754426,8,4869,88006,2201,104
1753754726,9,4884,88020,2200,102
1753755026,9,4875,88013,2199,102
1753755327,8,4910,88002,2198,102
1753755627,9,4901,87976,2197,102
1753755928,8,4912,87984,2196,102
1753756228,7,4953,87991,2196,102
1753756528,9,4906,87944,2195,99
1753756829,9,5031,87946,2195,102
1753757129,9,4929,87970,2194,102
1753757430,9,4916,87944,2193,102
1753757730,8,4940,87939,2192,102
1753758030,8,5051,87944,2191,99
1753758331,9,5020,87935,2191,101
1753758631,9,4985,87928,2190,102
1753758932,8,5011,87925,2189,102
1753759232,8,4990,87911,2189,99
1753759532,8,5085,87912,2187,102
1753759833,9,5023,87879,2186,99
1753760133,8,4942,87882,2185,102
1753760434,8,5049,87890,2184,102
1753760734,8,5064,87842,2183,101
1753761034,8,4964,87864,2182,102
1753761335,9,4984,87846,2181,102
1753761635,8,5046,87876,2180,101
1753761936,8,4997,87847,2180,102
1753762236,8,4980,87838,2179,102
1753762536,9,5073,87835,2178,102
1753762837,8,5013,87842,2177,102
1753763137,8,5013,87807,2176,102
1753763438,8,5031,87802,2176,99
1753763738,8,5047,87778,2175,99
1753764038,8,5052,87773,2174,102
1753764339,8,5034,87745,2173,102
1753764639,8,5037,87769,2173,102
1753764940,8,5043,87736,2172,101
1753765240,9,5036,87723,2172,102
1753765540,9,5048,87737,2171,102
1753765841,9,5076,87721,2171,102
1753766141,9,5123,87717,2171,102
1753766442,10,5070,87739,2171,102
1753766742,11,5065,87734,2172,102
1753767043,13,5109,87715,2172,99
1753767343,15,5067,87714,2172,101
1753767643,20,5070,87710,2172,99
1753767944,23,5071,87708,2172,102
1753768244,25,5096,87710,2171,102
1753768545,33,5050,87703,2171,99
1753768845,43,5082,87710,2171,102
1753769145,47,5104,87697,2171,102
1753769446,46,5110,87721,2172,102
1753769746,52,5126,87709,2172,101
1753770047,64,5220,87718,2173,102
1753770347,71,5104,87751,2174,102
1753770647,80,5147,87738,2175,101
1753770948,87,5149,87757,2176,102
1753771248,89,5161,87728,2177,102
1753771549,99,5176,87738,2178,101
1753771849,111,5159,87747,2180,101
1753772149,112,5149,87727,2181,102
1753772450,114,5159,87745,2183,102
1753772750,117,5151,87746,2185,102
1753773051,123,5192,87749,2187,99
1753773351,153,5183,87744,2188,102
1753773651,160,5203,87740,2190,101
1753773952,172,5206,87746,2192,102
1753774252,146,5199,87740,2194,102
1753774553,175,5221,87746,2197,101
1753774853,224,5229,87764,2199,99
1753775153,245,5224,87742,2203,101
1753775454,258,5281,87748,2207,99
1753775754,270,5209,87765,2211,102
1753776055,289,5247,87793,2216,102
1753776355,305,5227,87758,2220,101
1753776655,339,5343,87767,2226,99
1753776956,338,5305,87776,2234,101
1753777256,349,5275,87782,2243,101
1753777557,373,5301,87795,2252,101
1753777857,392,5321,87804,2260,99
1753778157,372,5320,87813,2267,102
1753778458,412,5325,87804,2273,101
1753778758,376,5331,87778,2279,99
1753779059,348,5377,87778,2285,101
1753779359,341,5319,87750,2290,101
1753779659,350,5325,87727,2295,101
1753779960,357,5369,87708,2301,99
1753780260,318,5392,87700,2306,99
1753780561,333,5414,87686,2312,102
1753780861,372,5387,87670,2318,101
1753781161,390,5361,87675,2324,101
1753781462,359,5372,87653,2330,99
1753781762,357,5412,87635,2336,101
1753782063,419,5427,87644,2341,101
1753782363,463,5426,87649,2349,99
1753782663,544,5510,87633,2358,101
1753782964,513,5482,87629,2369,101
1753783264,482,5465,87627,2379,101
1753783565,424,5454,87610,2389,101
1753783865,459,5464,87590,2398,101
1753784166,497,5514,87598,2407,101
1753784466,554,5498,87562,2420,100
1753784766,570,5469,87571,2434,101
1753785067,524,5513,87567,2450,99
1753785367,593,5511,87552,2466,100
1753785668,576,5532,87545,2480,101
1753785968,636,5536,87559,2492,99
1753786268,638,5554,87548,2504,100
1753786569,632,5513,87531,2519,101
1753786869,635,5521,87521,2534,100
1753787170,669,5591,87511,2547,99
1753787470,699,5587,87497,2564,99
1753787770,678,5560,87481,2581,99
1753788071,654,5635,87480,2596,100
1753788371,704,5659,87471,2605,99
1753788672,764,5612,87448,2621,99
1753788972,756,5657,87463,2639,101
1753789272,711,5661,87436,2661,99
1753789573,693,5666,87440,2685,100
1753789873,661,5690,87412,2713,99
1753790174,653,5693,87412,2744,101
1753790474,608,5684,87419,2768,101
1753790774,474,5671,87396,2787,100
1753791075,406,5709,87381,2793,100
1753791375,517,5703,87391,2793,99
1753791676,571,5685,87388,2800,99
1753791976,575,5747,87359,2805,101
1753792276,481,5759,87357,2806,100
1753792577,619,5776,87339,2805,99
1753792877,516,5768,87337,2806,99
1753793178,442,5753,87340,2807,100
1753793478,415,5794,87348,2805,99
1753793778,294,5795,87327,2801,99
1753794079,474,5827,87309,2799,99
1753794379,615,5860,87333,2809,100
1753794680,554,5889,87299,2819,101
1753794980,505,5850,87302,2819,100
1753795280,442,5911,87288,2812,99
1753795581,311,5912,87283,2802,100
1753795881,142,5932,87288,2791,100
1753796182,112,5929,87278,2778,99
1753796482,154,6009,87272,2767,100
1753796782,206,5977,87284,2762,99
1753797083,413,6019,87263,2775,99
1753797383,502,5995,87244,2793,100
1753797684,411,6053,87241,2810,99
1753797984,421,6038,87230,2819,99
1753798285,377,6055,87213,2822,99
1753798585,456,6075,87201,2822,99
1753798885,586,6097,87187,2826,100
1753799186,530,6114,87182,2833,99
1753799486,529,6075,87182,2838,99
1753799787,381,6072,87157,2837,99
1753800087,369,6153,87186,2833,99
1753800387,346,6103,87161,2827,97
1753800688,280,6139,87150,2821,100
1753800988,413,6106,87156,2817,99
1753801289,435,6104,87145,2816,100
1753801589,338,6214,87136,2816,100
1753801889,421,6187,87139,2815,99
1753802190,316,6160,87136,2811,99
1753802490,146,6145,87113,2805,97
1753802791,276,6163,87113,2799,99
1753803091,244,6285,87113,2793,99
1753803391,276,6205,87105,2786,99
1753803692,324,6145,87079,2778,99
1753803992,385,6314,87103,2771,99
1753804293,224,6337,87081,2765,97
1753804593,212,6274,87086,2759,99
1753804893,290,6299,87068,2754,99
1753805194,313,6273,87054,2751,99
1753805494,280,6316,87048,2748,97
1753805795,152,6301,87057,2745,99
1753806095,81,6328,87046,2740,100
1753806395,87,6281,87033,2735,99
1753806696,77,6353,87023,2729,99
1753806996,69,6346,87039,2723,99
1753807297,28,6554,87132,2705,97
1753807597,11,7203,87213,2682,99
1753807897,12,7364,87215,2667,99
1753808198,21,7313,87215,2664,97
1753808498,24,7306,87255,2657,99
1753808799,18,7519,87256,2648,97
1753809099,16,7764,87270,2643,99
1753809399,19,7741,87338,2638,99
1753809700,10,8422,87507,2630,97
1753810000,11,8914,88070,2614,100
1753810301,11,8524,92248,2599,99
1753810601,11,13947,95602,2569,100
1753810901,10,15441,96809,2515,100
1753811202,9,15955,97028,2472,99
1753811502,8,17296,96740,2443,100
1753811803,10,17325,96196,2423,100
1753812103,10,20149,95501,2417,100
1753812404,9,24776,94760,2413,100
1753812704,10,25157,94100,2412,99
1753813004,10,25187,93472,2413,99
1753813305,10,25312,92987,2414,100
1753813605,10,25310,92576,2416,100
1753813906,10,25179,92306,2418,100
1753814206,10,25069,92103,2421,100
1753814506,9,25021,92009,2422,100
1753814807,10,24900,91921,2424,100
1753815107,10,24846,91921,2426,100
1753815408,10,24645,91879,2427,100
1753815708,10,24684,91874,2429,99
1753816008,10,24758,91776,2430,99
1753816309,10,24794,91749,2430,100
1753816609,10,24731,91688,2431,100
1753816910,10,24730,91571,2431,99
1753817210,10,24756,91447,2431,100
1753817510,10,24797,91346,2432,100
1753817811,10,24838,91207,2431,99
1753818111,11,24894,91055,2432,100
1753818412,10,24900,90940,2432,100
1753818712,10,24925,90844,2432,100
1753819012,11,24965,90757,2432,99
1753819313,10,24988,90664,2432,100
1753819613,9,25031,90571,2431,100
1753819914,9,25078,90477,2432,100
1753820214,9,25125,90401,2431,99
1753820514,10,25177,90353,2430,100
1753820815,10,25240,90274,2430,99
1753821115,10,25312,90209,2429,100
1753821416,9,25365,90137,2429,100
1753821716,10,25418,90071,2427,100
1753822016,11,25483,90029,2427,100
1753822317,11,25561,89990,2426,100
1753822617,9,25602,89923,2425,100
1753822918,10,25667,89860,2424,100
1753823218,9,25741,89831,2423,100
1753823518,10,25814,89792,2423,99
1753823819,10,25883,89740,2422,100
1753824119,9,25945,89692,2420,99
1753824420,10,26028,89635,2420,100
1753824720,10,26096,89594,2418,99
1753825020,10,26168,89555,2417,100
1753825321,9,26246,89516,2415,100
1753825621,10,26315,89499,2413,99
1753825922,9,26383,89459,2412,100
1753826222,9,26561,89405,2410,100
1753826522,10,26665,89392,2405,99
1753826823,10,26769,89331,2398,97
1753827123,9,26848,89332,2390,97
1753827424,10,26971,89288,2384,99
1753827724,9,27041,89269,2378,97
1753828025,9,27133,89254,2370,99
1753828325,9,27207,89248,2356,100
1753828625,9,27189,89227,2339,99
1753828926,9,11627,89163,2326,99
1753829226,9,11522,89162,2320,100
1753829527,9,12261,89144,2315,100
1753829827,9,8342,89103,2312,100
1753830127,10,7550,89067,2310,100
1753830428,10,7318,88979,2308,97
1753830728,8,6900,89016,2306,100
1753831029,9,6728,88962,2304,100
1753831329,9,6354,88956,2301,99
1753831629,9,6234,88983,2300,97
1753831930,9,6295,88894,2298,100
1753832230,9,6316,88856,2296,100
1753832531,10,6156,88857,2294,100
1753832831,9,5988,88816,2293,100
1753833131,9,6073,88829,2292,100
1753833432,9,5949,88773,2290,98
1753833732,9,5936,88758,2289,97
1753834033,9,5894,88739,2287,100
1753834333,9,5946,88711,2286,98
1753834633,9,5909,88739,2284,100
1753834934,10,5848,88676,2283,97
1753835234,9,5890,88682,2281,98
1753835535,9,5828,88622,2280,100
1753835835,9,5846,88668,2279,97
1753836135,9,5785,88607,2277,98
1753836436,9,5836,88577,2275,100
1753836736,9,5831,88587,2274,100
1753837037,10,5847,88565,2273,97
1753837337,9,5880,88560,2271,97
1753837637,10,5822,88495,2269,100
1753837938,10,5850,88546,2268,100
1753838238,8,5829,88500,2267,97
1753838539,10,5896,88480,2266,97
1753838839,9,5896,88498,2265,98
1753839139,9,5883,88430,2263,97
1753839440,9,5907,88426,2262,100
1753839740,9,5849,88419,2261,97
1753840041,10,5860,88397,2260,97
1753840341,8,5892,88363,2258,97
1753840641,9,5884,88383,2256,97
1753840942,9,5965,88389,2255,95
1753841242,9,6008,88384,2253,97
1753841543,8,6105,88381,2252,100
1753841843,9,6222,88328,2250,100
1753842143,9,5969,88354,2248,98
1753842444,9,5996,88316,2247,97
1753842744,9,5958,88268,2247,100
1753843045,9,5996,88283,2245,97
1753843345,10,5923,88293,2244,97
1753843645,8,5990,88308,2243,95
1753843946,8,5943,88266,2243,100
1753844246,9,6009,88238,2242,95
1753844547,9,6001,88257,2241,99
1753844847,9,6236,88256,2240,97
1753845147,9,6006,88278,2239,97
1753845448,8,5989,88236,2238,98
1753845748,10,5961,88251,2237,98
1753846049,10,6006,88247,2236,100
1753846349,10,5985,88231,2235,100
1753846650,9,5961,88230,2233,100
1753846950,9,5979,88214,2233,97
1753847250,10,5981,88211,2232,100
1753847551,9,6001,88216,2231,98
1753847851,10,6033,88208,2230,98
1753848152,9,6013,88218,2229,98
1753848452,9,6060,88202,2228,98
1753848752,9,6093,88181,2227,98
1753849053,9,6097,88207,2226,97
1753849353,10,6100,88143,2225,98
1753849654,8,6090,88135,2224,98
1753849954,9,6515,88101,2223,98
1753850254,9,6087,88140,2222,98
1753850555,9,6128,88143,2221,98
1753850855,8,6118,88128,2220,98
1753851156,8,6136,88138,2218,98
1753851456,9,6142,88127,2217,98
1753851756,8,6102,88103,2216,98
1753852057,9,6193,88104,2215,98
1753852357,9,6150,88091,2213,97
1753852658,9,6141,88114,2212,98
1753852958,9,6154,88126,2211,98
1753853258,10,6224,88107,2210,98
1753853559,11,6194,88117,2209,98
1753853859,12,6181,88116,2208,98
1753854160,15,6201,88127,2207,98
1753854460,16,6200,88064,2206,98
1753854760,20,6179,88076,2206,98
1753855061,24,6382,88087,2205,97
1753855361,29,5640,88081,2205,98
1753855662,32,5639,88091,2205,98
1753855962,37,5650,88096,2205,98
1753856262,41,6229,88129,2205,98
1753856563,48,5837,88100,2205,98
1753856863,54,5462,88124,2206,98
1753857164,59,5511,88093,2206,98
1753857464,71,5523,88081,2207,98
1753857764,84,5493,88075,2207,98
1753858065,82,5518,88070,2208,98
1753858365,86,5519,88138,2210,98
1753858666,83,5557,88086,2212,98
1753858966,72,5539,88068,2215,98
1753859266,86,5566,88101,2218,98
1753859567,98,5564,88089,2221,98
1753859867,91,5569,88076,2225,98
1753860168,114,5586,88090,2232,98
1753860468,121,5565,88082,2240,98
1753860768,115,5587,88062,2247,95
1753861069,112,5644,88094,2253,98
1753861369,121,5626,88109,2258,98
1753861670,131,5629,88076,2263,98
1753861970,133,5637,88062,2268,98
1753862270,148,5603,88083,2272,95
1753862571,169,5647,88091,2275,98
1753862871,158,5626,88071,2278,98
1753863172,140,5645,88099,2282,98
1753863472,158,5652,88077,2285,98
1753863773,178,5682,88043,2291,98
1753864073,197,5730,88031,2297,98
1753864373,199,5774,88001,2306,95
1753864674,210,5765,88005,2319,98
1753864974,201,5764,88006,2330,98
1753865275,217,5767,88029,2339,95
1753865575,227,5761,88001,2347,95
1753865875,237,5791,87991,2352,95
1753866176,250,5817,87964,2358,95
1753866476,253,5900,87923,2364,95
1753866777,320,5872,87907,2376,95
1753867077,320,5876,87887,2392,95
1753867377,377,5877,87880,2407,95
1753867678,389,5850,87894,2424,98
1753867978,338,5886,87883,2438,95
1753868279,279,5950,87873,2450,95
1753868579,293,5836,87882,2461,95
1753868879,304,5879,87862,2472,95
1753869180,331,6319,87859,2483,96
1753869480,380,5015,87861,2495,95
1753869781,392,5700,87840,2508,95
1753870081,473,4704,87822,2524,96
1753870381,438,4675,87837,2539,96
1753870682,432,4689,87795,2549,98
1753870982,382,4682,87786,2559,98
1753871283,367,4713,87755,2570,97
1753871583,286,4761,87738,2580,95
1753871883,234,4764,87719,2589,95
1753872184,210,4794,87709,2596,95
1753872484,216,4810,87718,2606,95
1753872785,209,4784,87692,2616,95
1753873085,254,4689,87666,2635,96
1753873385,259,4689,87658,2654,96
1753873686,260,4541,87662,2667,96
1753873986,245,4561,87635,2670,96
1753874287,249,4560,87636,2672,96
1753874587,260,4582,87633,2671,96
1753874887,141,4598,87641,2669,97
1753875188,179,4613,87614,2667,95
1753875488,272,4623,87607,2664,97
1753875789,275,4682,87597,2659,97
1753876089,246,4697,87597,2654,97
1753876389,236,4702,87594,2651,95
1753876690,241,4711,87585,2663,95
1753876990,320,4745,87573,2670,95
1753877291,271,4744,87563,2673,95
1753877591,305,5199,87548,2683,95
1753877892,506,4614,87543,2687,95
1753878192,335,4597,87534,2699,95
1753878492,318,4597,87518,2701,95
1753878793,322,4611,87517,2702,95
1753879093,416,4617,87510,2704,96
1753879394,489,4642,87478,2715,95
1753879694,510,4636,87480,2733,95
1753879994,490,4633,87468,2741,95
1753880295,607,4647,87462,2741,95
1753880595,577,4638,87464,2753,95
1753880896,442,4661,87448,2765,95
1753881196,425,4660,87449,2761,95
1753881496,530,4683,87527,2755,95
1753881797,529,4702,87646,2750,95
1753882097,458,4731,87714,2745,96
1753882398,380,4744,87731,2746,95
1753882698,318,4746,87718,2746,95
1753882998,319,4775,87740,2748,96
1753883299,326,4994,87724,2752,95
1753883599,301,4802,87724,2760,95
1753883900,254,4872,87685,2762,95
1753884200,251,4633,87650,2756,95
1753884500,292,4665,87568,2747,96
1753884801,378,4627,87533,2735,95
1753885101,500,4624,87481,2723,95
1753885402,565,4643,87429,2719,95
1753885702,605,4583,87406,2717,95
1753886002,549,4657,87369,2717,95
1753886303,500,4582,87358,2719,95
1753886603,391,4605,87352,2721,95
1753886904,439,4697,87392,2719,95
1753887204,321,4597,87420,2714,95
1753887504,347,4463,87464,2707,96
1753887805,420,4511,87504,2705,96
1753888105,295,4578,87569,2715,96
1753888406,269,4505,87614,2731,95
1753888706,269,4509,87649,2743,95
1753889006,249,4537,87681,2758,95
1753889307,226,4567,87720,2767,96
1753889607,237,4567,87781,2769,95
1753889908,180,4612,87827,2766,96
1753890208,122,4677,87855,2756,96
1753890508,51,4897,87909,2745,96
1753890809,16,5358,88043,2734,95
1753891109,11,5899,91665,2724,96
1753891410,12,7378,94010,2674,96
1753891710,11,10153,94825,2604,96
1753892011,10,10458,94973,2540,96
1753892311,10,12014,94757,2496,96
1753892611,11,11633,94398,2469,95
1753892912,10,11575,93886,2452,96
1753893212,10,11961,93412,2443,96
1753893513,11,11028,92959,2437,95
1753893813,10,10805,92475,2434,95
1753894113,10,10520,92079,2433,95
1753894414,10,10517,91725,2434,95
1753894714,9,10349,91442,2436,95
1753895015,9,10834,91188,2441,95
1753895315,11,13571,90958,2445,95
1753895615,11,19185,90763,2448,95
1753895916,10,22237,90573,2449,95
1753896216,10,23037,90450,2449,95
1753896517,10,18679,90345,2450,95
1753896817,10,8586,90230,2450,95
1753897117,11,9733,90104,2447,95
1753897418,9,9180,90020,2445,95
1753897718,10,7952,89904,2444,95
1753898019,10,7452,89825,2443,96
1753898319,11,7392,89704,2442,95
1753898619,10,7249,89649,2441,95
1753898920,10,7313,89554,2440,96
1753899220,10,7080,89454,2440,95
1753899521,10,6902,89412,2439,96
1753899821,10,7021,89343,2438,95
1753900121,10,7000,89285,2438,96
1753900422,11,6906,89232,2438,95
1753900722,10,6383,89193,2437,96
1753901023,10,6894,89151,2436,95
1753901323,10,6712,89133,2435,95
1753901623,10,6475,89099,2434,95
1753901924,11,6386,89080,2432,95
1753902224,12,6602,89046,2431,95
1753902525,11,6658,89027,2429,95
1753902825,10,7575,88973,2427,95
1753903125,10,6452,88948,2425,95
1753903426,10,6050,88916,2423,95
1753903726,9,5917,88923,2420,95
1753904027,10,5827,88887,2418,95
1753904327,9,5778,88871,2415,95
1753904627,11,5767,88855,2412,95
1753904928,10,5790,88849,2410,95
1753905228,9,5955,91682,2407,95
1753905529,10,8953,94066,2401,95
1753905829,10,15606,94866,2376,95
1753906129,9,20472,95462,2341,95
1753906430,9,26602,95868,2327,96
1753906730,9,27104,96060,2321,95
1753907031,10,27117,96120,2319,95
1753907331,9,27281,96007,2318,95
1753907632,9,26919,95776,2318,95
1753907932,10,26447,95507,2319,96
1753908232,9,26052,95165,2320,95
1753908533,10,25910,94753,2321,96
1753908833,9,25849,94471,2322,96
1753909134,9,25807,94434,2323,96
1753909434,9,25785,94541,2324,95
1753909734,10,25837,94593,2324,94
1753910035,9,26145,94495,2325,95
1753910335,10,26220,94316,2326,95
1753910636,9,26242,94073,2327,96
1753910936,10,26314,93847,2329,96
1753911236,9,26256,93602,2330,94
1753911537,9,26276,93408,2331,94
1753911837,9,26314,93197,2331,94
1753912138,10,26358,93001,2332,94
1753912438,9,26212,92837,2332,96
1753912738,10,26336,92656,2333,94
1753913039,9,26385,92496,2333,96
1753913339,10,26458,92336,2334,96
1753913640,8,26503,92176,2334,96
1753913940,10,26583,92039,2334,96
1753914240,10,26595,91909,2335,96
1753914541,9,26687,91775,2335,96
1753914841,9,26826,91625,2335,96
1753915142,9,26896,91498,2336,95
1753915442,10,26958,91436,2336,96
1753915742,10,27032,91344,2337,95
1753916043,10,27047,91248,2337,94
1753916343,10,27054,91131,2338,95
1753916644,9,27139,91071,2339,94
1753916944,10,27188,90978,2339,94
1753917244,9,27211,90887,2339,94
1753917545,10,27346,90817,2340,94
1753917845,10,27385,90748,2340,96
1753918146,9,27460,90700,2340,95
1753918446,9,27518,90624,2340,94
1753918746,10,27620,90562,2340,96
1753919047,9,27408,90486,2340,95
1753919347,10,27404,90449,2341,94
1753919648,9,27436,90399,2341,94
1753919948,10,27482,90366,2341,94
1753920248,9,27679,90288,2342,95
1753920549,9,27760,90268,2342,95
1753920849,9,27849,90201,2342,94
1753921150,9,26786,90159,2343,94
1753921450,10,26921,90117,2344,94
1753921750,10,27058,90055,2344,94
1753922051,9,27201,90007,2344,94
1753922351,9,27363,89976,2344,94
1753922652,10,27531,89933,2344,93
1753922952,11,27684,89919,2344,93
1753923252,9,27836,89822,2343,93
1753923553,10,27990,89791,2344,93
1753923853,9,28143,89759,2344,93
1753924154,10,28312,89724,2344,93
1753924454,10,28465,89696,2343,93
1753924755,9,28630,89675,2344,93
1753925055,10,28780,89612,2344,93
1753925355,11,28991,89572,2344,93
1753925656,10,29106,89566,2344,92
1753925956,10,29276,89518,2344,92
1753926257,9,29457,89502,2344,92
1753926557,10,29721,89454,2343,92
1753926857,9,29903,89416,2343,92
1753927158,9,30067,89400,2343,92
1753927458,11,30210,89370,2343,92
1753927759,10,30390,89330,2343,92
1753928059,10,30607,89305,2343,92
1753928359,9,30682,89277,2343,92
1753928660,9,30900,89260,2343,92
1753928960,10,31141,89215,2343,92
1753929261,10,31320,89185,2343,92
1753929561,10,31485,89158,2343,92
1753929861,9,31660,89139,2343,92
1753930162,10,31865,89116,2343,92
1753930462,10,32007,89092,2342,92
1753930763,9,32159,89094,2342,92
1753931063,9,32293,89081,2342,92
1753931363,9,32422,89031,2342,92
1753931664,10,32583,88999,2342,92
1753931964,10,32728,88967,2341,92
1753932265,10,32885,88986,2341,92
1753932565,9,33106,88927,2341,92
1753932865,9,33177,88929,2341,92
1753933166,9,33315,88890,2341,92
1753933466,9,33410,88864,2341,92
1753933767,10,33231,88861,2340,92
1753934067,9,33015,88850,2341,92
1753934367,10,32975,88851,2341,92
1753934668,10,33183,88818,2341,92
1753934968,10,32882,88795,2341,92
1753935269,10,32874,88793,2341,92
1753935569,10,32918,88759,2341,92
1753935869,10,32994,88739,2341,92
1753936170,10,33070,88727,2341,92
1753936470,10,33136,88723,2341,92
1753936771,9,33256,88721,2340,92
1753937071,10,33345,88698,2340,92
1753937371,9,33421,88679,2340,92
1753937672,9,33523,88677,2340,92
1753937972,9,33630,88672,2339,92
1753938273,10,33718,88663,2339,92
1753938573,10,33769,88663,2339,92
1753938873,10,33936,88648,2339,92
1753939174,9,33819,88645,2338,92
1753939474,9,33826,88625,2338,92
1753939775,10,33902,88645,2338,92
1753940075,10,33941,88616,2338,92
1753940375,10,33969,88601,2337,92
1753940676,9,33973,88575,2337,92
1753940976,10,33963,88573,2337,92
1753941277,10,34061,88552,2336,92
1753941577,9,34081,88567,2336,92
1753941878,10,34080,88534,2335,92
1753942178,9,34150,88554,2335,92
1753942478,10,34146,88540,2334,92
1753942779,9,34148,88534,2334,92
1753943079,10,34206,88510,2333,92
1753943380,10,34239,88515,2333,92
1753943680,10,34283,88512,2332,92
1753943980,9,34351,88514,2332,92
1753944281,9,34397,88513,2331,92
1753944581,9,34415,88509,2330,92
1753944882,10,34419,88502,2330,92
1753945182,9,34429,88504,2329,92
1753945482,9,34576,88492,2328,92
1753945783,9,34444,88488,2327,92
1753946083,9,34447,88498,2326,92
1753946384,10,34456,88508,2325,92
1753946684,9,34469,88477,2325,92
1753946984,11,34546,88474,2324,92
1753947285,11,34585,88474,2323,92
1753947585,10,34588,88484,2322,92
1753947886,10,34595,88496,2321,92
1753948186,10,34630,88477,2320,92
1753948486,10,34639,88496,2318,92
1753948787,9,34641,88496,2318,92
1753949087,8,35037,88516,2316,92
1753949388,9,34919,88504,2315,92
1753949688,10,34906,88497,2314,92
1753949988,10,34906,88458,2313,92
1753950289,9,34913,88448,2312,92
1753950589,10,34892,88447,2311,92
1753950890,9,34914,88490,2310,92
1753951190,10,35046,88514,2309,92
1753951490,9,34968,88479,2309,92
1753951791,10,32797,88512,2308,92
1753952091,9,33329,88437,2307,92
1753952392,9,33533,88475,2306,92
