If found, please contact tlang@live.unc.edu
Firmware updated: 2025/07/24
OpenOBS SN:469

time,ambient_light,backscatter,pressure,water_temp,battery
1760701264,132,14228,86850,2114,150
1760701286,134,14187,86848,2118,147
1760702186,241,4656,87811,2199,117
1760703087,234,4639,87756,2224,116
1760703987,538,4626,87812,2260,116
1760704888,479,4619,87746,2295,116
1760705788,379,4616,87719,2327,116
1760706688,1384,4607,87716,2359,116
1760707589,533,4612,87649,2393,116
1760708489,1013,4612,87645,2421,116
1760709390,795,4612,87668,2444,116
1760710290,527,4611,87594,2467,116
1760711190,1168,4605,87626,2487,116
1760712091,138,4599,87628,2491,115
1760712991,71,4611,87562,2470,115
1760713892,58,4621,87587,2439,115
1760714792,87,4620,87622,2409,115
1760715692,2790,4631,87624,2381,115
1760716593,2653,4641,87594,2367,115
1760717493,1829,4642,87605,2355,115
1760718394,182,4645,87604,2329,115
1760719294,133,4643,87594,2301,115
1760720194,98,4650,87612,2269,115
1760721095,49,4646,87600,2241,115
1760721995,27,4646,87591,2219,114
1760722896,19,4656,87657,2199,114
1760723796,18,4665,87644,2180,114
1760724696,19,4656,87580,2155,114
1760725597,19,4669,87606,2131,114
1760726497,18,4674,87734,2107,114
1760727398,18,4684,87785,2086,114
1760728298,18,4686,87727,2067,114
1760729198,18,4690,87732,2053,114
1760730099,17,4694,87780,2038,114
1760730999,18,4696,87807,2023,113
1760731900,17,4706,87810,2009,114
1760732800,18,4711,87811,1995,114
1760733700,18,4709,87844,1979,114
1760734601,18,4706,87819,1963,114
1760735501,17,4714,87819,1948,114
1760736402,16,4729,87836,1936,114
1760737302,17,4733,87859,1924,113
1760738202,17,4734,87814,1913,113
1760739103,17,4727,87887,1904,113
1760740003,17,4730,87907,1894,113
1760740904,18,4735,87873,1885,113
1760741804,17,4751,87902,1876,113
1760742704,18,4746,87847,1867,113
1760743605,17,4757,87899,1858,113
1760744505,16,4757,87860,1850,113
1760745406,17,4763,87872,1843,112
1760746306,15,4760,87849,1837,113
1760747206,17,4768,87870,1831,113
1760748107,16,4775,87866,1824,113
1760749007,17,4784,87846,1818,113
1760749908,17,4785,87800,1810,113
1760750808,16,4785,87839,1803,113
1760751708,16,4793,87864,1797,113
1760752609,17,4801,87859,1792,112
1760753509,16,4790,87883,1786,112
1760754410,17,4804,87879,1780,112
1760755310,17,4801,87779,1773,112
1760756210,16,4806,87849,1768,112
1760757111,16,4801,87819,1762,112
1760758011,16,4806,87840,1756,112
1760758912,17,4802,87850,1750,112
1760759812,16,4811,87832,1744,112
1760760712,16,4814,87869,1737,112
1760761613,15,4818,87863,1730,112
1760762513,17,4828,87866,1723,112
1760763414,16,4818,87888,1719,112
1760764314,16,4829,87938,1712,112
1760765214,16,4842,87928,1707,112
1760766115,16,4823,87973,1702,112
1760767015,17,4839,87998,1697,112
1760767916,24,4837,87996,1690,112
1760768816,32,4851,87978,1685,112
1760769716,41,4848,87994,1681,112
1760770617,48,4862,88027,1677,112
1760771517,53,4861,88118,1676,112
1760772418,58,4864,88243,1676,112
1760773318,59,4886,88263,1681,112
1760774218,67,4896,88327,1689,112
1760775119,68,4894,88370,1699,112
1760776019,72,4907,88479,1715,112
1760776920,71,4903,88527,1734,112
1760777820,80,4929,88443,1758,112
1760778720,83,4923,88234,1784,112
1760779621,99,4922,88154,1812,112
1760780521,98,4927,88091,1846,112
1760781422,113,4944,88048,1883,112
1760782322,112,4953,88081,1923,112
1760783222,118,4948,88078,1967,112
1760784123,147,4954,88011,2010,112
1760785023,132,4965,88036,2054,112
1760785924,140,4974,88033,2098,112
1760786824,142,4956,87979,2139,112
1760787724,202,4952,87976,2180,112
1760788625,267,4950,87888,2217,112
1760789525,260,4979,87898,2255,112
1760790426,800,5033,87850,2289,112
1760791326,502,5053,87775,2322,112
1760792226,409,5087,87764,2350,112
1760793127,1143,5100,87753,2380,112
1760794027,364,5070,87706,2409,112
1760794928,828,5072,87677,2430,112
1760795828,773,5080,87628,2448,112
1760796728,519,5114,87627,2460,112
1760797629,1266,5112,87590,2471,112
1760798529,2066,5125,87594,2483,112
1760799430,724,5450,87623,2488,111
1760800330,243,5006,87661,2488,112
1760801230,465,5017,87598,2476,112
1760802131,102,5035,87593,2450,112
1760803031,160,5049,87563,2420,112
1760803932,113,5071,87600,2389,111
1760804832,149,5073,87580,2366,112
1760805732,120,5089,87572,2342,112
1760806633,78,5082,87553,2313,111
1760807533,47,5085,87531,2282,112
1760808434,27,5071,87575,2253,111
1760809334,20,5087,87553,2229,111
1760810234,18,5095,87625,2208,111
1760811135,20,5087,87678,2186,111
1760812035,18,5100,87655,2162,112
1760812936,18,5108,87592,2139,112
1760813836,18,5124,87647,2114,111
1760814736,18,5115,87659,2092,111
1760815637,18,5125,87628,2073,111
1760816537,17,5137,87689,2054,112
1760817437,18,5132,87659,2037,112
1760818338,18,5186,87709,2020,111
1760819238,18,5223,87711,2001,111
1760820139,18,5251,87718,1985,111
1760821039,17,5302,87695,1969,111
1760821939,18,5355,87703,1956,111
1760822840,18,5388,87758,1944,112
1760823740,18,5427,87743,1933,112
1760824641,17,5450,87760,1923,111
1760825541,18,5479,87757,1912,111
1760826441,17,5460,87793,1900,112
1760827342,17,5491,87765,1889,111
1760828242,18,5506,87773,1880,111
1760829143,16,5524,87770,1869,111
1760830043,17,5553,87757,1861,111
1760830943,16,5553,87823,1851,111
1760831844,17,5556,87842,1842,111
1760832744,17,5581,87813,1836,111
1760833645,17,5569,87799,1828,111
1760834545,17,5580,87783,1821,111
1760835445,17,5601,87784,1812,111
1760836346,16,5632,87793,1804,111
1760837246,17,5636,87809,1796,111
1760838147,17,5651,87796,1787,111
1760839047,17,5685,87804,1778,111
1760839947,17,5679,87794,1769,111
1760840848,16,5691,87787,1759,111
1760841748,16,5712,87816,1753,111
1760842649,16,5696,87797,1746,111
1760843549,16,5714,87776,1740,111
1760844449,17,5716,87780,1732,111
1760845350,16,5724,87727,1726,111
1760846250,16,5727,87789,1721,111
1760847151,16,5751,87812,1715,111
1760848051,17,5754,87789,1708,111
1760848951,16,5748,87827,1702,111
1760849852,17,5757,87846,1696,111
1760850752,16,5761,87828,1690,111
1760851653,16,5763,87885,1683,110
1760852553,16,5792,87892,1677,111
1760853453,16,5815,87850,1670,111
1760854354,21,5800,87940,1665,111
1760855254,30,5812,87931,1659,111
1760856155,39,5237,87945,1654,111
1760857055,50,5243,87973,1652,111
1760857955,54,5219,88018,1651,111
1760858856,58,5253,88014,1652,110
1760859756,63,5272,88045,1656,110
1760860657,59,5269,88232,1662,110
1760861557,60,5268,88432,1673,110
1760862457,63,5242,88422,1688,111
1760863358,68,5253,88400,1709,110
1760864258,78,5276,88233,1731,110
1760865159,82,5192,88091,1759,110
1760866059,79,5233,88046,1790,111
1760866959,95,5210,88018,1827,110
1760867860,101,5232,88013,1864,110
1760868760,112,5229,87936,1904,110
1760869661,115,5234,87952,1948,110
1760870561,137,5181,87953,1992,110
1760871461,131,5033,87952,2035,110
1760872362,125,5025,87859,2080,110
1760873262,133,5012,87836,2123,110
1760874163,190,4905,87767,2166,110
1760875063,276,4908,87775,2204,110
1760875963,283,4916,87698,2241,110
1760876864,828,4925,87701,2278,110
1760877764,596,4933,87683,2310,110
1760878665,383,4760,87668,2337,110
1760879565,696,4761,87596,2368,110
1760880465,372,4756,87571,2389,110
1760881366,629,4759,87585,2410,110
1760882266,607,4766,87542,2428,110
1760883167,1175,4787,87545,2440,109
1760884067,1546,4801,87490,2447,110
1760884967,2855,4816,87499,2450,110
1760885868,1726,4813,87465,2450,110
1760886768,403,4840,87466,2449,110
1760887669,2210,4853,87478,2444,110
1760888569,4147,4883,87414,2434,110
1760889469,3494,4893,87437,2418,109
1760890370,1839,4895,87408,2403,109
1760891270,167,4897,87453,2383,110
1760892171,127,4895,87471,2360,109
1760893071,78,4914,87480,2334,109
1760893971,45,4931,87468,2311,109
1760894872,26,4779,87455,2288,109
1760895772,20,4791,87415,2263,109
1760896673,18,4808,87394,2239,109
1760897573,18,4820,87468,2216,109
1760898473,18,4850,87449,2195,109
1760899374,19,4860,87458,2173,109
1760900274,19,4876,87460,2152,109
1760901175,19,4915,87497,2131,109
1760902075,18,4968,87487,2112,109
1760902975,18,5003,87533,2094,109
1760903876,18,5030,87534,2076,109
1760904776,18,5051,87518,2060,109
1760905677,18,5073,87526,2042,109
1760906577,18,5091,87561,2025,109
1760907477,18,5098,87586,2007,109
1760908378,18,5105,87574,1992,109
1760909278,18,5104,87620,1977,109
1760910179,18,5118,87598,1960,108
1760911079,18,5115,87638,1946,109
1760911979,17,5129,87619,1932,108
1760912880,17,5132,87658,1917,108
1760913780,17,5153,87687,1903,109
1760914681,19,5153,87660,1889,109
1760915581,17,5170,87662,1877,109
1760916481,17,5167,87690,1866,108
1760917382,17,5189,87650,1853,108
1760918282,17,5200,87668,1842,109
1760919183,16,5192,87686,1832,108
1760920083,17,5198,87690,1822,108
1760920983,16,5207,87698,1811,108
1760921884,16,5212,87699,1802,108
1760922784,17,5221,87684,1792,108
1760923685,17,5226,87711,1782,108
1760924585,16,5222,87717,1777,108
1760925485,16,5246,87652,1769,108
1760926386,16,5258,87645,1758,108
1760927286,16,5269,87658,1749,108
1760928186,17,5265,87685,1740,108
1760929087,16,5282,87654,1731,108
1760929987,16,5294,87666,1723,108
1760930888,17,5288,87662,1715,108
1760931788,17,5298,87662,1708,108
1760932688,17,5297,87671,1701,108
1760933589,16,5302,87673,1693,108
1760934489,16,5314,87675,1686,108
1760935390,16,5307,87707,1677,108
1760936290,15,5316,87682,1669,108
1760937190,16,5327,87743,1663,108
1760938091,17,5348,87749,1657,108
1760938991,16,5341,87729,1649,108
1760939892,18,5361,87768,1642,108
1760940792,22,5352,87781,1635,108
1760941692,32,5366,87846,1629,108
1760942593,40,5371,87875,1622,108
1760943493,48,5380,87943,1618,108
1760944394,52,5400,87999,1616,108
1760945294,60,5405,88062,1616,108
1760946194,57,5405,88163,1619,108
1760947095,60,5430,88221,1625,108
1760947995,70,5448,88328,1636,108
1760948896,70,5454,88386,1649,108
1760949796,76,5476,88330,1668,108
1760950696,91,5509,88193,1691,108
1760951597,95,5489,88042,1715,108
1760952497,95,5535,87980,1745,108
1760953398,110,5563,87963,1779,108
1760954298,121,5495,87965,1817,108
1760955198,114,5462,87976,1858,108
1760956099,122,5469,87945,1902,108
1760956999,132,5484,87926,1942,108
1760957900,120,5499,87905,1984,108
1760958800,134,5509,87859,2028,107
1760959700,131,5514,87820,2073,107
1760960601,185,5194,87828,2116,107
1760961501,303,5165,87770,2155,107
1760962402,468,5153,87726,2193,107
1760963302,1108,5091,87673,2229,107
1760964202,384,5089,87654,2262,107
1760965103,275,5093,87627,2290,107
1760966003,708,5114,87593,2317,107
1760966904,441,5326,87571,2342,107
1760967804,363,5054,87533,2363,107
1760968704,1537,4843,87512,2382,107
1760969605,1504,4851,87492,2397,107
1760970505,2516,4866,87485,2405,107
1760971406,2805,4871,87466,2409,107
1760972306,1629,4884,87495,2412,107
1760973206,488,4891,87527,2413,106
1760974107,3835,4900,87561,2411,107
1760975007,4908,4882,87593,2403,107
1760975908,5832,4733,87584,2385,107
1760976808,1598,4748,87588,2366,107
1760977708,163,4746,87568,2343,106
1760978609,119,4759,87546,2321,107
1760979509,78,4775,87497,2297,107
1760980410,45,4777,87483,2271,106
1760981310,27,4787,87446,2248,106
1760982210,20,4803,87424,2223,106
1760983111,18,4805,87371,2195,106
1760984011,19,4816,87360,2167,106
1760984912,18,4829,87363,2138,106
1760985812,19,4830,87384,2112,106
1760986712,20,5223,87425,2087,106
1760987613,18,4744,87485,2065,106
1760988513,20,4726,87469,2045,106
1760989414,19,4747,87473,2025,106
1760990314,18,4753,87499,2008,106
1760991214,19,4759,87568,1991,106
1760992115,19,4765,87605,1974,106
1760993015,19,4766,87752,1956,106
1760993916,19,4784,87817,1936,106
1760994816,17,4787,87809,1917,106
1760995716,18,4779,87746,1899,106
1760996617,18,4791,87645,1882,106
1760997517,18,4794,87685,1866,106
1760998418,17,5043,87628,1852,106
1760999318,17,5388,87688,1835,106
1761000218,17,4790,87710,1820,105
1761001119,19,4717,87701,1804,106
1761002019,17,4717,87760,1789,106
1761002920,18,4730,87830,1772,106
1761003820,17,4734,87919,1756,106
1761004720,17,4735,87853,1747,106
1761005621,17,4766,87752,1739,105
1761006521,17,4838,87759,1731,105
1761007422,18,4636,87752,1723,105
1761008322,18,4645,87734,1715,105
1761009222,17,4644,87690,1707,105
1761010123,17,4648,87689,1698,105
1761011023,18,4662,87710,1688,105
1761011924,15,4654,87767,1676,105
1761012824,17,4657,87718,1666,106
1761013724,17,4670,87718,1658,105
1761014625,17,4671,87718,1651,105
1761015525,17,4668,87763,1645,105
1761016426,17,4673,87815,1639,105
1761017326,17,4994,87823,1633,105
1761018226,17,4684,87827,1625,105
1761019127,17,4683,87792,1620,105
1761020027,16,4682,87825,1614,105
1761020928,17,4687,87818,1607,105
1761021828,16,4696,87844,1602,105
1761022728,16,4692,87859,1596,105
1761023629,17,4702,87834,1589,105
1761024529,17,4701,87839,1581,105
1761025430,17,4699,87846,1575,105
1761026330,17,4710,87898,1569,105
1761027230,22,4698,87885,1563,105
1761028131,36,4717,87891,1556,105
1761029031,39,4726,87920,1552,105
1761029932,50,4724,87905,1549,105
1761030832,56,4722,87827,1547,105
1761031732,64,4716,87825,1548,105
1761032633,72,4720,87808,1550,105
1761033533,74,4721,87796,1556,105
1761034434,82,4718,87820,1565,104
1761035334,80,4721,87844,1579,105
1761036234,79,4728,88252,1604,105
1761037135,86,4717,88299,1633,104
1761038035,91,4726,88271,1663,104
1761038936,88,4729,88174,1698,104
1761039836,105,4713,88031,1732,104
1761040736,118,4716,88041,1765,104
1761041637,121,4715,87934,1799,104
1761042537,138,4722,87887,1841,104
1761043438,157,4740,87847,1882,104
1761044338,151,4742,87802,1925,104
1761045238,141,4743,87742,1970,104
1761046139,158,4745,87705,2016,104
1761047039,233,4741,87682,2062,104
1761047939,775,4729,87622,2104,104
1761048840,621,4737,87612,2146,104
1761049740,825,4733,87557,2190,104
1761050641,363,4737,87537,2228,103
1761051541,298,4723,87466,2264,104
1761052441,686,4732,87434,2297,104
1761053342,397,4717,87387,2328,104
1761054242,385,4718,87398,2360,103
1761055143,1309,4726,87356,2383,103
1761056043,2280,4734,87312,2405,103
1761056943,2018,4693,87293,2425,103
1761057844,2141,4689,87272,2439,103
1761058744,1045,4706,87257,2447,103
1761059645,659,4697,87200,2448,103
1761060545,6009,4720,87226,2448,103
1761061445,5572,4722,87222,2442,103
1761062346,3499,4728,87189,2429,103
1761063246,541,4737,87242,2412,103
1761064147,226,4733,87273,2390,103
1761065047,167,4734,87244,2367,103
1761065947,98,4746,87274,2346,102
1761066848,50,4759,87299,2324,102
1761067748,26,4765,87269,2299,102
1761068649,20,4774,87273,2278,102
1761069549,18,4781,87280,2254,103
1761070449,20,4794,87323,2231,103
1761071350,19,4800,87298,2207,102
1761072250,19,4804,87344,2183,102
1761073151,19,4811,87345,2159,102
1761074051,19,4827,87345,2138,102
1761074951,18,4830,87337,2118,102
1761075852,18,4823,87370,2100,102
1761076752,19,4847,87357,2082,102
1761077653,19,4849,87380,2063,102
1761078553,18,4856,87399,2045,102
1761079453,18,4870,87376,2026,102
1761080354,19,4869,87426,2008,102
1761081254,18,4882,87480,1991,102
1761082155,18,4883,87480,1973,102
1761083055,18,4880,87466,1956,102
1761083955,17,4892,87466,1938,101
1761084856,17,4886,87498,1921,101
1761085756,18,4903,87490,1904,101
1761086657,18,4905,87493,1888,101
1761087557,17,4917,87470,1873,101
1761088457,18,4915,87502,1856,101
1761089358,18,4920,87506,1842,101
1761090258,18,4915,87530,1828,101
1761091159,17,4922,87505,1814,101
1761092059,17,4930,87516,1802,101
1761092959,17,4940,87477,1790,101
1761093860,17,4930,87527,1778,101
1761094760,17,4938,87500,1767,101
1761095661,17,4947,87513,1757,101
1761096561,17,4935,87530,1746,101
1761097461,17,4939,87499,1736,101
1761098362,17,4941,87548,1727,100
1761099262,17,4942,87519,1718,100
1761100163,17,4937,87517,1709,100
1761101063,16,4941,87480,1701,100
1761101963,17,4953,87547,1693,100
1761102864,17,4951,87521,1685,100
1761103764,17,4945,87569,1676,101
1761104665,16,4941,87577,1669,100
1761105565,16,4946,87562,1662,100
1761106465,15,4949,87568,1655,100
1761107366,16,4945,87624,1647,100
1761108266,16,4959,87603,1641,100
1761109167,17,4962,87580,1634,100
1761110067,15,4965,87614,1626,100
1761110967,16,4969,87666,1620,100
1761111868,16,4960,87641,1614,100
1761112768,17,4965,87637,1607,100
1761113669,23,4969,87690,1602,100
1761114569,34,4974,87733,1597,100
1761115469,39,4977,87731,1593,100
1761116370,56,4985,87748,1590,100
1761117270,63,5001,87812,1590,99
1761118171,64,4994,87845,1595,99
1761119071,89,5006,87965,1601,99
1761119971,88,5006,88067,1614,99
1761120872,104,5026,88110,1626,99
1761121772,98,5034,88065,1644,99
1761122673,130,5017,88161,1660,99
1761123573,117,5034,88117,1680,99
1761124473,137,5033,87987,1702,99
1761125374,100,5059,87872,1725,99
1761126274,132,5074,87845,1747,99
1761127175,166,5062,87862,1778,99
1761128075,182,5130,87786,1810,98
1761128975,121,5101,87795,1848,99
1761129876,126,5081,87738,1889,99
1761130776,206,5099,87750,1921,99
1761131677,190,5099,87703,1948,99
1761132577,194,5098,87669,1986,99
1761133477,230,5199,87716,2010,98
1761134378,155,4947,87685,2031,99
1761135278,571,4950,87658,2055,99
1761136179,286,4950,87614,2075,99
1761137079,205,5177,87556,2095,99
1761137979,305,4671,87472,2121,98
1761138880,919,4678,87438,2139,98
1761139780,546,4683,87270,2161,99
1761140681,355,4685,87313,2197,98
1761141581,386,4695,87347,2233,99
1761142481,2412,4689,87341,2260,98
1761143382,2751,4712,87461,2271,99
1761144282,1963,4722,87445,2286,99
1761145183,493,4717,87384,2301,99
1761146083,445,4732,87338,2314,99
1761146983,4677,4727,87332,2319,99
1761147884,1388,4739,87322,2308,99
1761148784,3087,4754,87241,2289,98
1761149685,398,4760,87284,2275,99
1761150585,285,4773,87261,2260,99
1761151485,131,4802,87284,2238,98
1761152386,89,4806,87168,2210,98
1761153286,46,4814,87178,2183,97
1761154187,24,4822,87159,2160,97
1761155087,18,4835,87185,2141,99
1761155987,19,4837,87220,2123,97
1761156888,19,4833,87207,2107,99
1761157788,19,4846,87225,2090,98
1761158689,19,4847,87207,2072,97
1761159589,19,4859,87283,2053,98
1761160489,18,4862,87254,2035,97
1761161390,18,4866,87287,2017,97
1761162290,19,4863,87285,2000,97
1761163190,19,4881,87286,1986,98
1761164091,18,4871,87299,1971,96
1761164991,18,4890,87312,1956,96
1761165892,18,4900,87287,1942,96
1761166792,18,4879,87344,1926,96
1761167692,18,4891,87382,1911,96
1761168593,18,4898,87441,1895,96
1761169493,17,4909,87621,1879,96
1761170394,18,4905,87725,1863,96
1761171294,17,4910,87563,1849,95
1761172194,17,4908,87502,1837,96
1761173095,17,4925,87463,1825,96
1761173995,17,4906,87488,1811,95
1761174896,16,4924,87470,1800,95
1761175796,18,4937,87481,1789,95
1761176696,16,4934,87482,1777,95
1761177597,16,4942,87486,1765,95
1761178497,17,4951,87465,1752,95
1761179398,18,4963,87481,1740,95
1761180298,17,4958,87464,1728,95
1761181198,16,4969,87469,1720,95
1761182099,16,4974,87538,1713,95
1761182999,17,4979,87630,1706,95
1761183900,16,4991,87642,1700,95
1761184800,18,4992,87665,1693,95
1761185700,16,4995,87581,1686,95
1761186601,17,5002,87621,1678,95
1761187501,16,5012,87574,1672,95
1761188402,16,5020,87504,1666,95
1761189302,17,5010,87496,1658,95
1761190202,16,5025,87477,1650,94
1761191103,16,5031,87537,1642,95
1761192003,16,5031,87494,1634,94
1761192904,18,5039,87522,1627,94
1761193804,16,5041,87536,1621,94
1761194704,16,5040,87519,1616,94
1761195605,16,5043,87523,1610,94
1761196505,16,5030,87557,1605,94
1761197406,16,5037,87568,1600,93
1761198306,16,5051,87588,1594,93
1761199206,17,5048,87598,1590,93
1761200107,22,5066,87602,1585,93
1761201007,30,5051,87613,1579,93
1761201908,41,5045,87655,1577,93
1761202808,52,5058,87700,1577,93
1761203708,56,5066,87649,1579,93
1761204609,66,5067,87726,1586,93
1761205509,91,5088,87720,1594,92
1761206410,104,5094,87768,1606,92
1761207310,96,5100,87718,1622,92
1761208210,89,5112,87677,1643,92
1761209111,90,5117,87664,1665,92
1761210011,92,5134,87664,1685,92
1761210912,82,5142,87718,1706,92
1761211812,96,5145,87699,1734,92
1761212712,78,5152,87861,1764,92
1761213613,118,5155,87788,1790,92
1761214513,125,5161,87725,1814,92
1761215414,123,5168,87657,1857,92
1761216314,135,5150,87619,1904,92
1761217214,147,5148,87603,1949,92
1761218115,143,5081,87578,1992,92
1761219015,154,5074,87557,2035,92
1761219916,371,5080,87486,2078,92
1761220816,801,5102,87463,2121,92
1761221716,397,5090,87453,2160,92
1761222617,255,5083,87417,2195,92
1761223517,411,5096,87338,2230,92
1761224418,300,5086,87328,2263,92
1761225318,761,5082,87280,2293,92
1761226218,385,5037,87272,2321,92
1761227119,439,5059,87274,2347,92
1761228019,845,5060,87226,2370,92
1761228920,2157,5079,87217,2390,92
1761229820,3780,5067,87180,2396,92
1761230720,1697,5058,87166,2391,92
1761231621,787,5069,87163,2391,92
1761232521,923,5075,87080,2386,92
1761233422,2068,5088,87112,2382,92
1761234322,3256,5086,87069,2370,92
1761235222,2356,5094,87170,2349,92
1761236123,205,5074,87317,2325,92
1761237023,169,5058,87253,2301,92
1761237924,124,5060,87279,2274,92
1761238824,70,5076,87217,2250,92
1761239724,36,5058,87235,2222,92
1761240625,23,5027,87256,2191,92
1761241525,20,5024,87277,2162,92
1761242426,20,5011,87301,2131,92
1761243326,20,5027,87325,2106,92
1761244226,19,5038,87322,2079,92
1761245127,18,5046,87317,2055,92
1761246027,19,5035,87336,2028,92
1761246928,19,5043,87333,2008,92
1761247828,18,5057,87385,1991,92
1761248728,18,5073,87425,1978,94
1761249629,18,5114,87449,1964,94
1761250529,19,5670,87452,1951,94
1761251430,19,4749,87454,1937,94
1761252330,17,4756,87472,1924,94
1761253230,18,4754,87480,1911,94
1761254131,17,4754,87488,1897,93
1761255031,17,4736,87468,1886,93
1761255932,17,4740,87554,1875,93
1761256832,18,4738,87463,1862,93
1761257732,18,4747,87455,1850,93
1761258633,17,4749,87439,1838,92
1761259533,18,4760,87508,1828,92
1761260433,18,4752,87461,1817,91
1761261334,18,4757,87474,1805,92
1761262234,18,4758,87458,1795,92
1761263135,18,4766,87421,1784,92
1761264035,18,4769,87439,1775,92
1761264935,17,4767,87419,1765,92
1761265836,18,4775,87373,1757,92
1761266736,18,4784,87392,1749,92
1761267637,17,4769,87386,1740,92
1761268537,18,4781,87395,1731,92
1761269437,17,4778,87384,1724,92
1761270338,17,4789,87372,1717,92
1761271238,17,4790,87367,1709,92
1761272139,18,4790,87354,1701,92
1761273039,17,4794,87385,1692,92
1761273939,17,4797,87377,1686,92
1761274840,18,4795,87342,1676,92
1761275740,16,4797,87352,1668,92
1761276641,17,4798,87357,1662,92
1761277541,17,4803,87432,1654,92
1761278441,18,4802,87518,1646,92
1761279342,17,4800,87546,1639,92
1761280242,18,4806,87529,1632,92
1761281143,17,4810,87532,1624,92
1761282043,17,4808,87521,1617,92
1761282943,17,4814,87493,1611,92
1761283844,17,4822,87419,1605,92
1761284744,17,4822,87402,1598,92
1761285645,18,4820,87441,1591,92
1761286545,23,4825,87437,1583,92
