If found, please contact tlang@live.unc.edu
Firmware updated: 2023/03/14
OpenOBS SN:304

time,ambient_light,backscatter,pressure,water_temp,battery
1752364994,10,5830,8750,2329,419
1752365294,9,5806,8751,2327,405
1752365594,9,5750,8752,2325,406
1752365894,10,5755,8749,2323,406
1752366194,9,5672,8748,2320,406
1752366494,11,5718,8748,2319,406
1752366794,9,5660,8747,2317,405
1752367094,11,5667,8744,2315,406
1752367394,10,5631,8749,2313,407
1752367694,9,5654,8749,2311,405
1752367994,10,5608,8747,2309,405
1752368294,8,5642,8746,2306,407
1752368594,9,5613,8748,2304,407
1752368894,8,5640,8746,2301,407
1752369194,11,5629,8746,2298,407
1752369494,10,5654,8748,2296,407
1752369794,9,5696,8741,2294,405
1752370094,9,5747,8744,2292,406
1752370394,9,5765,8749,2290,408
1752370694,9,5796,8741,2288,405
1752370994,10,5852,8743,2286,405
1752371294,10,5808,8734,2284,406
1752371594,9,5819,8738,2282,407
1752371894,9,5902,8738,2280,405
1752372194,9,5998,8736,2278,406
1752372494,8,5988,8739,2276,407
1752372794,9,6034,8738,2274,407
1752373094,8,5989,8736,2273,405
1752373394,8,5998,8736,2270,407
1752373694,8,6030,8741,2268,406
1752373994,9,6023,8734,2266,406
1752374294,9,6002,8731,2265,407
1752374594,8,5991,8737,2262,406
1752374894,9,6060,8734,2260,407
1752375194,9,6137,8736,2257,405
1752375494,10,6147,8738,2255,405
1752375794,9,6150,8735,2253,405
1752376094,8,6246,8736,2251,405
1752376394,8,6256,8739,2249,407
1752376694,9,6254,8736,2247,405
1752376994,8,6260,8736,2245,405
1752377294,9,6174,8732,2243,405
1752377594,9,6255,8736,2241,405
1752377894,8,6187,8736,2239,406
1752378194,8,6254,8733,2237,407
1752378494,9,6249,8737,2235,405
1752378794,9,6278,8735,2233,407
1752379094,9,6245,8735,2231,407
1752379394,9,6232,8732,2229,407
1752379694,9,6241,8731,2227,406
1752379994,9,6315,8735,2225,407
1752380294,8,6401,8735,2222,407
1752380594,9,6414,8736,2220,406
1752380894,8,6421,8735,2217,406
1752381194,8,6407,8733,2215,408
1752381494,9,6446,8735,2212,407
1752381794,9,6471,8729,2210,406
1752382094,9,6545,8733,2208,408
1752382394,9,6492,8733,2205,406
1752382694,9,6520,8731,2203,405
1752382994,9,6641,8731,2200,408
1752383294,11,6571,8733,2197,405
1752383594,14,6614,8735,2194,405
1752383894,19,6626,8733,2192,406
1752384194,23,6676,8734,2190,406
1752384494,36,6829,8730,2187,406
1752384794,50,6718,8732,2186,406
1752385094,69,6760,8731,2184,406
1752385394,87,6738,8734,2183,406
1752385694,108,6804,8733,2182,406
1752385994,174,6836,8733,2181,407
1752386294,176,6809,8733,2181,406
1752386594,148,6793,8734,2180,406
1752386894,138,6908,8734,2179,406
1752387194,165,6951,8732,2178,406
1752387494,158,6982,8731,2178,407
1752387794,259,7082,8732,2178,407
1752388094,127,7099,8734,2178,407
1752388394,162,7161,8734,2177,406
1752388694,181,7223,8733,2177,406
1752388994,231,7274,8735,2178,407
1752389294,326,7359,8736,2178,407
1752389594,386,7382,8735,2180,406
1752389894,659,7448,8733,2183,406
1752390194,1006,7531,8738,2187,406
1752390494,1019,7603,8733,2191,406
1752390794,957,7756,8732,2195,407
1752391094,967,7788,8739,2199,407
1752391394,1107,7899,8734,2203,406
1752391694,1238,7994,8737,2207,407
1752391994,1485,8069,8736,2211,406
1752392294,1537,8147,8736,2215,407
1752392594,1609,8257,8732,2220,406
1752392894,1521,8350,8731,2227,407
1752393194,1390,8459,8733,2235,407
1752393494,1390,8552,8735,2244,407
1752393794,1341,8573,8735,2255,407
1752394094,1164,8733,8732,2266,407
1752394394,1045,8759,8736,2278,407
1752394694,836,8944,8733,2290,399
1752394994,683,9105,8732,2297,400
1752395294,387,9191,8734,2307,399
1752395594,513,9340,8729,2319,400
1752395894,485,9354,8731,2331,399
1752396194,478,9509,8729,2344,399
1752396494,497,9630,8729,2358,399
1752396794,484,9684,8726,2371,399
1752397094,420,9746,8730,2383,400
1752397394,292,9870,8728,2394,400
1752397694,209,10160,8730,2407,401
1752397994,228,10296,8729,2421,399
1752398294,172,10487,8729,2434,399
1752398594,84,10739,8729,2447,400
1752398894,38,11075,8724,2456,400
1752399194,14,11562,8724,2466,400
1752399494,16,11826,8727,2487,401
1752399794,41,11519,8724,2506,400
1752400094,90,11517,8726,2516,399
1752400394,144,11393,8720,2533,399
1752400694,243,11545,8725,2554,399
1752400994,342,11546,8725,2575,399
1752401294,381,11529,8722,2595,399
1752401594,493,11598,8718,2616,399
1752401894,549,11726,8715,2634,399
1752402194,496,11773,8715,2650,399
1752402494,571,11928,8716,2663,399
1752402794,582,12102,8714,2677,399
1752403094,703,12190,8713,2690,399
1752403394,891,12175,8712,2703,399
1752403694,1125,12405,8711,2717,398
1752403994,771,12620,8714,2734,398
1752404294,1202,12790,8710,2749,399
1752404594,1218,12820,8713,2770,398
1752404894,1159,13086,8711,2789,397
1752405194,1222,13131,8712,2808,398
1752405494,1382,13325,8710,2824,398
1752405794,1410,13195,8712,2843,398
1752406094,1355,13495,8707,2861,397
1752406394,1340,13598,8705,2877,398
1752406694,1203,13813,8705,2893,399
1752406994,955,13873,8705,2906,399
1752407294,1196,14270,8705,2911,398
1752407594,637,14282,8706,2907,397
1752407894,322,14896,8703,2895,398
1752408194,449,15203,8706,2882,399
1752408494,792,15360,8703,2880,398
1752408794,553,15610,8706,2889,397
1752409094,586,15802,8707,2895,398
1752409394,606,15962,8706,2900,398
1752409694,777,16288,8708,2902,399
1752409994,744,16366,8705,2899,399
1752410294,2837,16689,8702,2903,399
1752410594,1836,17089,8701,2915,399
1752410894,3083,17406,8699,2926,399
1752411194,3639,17402,8702,2938,399
1752411494,314,17653,8700,2930,399
1752411794,249,17883,8704,2909,399
1752412094,295,18080,8703,2891,399
1752412394,243,18277,8703,2871,399
1752412694,198,18366,8711,2841,399
1752412994,158,18877,8715,2813,399
1752413294,77,19316,8719,2790,399
1752413594,20,19802,8732,2775,398
1752413894,15,19990,8738,2768,399
1752414194,15,20684,8736,2753,399
1752414494,14,20945,8737,2736,399
1752414794,14,21512,8739,2725,399
1752415094,15,21892,8745,2716,399
1752415394,14,21910,8745,2711,400
1752415694,14,22657,8772,2714,400
1752415994,13,23835,8798,2722,400
1752416294,14,24484,8803,2720,399
1752416594,14,24227,8801,2710,399
1752416894,13,24206,8801,2686,400
1752417194,13,25385,8805,2657,400
1752417494,12,27232,8809,2639,400
1752417794,12,27433,8812,2634,400
1752418094,12,26946,8824,2631,399
1752418394,12,26804,8821,2621,399
1752418694,13,26559,8823,2607,399
1752418994,12,26721,8843,2594,400
1752419294,12,26288,8845,2582,399
1752419594,12,26425,8849,2575,400
1752419894,11,26034,8851,2570,401
1752420194,11,25412,8859,2564,399
1752420494,13,25552,8851,2559,401
1752420794,12,24894,8824,2557,399
1752421094,13,24653,8839,2557,400
1752421394,11,23627,8840,2559,400
1752421694,12,23048,8833,2561,401
1752421994,12,22360,8832,2562,399
1752422294,13,22143,8831,2564,400
1752422594,11,22005,8821,2569,399
1752422894,13,21552,8818,2575,400
1752423194,13,21246,8811,2577,400
1752423494,12,22418,8821,2578,401
1752423794,11,24500,8825,2580,400
1752424094,12,23114,8816,2578,400
1752424394,12,21934,8806,2576,400
1752424694,12,21161,8805,2575,400
1752424994,12,20526,8797,2574,400
1752425294,13,20414,8809,2573,400
1752425594,12,20523,8808,2572,401
1752425894,12,20674,8805,2570,400
1752426194,12,21010,8815,2569,400
1752426494,11,21092,8807,2569,400
1752426794,11,20915,8803,2568,402
1752427094,12,21176,8795,2565,400
1752427394,12,20962,8803,2562,400
1752427694,11,20865,8793,2558,400
1752427994,12,20236,8802,2554,402
1752428294,12,21004,8802,2552,400
1752428594,13,20654,8792,2549,400
1752428894,11,20642,8801,2547,400
1752429194,12,20625,8792,2544,401
1752429494,11,20377,8801,2544,400
1752429794,12,19972,8790,2544,400
1752430094,13,20878,8793,2543,400
1752430394,11,21466,8793,2543,401
1752430694,11,21398,8791,2541,401
1752430994,12,21994,8790,2540,401
1752431294,12,21622,8793,2539,401
1752431594,11,22023,8799,2538,401
1752431894,11,22046,8793,2537,401
1752432194,11,22144,8794,2535,401
1752432494,12,22480,8797,2532,401
1752432794,12,23288,8797,2530,401
1752433094,11,24190,8799,2525,401
1752433394,12,25242,8800,2520,401
1752433694,11,25728,8793,2514,401
1752433994,12,25809,8798,2508,403
1752434294,11,25808,8805,2501,401
1752434594,11,25813,8824,2487,401
1752434894,12,26011,8842,2473,401
1752435194,11,25528,8863,2458,401
1752435494,11,25712,8871,2448,401
1752435794,11,23938,8890,2438,402
1752436094,10,23570,8890,2427,402
1752436394,10,23099,8910,2417,401
1752436694,10,23762,8935,2409,401
1752436994,10,23803,8923,2402,401
1752437294,10,23686,8926,2394,401
1752437594,10,23732,8939,2388,402
1752437894,10,22760,8936,2385,402
1752438194,10,23111,8937,2381,402
1752438494,11,22841,8944,2377,403
1752438794,10,22023,8920,2373,402
1752439094,10,21779,8942,2369,402
1752439394,11,20858,8933,2366,402
1752439694,10,20068,8958,2363,401
1752439994,10,19693,8950,2361,403
1752440294,10,19763,8984,2358,403
1752440594,9,19535,8973,2355,401
1752440894,10,20268,8985,2352,402
1752441194,10,21132,8967,2349,402
1752441494,9,21562,8951,2346,401
1752441794,10,21787,8976,2343,403
1752442094,9,22238,8964,2340,403
1752442394,10,22782,8967,2337,403
1752442694,9,22380,8936,2333,403
1752442994,10,21965,8969,2329,402
1752443294,9,21473,8940,2326,402
1752443594,9,21059,8971,2322,402
1752443894,11,20727,8964,2318,403
1752444194,10,20317,8967,2314,402
1752444494,10,20267,8964,2309,403
1752444794,9,20074,8977,2304,403
1752445094,9,20715,8966,2299,403
1752445394,9,21560,8970,2295,403
1752445694,10,22977,8969,2291,402
1752445994,9,23671,8956,2288,403
1752446294,10,23782,8938,2285,403
1752446594,9,23388,8954,2283,402
1752446894,10,22762,8943,2280,402
1752447194,9,22833,8944,2277,403
1752447494,9,23037,8935,2274,402
1752447794,8,23551,8935,2272,401
1752448094,9,23451,8929,2270,401
1752448394,9,24108,8928,2268,401
1752448694,9,23753,8922,2266,401
1752448994,10,24020,8925,2264,401
1752449294,9,24035,8912,2262,403
1752449594,9,23644,8915,2260,403
1752449894,9,23523,8908,2258,402
1752450194,9,23731,8910,2256,403
1752450494,9,23407,8909,2254,403
1752450794,9,23432,8893,2253,403
1752451094,9,22869,8904,2251,401
