If found, please contact tlang@live.unc.edu
Firmware updated: 2023/03/14
OpenOBS SN:304

time,ambient_light,backscatter,pressure,water_temp,battery
1755216116,17,7393,8775,2147,415
1755216416,16,7388,8763,2145,405
1755216716,16,7544,8769,2143,403
1755217016,16,7492,8773,2142,405
1755217316,15,7536,8763,2140,404
1755217616,15,7608,8765,2138,404
1755217916,15,7525,8760,2136,403
1755218216,15,7741,8763,2135,403
1755218516,15,7689,8758,2132,404
1755218816,15,7730,8760,2130,404
1755219116,15,7830,8763,2128,404
1755219416,15,7809,8766,2126,404
1755219716,16,7862,8763,2124,404
1755220016,15,7826,8760,2122,404
1755220316,14,7709,8764,2120,404
1755220616,15,7857,8754,2118,403
1755220916,15,7896,8757,2116,404
1755221216,14,7919,8755,2114,404
1755221516,15,8115,8756,2112,404
1755221816,15,7966,8761,2110,404
1755222116,14,8003,8758,2108,403
1755222416,14,8105,8760,2106,404
1755222716,15,8135,8753,2105,405
1755223016,15,8197,8752,2103,404
1755223316,14,8248,8754,2102,404
1755223616,14,8149,8757,2100,404
1755223916,16,8140,8753,2099,403
1755224216,15,8284,8755,2098,404
1755224516,15,8324,8755,2096,404
1755224816,15,8356,8749,2095,404
1755225116,15,8383,8752,2094,404
1755225416,16,8486,8755,2092,404
1755225716,13,8302,8756,2090,404
1755226016,15,8494,8749,2089,404
1755226316,15,8391,8754,2088,404
1755226616,15,8454,8744,2086,404
1755226916,16,8605,8748,2084,403
1755227216,15,8544,8749,2083,404
1755227516,15,8615,8750,2081,404
1755227816,14,8639,8753,2080,403
1755228116,16,8665,8742,2078,403
1755228416,14,8728,8755,2077,403
1755228716,15,8753,8749,2075,404
1755229016,16,8809,8751,2073,404
1755229316,14,8817,8751,2072,403
1755229616,13,8948,8746,2070,404
1755229916,14,8949,8748,2068,404
1755230216,14,8949,8748,2066,403
1755230516,15,8913,8746,2064,405
1755230816,15,9101,8747,2063,403
1755231116,13,8991,8754,2062,403
1755231416,14,8946,8755,2061,404
1755231716,13,8936,8749,2060,403
1755232016,13,9025,8752,2059,403
1755232316,14,9278,8747,2057,403
1755232616,14,9142,8748,2055,404
1755232916,14,9229,8753,2054,403
1755233216,13,9209,8744,2053,403
1755233516,14,9270,8752,2053,403
1755233816,15,9081,8750,2053,403
1755234116,14,9233,8742,2053,404
1755234416,14,9268,8749,2052,404
1755234716,15,9170,8739,2051,403
1755235016,16,9288,8747,2049,403
1755235316,20,9319,8749,2048,403
1755235616,29,9470,8741,2045,403
1755235916,46,9357,8750,2045,403
1755236216,93,9327,8754,2045,403
1755236516,145,9346,8747,2044,403
1755236816,261,9508,8748,2044,403
1755237116,385,9489,8744,2043,404
1755237416,513,9439,8747,2042,404
1755237716,380,9510,8745,2041,405
1755238016,345,9535,8747,2041,403
1755238316,428,9584,8743,2041,403
1755238616,460,9545,8745,2040,404
1755238916,418,9561,8745,2040,404
1755239216,508,9806,8751,2039,405
1755239516,663,9704,8745,2037,404
1755239816,865,9641,8754,2037,404
1755240116,1113,9842,8743,2037,404
1755240416,995,9893,8751,2039,403
1755240716,1004,10002,8743,2039,404
1755241016,868,9935,8749,2040,404
1755241316,722,9777,8753,2040,404
1755241616,643,9980,8748,2041,404
1755241916,441,10317,8748,2041,404
1755242216,489,10226,8747,2042,404
1755242516,638,10360,8745,2042,403
1755242816,624,10303,8749,2042,404
1755243116,679,10296,8750,2042,404
1755243416,804,10546,8752,2043,404
1755243716,941,10570,8757,2044,404
1755244016,1145,10650,8753,2045,404
1755244316,1405,10699,8755,2048,404
1755244616,1619,10736,8756,2050,404
1755244916,1356,10787,8754,2051,404
1755245216,1739,10755,8750,2053,404
1755245516,1888,11048,8753,2055,404
1755245816,2367,10947,8756,2058,404
1755246116,2673,10967,8755,2061,405
1755246416,2909,11242,8752,2065,405
1755246716,3090,11235,8754,2069,404
1755247016,3854,11317,8755,2073,404
1755247316,4423,11269,8757,2078,405
1755247616,4958,11305,8757,2083,405
1755247916,5412,11609,8751,2090,405
1755248216,6123,11474,8752,2097,404
1755248516,5978,11542,8751,2106,405
1755248816,5749,11522,8754,2115,405
1755249116,6636,11495,8753,2127,405
1755249416,6810,11720,8756,2139,405
1755249716,6168,11862,8755,2150,405
1755250016,6616,11749,8757,2161,406
1755250316,6878,11699,8749,2170,406
1755250616,7303,11784,8753,2180,405
1755250916,6827,11907,8756,2192,406
1755251216,6415,12030,8752,2204,405
1755251516,6697,12131,8749,2212,406
1755251816,7152,12008,8750,2223,405
1755252116,7926,12236,8755,2238,406
1755252416,8352,12483,8757,2258,406
1755252716,8512,12336,8757,2276,406
1755253016,8969,12505,8754,2288,406
1755253316,9405,12476,8754,2295,406
1755253616,8955,12469,8753,2306,406
1755253916,9705,12641,8749,2319,406
1755254216,9533,12602,8750,2335,406
1755254516,9674,12769,8753,2350,406
1755254816,9236,12770,8752,2361,406
1755255116,8952,13037,8750,2373,406
1755255416,9161,12915,8742,2386,406
1755255716,9126,13090,8741,2396,405
1755256016,9893,13254,8741,2409,407
1755256316,10266,13600,8743,2423,407
1755256616,10740,13414,8743,2439,407
1755256916,10595,13420,8749,2458,405
1755257216,9384,13459,8742,2481,407
1755257516,5698,13800,8744,2507,405
1755257816,7367,14128,8744,2541,405
1755258116,8864,14167,8745,2577,405
1755258416,9904,14245,8743,2609,404
1755258716,10233,14310,8747,2634,404
1755259016,10140,14314,8746,2654,404
1755259316,9075,14560,8743,2670,405
1755259616,8928,14522,8750,2682,405
1755259916,8657,14662,8748,2689,404
1755260216,8454,14625,8745,2690,405
1755260516,8964,14913,8739,2687,405
1755260816,8839,14754,8745,2682,405
1755261116,8737,15230,8739,2676,405
1755261416,8719,15263,8739,2669,406
1755261716,8574,15093,8740,2664,405
1755262016,8687,15548,8739,2658,405
1755262316,8586,15557,8739,2652,405
1755262616,5614,15643,8736,2645,406
1755262916,8375,15730,8738,2637,405
1755263216,9342,15874,8738,2632,406
1755263516,9706,16015,8733,2627,406
1755263816,11541,16332,8734,2625,406
1755264116,9314,16023,8732,2625,404
1755264416,8983,15968,8731,2623,405
1755264716,8165,16513,8733,2617,406
1755265016,7954,16490,8733,2614,406
1755265316,7608,16565,8727,2612,406
1755265616,6959,16651,8728,2615,406
1755265916,6121,16614,8728,2616,406
1755266216,5849,17216,8732,2616,406
1755266516,6119,17368,8731,2615,405
1755266816,6551,17164,8725,2612,406
1755267116,6228,17600,8724,2610,407
1755267416,6062,17511,8731,2610,406
1755267716,5083,17062,8726,2608,406
1755268016,5353,17386,8726,2606,405
1755268316,6461,17321,8724,2603,406
1755268616,7532,17429,8722,2602,405
1755268916,6787,16652,8723,2602,407
1755269216,9997,16360,8725,2602,405
1755269516,13407,16309,8724,2605,407
1755269816,9214,16450,8720,2610,406
1755270116,10949,16690,8719,2615,406
1755270416,9611,16603,8718,2622,406
1755270716,8796,16637,8722,2625,406
1755271016,12566,16623,8722,2626,406
1755271316,8305,17176,8719,2628,406
1755271616,12127,17157,8716,2625,405
1755271916,9756,16945,8718,2625,405
1755272216,11387,17120,8712,2627,406
1755272516,8770,16926,8715,2630,407
1755272816,10843,17570,8714,2631,407
1755273116,19297,17485,8711,2639,406
1755273416,9606,17299,8720,2643,405
1755273716,15702,17585,8714,2644,406
1755274016,15936,17918,8719,2643,406
1755274316,17777,17540,8707,2640,407
1755274616,17570,17910,8709,2638,406
1755274916,19064,17866,8711,2634,407
1755275216,7249,17700,8712,2626,406
1755275516,6719,17846,8714,2617,407
1755275816,5942,17960,8712,2608,406
1755276116,3123,17974,8713,2601,406
1755276416,3560,18173,8718,2593,407
1755276716,2401,17984,8714,2585,407
1755277016,859,18329,8715,2576,407
1755277316,1168,18637,8710,2566,406
1755277616,1379,18777,8711,2556,407
1755277916,1674,18715,8708,2548,406
1755278216,2524,18636,8712,2539,407
1755278516,3116,18909,8710,2532,406
1755278816,2840,18505,8712,2526,406
1755279116,1166,19109,8711,2520,407
1755279416,221,19402,8708,2513,407
1755279716,60,20743,8710,2505,408
1755280016,36,20512,8711,2496,407
1755280316,29,21160,8713,2488,405
1755280616,28,21870,8707,2480,407
1755280916,40,21206,8711,2475,407
1755281216,53,21699,8711,2469,407
1755281516,63,21712,8714,2462,407
1755281816,61,22356,8714,2455,407
1755282116,40,21872,8720,2449,407
1755282416,32,21481,8716,2443,407
1755282716,22,22885,8720,2437,407
1755283016,23,22466,8718,2431,407
1755283316,22,22983,8716,2425,407
1755283616,23,23302,8715,2420,408
1755283916,24,22671,8715,2415,407
1755284216,22,23313,8720,2411,407
1755284516,20,22916,8717,2407,408
1755284816,19,22858,8720,2405,408
1755285116,20,22720,8720,2402,407
1755285416,19,22598,8719,2400,407
1755285716,20,23233,8719,2397,408
1755286016,19,23368,8722,2393,407
1755286316,19,23080,8719,2389,407
1755286616,19,21808,8723,2384,408
1755286916,20,22369,8720,2379,407
1755287216,19,23023,8726,2374,407
1755287516,19,22162,8725,2369,408
1755287816,19,22662,8723,2364,407
1755288116,18,22348,8725,2359,408
1755288416,19,22093,8725,2354,407
1755288716,20,23537,8723,2349,407
1755289016,18,23502,8730,2344,408
1755289316,19,23160,8730,2339,408
1755289616,19,23849,8729,2334,408
1755289916,18,23903,8723,2329,408
1755290216,19,22497,8733,2323,408
1755290516,19,22923,8734,2318,408
1755290816,18,23036,8733,2313,407
1755291116,18,24412,8736,2308,408
1755291416,18,23855,8738,2303,405
1755291716,18,23776,8739,2298,408
1755292016,17,24045,8734,2293,407
1755292316,17,23386,8737,2289,407
1755292616,17,24640,8734,2285,408
1755292916,17,23180,8737,2280,408
1755293216,18,23738,8743,2277,408
1755293516,17,23741,8745,2272,407
1755293816,18,24684,8739,2268,408
1755294116,18,24824,8742,2265,408
1755294416,17,24733,8735,2261,407
1755294716,18,25115,8737,2258,408
1755295016,16,24488,8737,2256,407
1755295316,17,24449,8734,2253,407
1755295616,17,24109,8738,2250,408
1755295916,18,24921,8742,2248,407
1755296216,17,25418,8739,2245,408
1755296516,16,24741,8741,2242,408
1755296816,18,25017,8745,2240,408
1755297116,17,23977,8746,2237,408
1755297416,16,25017,8745,2235,408
1755297716,18,24376,8742,2233,407
1755298016,17,24790,8747,2230,408
1755298316,16,23452,8740,2229,408
1755298616,17,24647,8745,2226,409
1755298916,16,25206,8742,2224,407
1755299216,17,25195,8743,2222,409
1755299516,17,25342,8745,2219,409
1755299816,17,23949,8741,2217,407
1755300116,17,25032,8739,2216,407
1755300416,16,25217,8747,2214,407
1755300716,17,25417,8742,2212,409
1755301016,17,25092,8741,2211,407
1755301316,16,24137,8742,2210,409
1755301616,17,25121,8738,2208,408
1755301916,16,25224,8745,2206,408
1755302216,17,25572,8743,2204,408
