If found, please contact tlang@live.unc.edu
Firmware updated: 2023/03/14
OpenOBS SN:304

time,ambient_light,backscatter,pressure,water_temp,battery
1754611488,16,50684,8741,2253,413
1754611788,14,50476,8741,2251,403
1754612088,15,50543,8740,2248,404
1754612388,15,50570,8741,2246,403
1754612688,14,50551,8743,2244,404
1754612988,15,50427,8732,2242,402
1754613288,14,50475,8742,2240,403
1754613588,16,50282,8735,2238,403
1754613888,15,50348,8743,2236,404
1754614188,15,50574,8742,2234,403
1754614488,15,50623,8743,2231,401
1754614788,14,50423,8750,2229,402
1754615088,15,50585,8757,2227,401
1754615388,14,50550,8769,2224,403
1754615688,14,50393,8783,2223,403
1754615988,14,50884,8786,2222,403
1754616288,14,50348,8805,2223,403
1754616588,14,50219,8810,2223,403
1754616888,15,50202,8799,2222,402
1754617188,14,49854,8823,2222,403
1754617488,15,49501,8819,2218,403
1754617788,14,49304,8828,2216,403
1754618088,15,48910,8815,2215,403
1754618388,13,48492,8824,2214,403
1754618688,14,48312,8815,2213,403
1754618988,14,47937,8830,2211,403
1754619288,14,47826,8807,2209,403
1754619588,14,46836,8819,2208,403
1754619888,13,45970,8833,2207,403
1754620188,13,45868,8847,2207,403
1754620488,14,44906,8855,2208,403
1754620788,13,43442,8864,2208,403
1754621088,15,41644,8864,2208,403
1754621388,13,39639,8851,2206,403
1754621688,15,39426,8865,2204,403
1754621988,15,36179,8833,2202,403
1754622288,14,35379,8859,2200,403
1754622588,13,32834,8836,2197,403
1754622888,13,32565,8831,2194,403
1754623188,14,31996,8848,2192,403
1754623488,13,31231,8847,2189,402
1754623788,14,30271,8850,2186,403
1754624088,14,29652,8857,2183,402
1754624388,13,30604,8856,2181,403
1754624688,14,28655,8844,2180,402
1754624988,14,28275,8859,2179,402
1754625288,13,29233,8861,2179,403
1754625588,15,28549,8847,2179,404
1754625888,14,28520,8865,2179,402
1754626188,13,28463,8877,2180,402
1754626488,13,27160,8863,2180,403
1754626788,13,26501,8849,2179,402
1754627088,13,26739,8855,2179,403
1754627388,14,25628,8872,2178,403
1754627688,13,24989,8862,2177,402
1754627988,13,24419,8863,2177,402
1754628288,14,24603,8859,2177,404
1754628588,14,23645,8869,2177,403
1754628888,13,23350,8860,2177,403
1754629188,13,22518,8867,2177,403
1754629488,13,22269,8875,2177,404
1754629788,12,20620,8873,2177,403
1754630088,14,19915,8885,2177,403
1754630388,14,19589,8879,2177,404
1754630688,14,19124,8937,2179,404
1754630988,14,19506,8924,2184,404
1754631288,15,19778,8943,2187,403
1754631588,13,19603,8932,2190,404
1754631888,14,19280,8943,2191,404
1754632188,14,19745,8934,2192,403
1754632488,13,19796,8947,2193,403
1754632788,14,19091,8955,2193,402
1754633088,14,18634,8934,2193,403
1754633388,13,18254,8928,2193,404
1754633688,13,18184,8931,2193,403
1754633988,13,18193,8908,2193,403
1754634288,14,18318,8904,2193,403
1754634588,14,17662,8920,2193,402
1754634888,15,17604,8923,2194,403
1754635188,13,17038,8920,2194,404
1754635488,14,16831,8905,2195,403
1754635788,14,16061,8919,2195,403
1754636088,13,15187,8909,2196,403
1754636388,13,15049,8896,2196,404
1754636688,14,14819,8907,2196,404
1754636988,14,14579,8911,2197,404
1754637288,14,15372,8911,2196,404
1754637588,14,13776,8903,2196,404
1754637888,13,13625,8905,2196,404
1754638188,15,13415,8901,2197,404
1754638488,14,13248,8893,2198,403
1754638788,14,12806,8894,2201,404
1754639088,14,12568,8875,2202,403
1754639388,14,12665,8897,2204,404
1754639688,13,12711,8886,2208,404
1754639988,15,12412,8878,2212,403
1754640288,14,12338,8878,2217,405
1754640588,14,12102,8870,2221,405
1754640888,14,11899,8891,2225,404
1754641188,15,12065,8871,2229,405
1754641488,15,11851,8880,2235,404
1754641788,14,12075,8870,2242,403
1754642088,14,11619,8876,2250,403
1754642388,15,11588,8867,2259,403
1754642688,15,11875,8874,2266,403
1754642988,15,12330,8867,2273,403
1754643288,15,11864,8871,2276,403
1754643588,14,11763,8867,2280,406
1754643888,16,12183,8863,2288,405
1754644188,15,12192,8859,2297,404
1754644488,16,12277,8862,2307,404
1754644788,15,12417,8860,2317,405
1754645088,14,12200,8859,2326,404
1754645388,16,12259,8865,2337,405
1754645688,16,12157,8858,2351,404
1754645988,15,12241,8840,2366,404
1754646288,15,12225,8857,2377,404
1754646588,16,12621,8841,2375,404
1754646888,17,12588,8857,2379,405
1754647188,16,12211,8849,2386,404
1754647488,16,12256,8840,2395,405
1754647788,16,12261,8848,2397,404
1754648088,16,11740,8842,2410,406
1754648388,16,11556,8840,2427,405
1754648688,17,11696,8843,2435,404
1754648988,17,11578,8842,2439,404
1754649288,17,11853,8843,2443,404
1754649588,17,11401,8847,2457,404
1754649888,16,11520,8851,2476,405
1754650188,17,11676,8834,2497,404
1754650488,18,11990,8842,2518,404
1754650788,18,11692,8836,2529,403
1754651088,18,11478,8837,2545,403
1754651388,20,11791,8833,2569,404
1754651688,19,11827,8828,2580,403
1754651988,19,11853,8842,2585,403
1754652288,20,11768,8832,2578,403
1754652588,20,12156,8831,2578,404
1754652888,19,12095,8832,2579,405
1754653188,20,12163,8832,2589,403
1754653488,21,12022,8820,2608,404
1754653788,21,11967,8813,2628,404
1754654088,21,12194,8824,2639,403
1754654388,23,11931,8817,2642,404
1754654688,23,12070,8819,2651,403
1754654988,23,12493,8818,2662,404
1754655288,21,12955,8816,2665,403
1754655588,22,13192,8828,2659,404
1754655888,22,13188,8821,2668,404
1754656188,24,13289,8818,2674,403
1754656488,25,13510,8823,2675,403
1754656788,25,13565,8814,2666,404
1754657088,27,13599,8810,2659,404
1754657388,28,13781,8807,2651,404
1754657688,26,13996,8810,2641,405
1754657988,27,13787,8812,2626,405
1754658288,28,13700,8805,2609,405
1754658588,28,13975,8816,2593,405
1754658888,31,14072,8804,2582,405
1754659188,26,14027,8809,2571,405
1754659488,29,13685,8810,2561,405
1754659788,31,13608,8812,2551,404
1754660088,32,13213,8803,2544,405
1754660388,26,13419,8804,2539,404
1754660688,19,14298,8801,2531,405
1754660988,18,14657,8810,2519,406
1754661288,18,14538,8799,2507,404
1754661588,19,13847,8802,2493,406
1754661888,21,13910,8801,2482,406
1754662188,20,13546,8808,2473,405
1754662488,18,14646,8806,2468,405
1754662788,18,14677,8807,2465,405
1754663088,17,14674,8815,2468,405
1754663388,18,15539,8807,2464,406
1754663688,17,13703,8829,2463,406
1754663988,18,13540,8829,2467,406
1754664288,17,13025,8848,2466,406
1754664588,16,12870,8847,2467,405
1754664888,17,12969,8841,2468,405
1754665188,16,13753,8859,2468,405
1754665488,17,14855,8869,2467,405
1754665788,17,14921,8851,2466,405
1754666088,18,15055,8867,2464,406
1754666388,17,15462,8846,2460,407
1754666688,17,15161,8851,2457,406
1754666988,17,15231,8853,2455,405
1754667288,17,15517,8859,2451,405
1754667588,16,15461,8852,2447,405
1754667888,17,15294,8851,2444,406
1754668188,17,15268,8864,2441,406
1754668488,18,15445,8860,2436,406
1754668788,17,15790,8860,2431,406
1754669088,16,15671,8874,2430,406
1754669388,16,15970,8889,2430,406
1754669688,17,16115,8920,2428,406
1754669988,17,16793,8925,2425,406
1754670288,17,17350,8940,2421,406
1754670588,16,18021,8959,2416,405
1754670888,16,19582,8939,2411,405
1754671188,17,20722,8965,2408,406
1754671488,17,22442,8968,2403,406
1754671788,17,23547,8974,2396,406
1754672088,16,24434,8991,2390,406
1754672388,16,24969,8981,2383,407
1754672688,17,24942,8988,2375,406
1754672988,16,24846,8992,2365,406
1754673288,16,25083,8979,2356,406
1754673588,16,24866,8999,2350,405
1754673888,15,24618,8986,2345,406
1754674188,15,25301,8977,2341,405
1754674488,15,26000,8991,2337,406
1754674788,16,26694,8973,2333,406
1754675088,16,26865,8985,2329,406
1754675388,16,27898,8962,2325,406
1754675688,16,28979,8965,2320,407
1754675988,16,30694,8948,2315,406
1754676288,15,32274,8943,2312,406
1754676588,16,34370,8956,2309,406
1754676888,15,35713,8954,2306,406
1754677188,15,36849,8950,2304,406
1754677488,15,37041,8902,2302,406
1754677788,15,36553,8900,2300,407
1754678088,15,36033,8924,2298,406
1754678388,14,35734,8917,2296,406
1754678688,16,34777,8928,2294,407
1754678988,15,34153,8932,2292,406
1754679288,14,33431,8933,2290,406
1754679588,15,32253,8937,2289,407
1754679888,15,31507,8922,2286,406
1754680188,16,30726,8923,2284,406
1754680488,15,30616,8916,2281,406
1754680788,16,30014,8925,2279,406
1754681088,14,30000,8905,2277,406
1754681388,15,29562,8918,2275,406
1754681688,15,29098,8917,2272,407
1754681988,15,28653,8916,2269,406
1754682288,15,28319,8952,2266,407
1754682588,15,28027,8955,2263,406
1754682888,14,27171,8996,2262,405
1754683188,15,26330,8971,2260,406
1754683488,14,25347,9008,2256,406
1754683788,14,24687,9005,2253,405
1754684088,14,24631,8988,2251,407
1754684388,14,24755,8996,2251,407
1754684688,15,24345,8989,2252,407
1754684988,14,23071,9000,2252,407
1754685288,15,21960,8980,2253,405
1754685588,14,21312,8972,2253,405
1754685888,15,18665,9004,2253,407
1754686188,16,17932,8986,2253,406
1754686488,15,17558,8969,2253,407
1754686788,14,17250,8979,2252,407
1754687088,15,17335,8968,2251,407
1754687388,15,17266,8955,2250,406
1754687688,16,17299,8963,2249,406
1754687988,14,17119,8964,2248,407
1754688288,14,16828,8983,2247,407
1754688588,16,17040,8956,2245,406
1754688888,14,16803,8958,2244,407
1754689188,14,16589,8971,2242,407
1754689488,15,16470,8955,2240,406
1754689788,13,16741,8957,2238,408
1754690088,15,16722,8961,2236,406
1754690388,14,16711,8957,2233,406
1754690688,14,16655,8946,2230,408
1754690988,14,17053,8967,2227,406
1754691288,13,17427,8976,2224,406
1754691588,14,17537,8970,2221,405
1754691888,15,17857,8971,2218,406
1754692188,14,17783,8952,2215,408
1754692488,13,18015,8952,2212,406
1754692788,14,18096,8958,2210,407
1754693088,14,18130,8922,2207,408
1754693388,15,18211,8938,2205,406
1754693688,14,18336,8949,2203,407
1754693988,13,18614,8940,2201,406
1754694288,14,18816,8933,2200,407
1754694588,13,19161,8947,2198,406
1754694888,14,19355,8935,2197,406
1754695188,13,18722,8937,2196,406
1754695488,14,18970,8948,2194,406
1754695788,13,19440,8924,2192,406
1754696088,13,18897,8924,2191,407
1754696388,13,19207,8931,2190,406
1754696688,14,19788,8909,2188,406
1754696988,14,19440,8936,2187,407
1754697288,13,19863,8939,2186,406
1754697588,13,20115,8913,2185,406
