If found, please contact tlang@live.unc.edu
Firmware updated: 2023/03/14
OpenOBS SN:304

time,ambient_light,backscatter,pressure,water_temp,battery
1754265888,13,13067,8801,2238,418
1754266188,14,13165,8808,2236,407
1754266488,13,13160,8806,2235,407
1754266788,13,13117,8806,2233,408
1754267088,14,13173,8793,2232,407
1754267388,13,13100,8802,2231,407
1754267688,13,13260,8801,2230,408
1754267988,13,13165,8807,2228,407
1754268288,13,13214,8798,2227,408
1754268588,13,13346,8800,2226,407
1754268888,12,13295,8806,2226,407
1754269188,12,13287,8803,2224,409
1754269488,13,13386,8802,2223,409
1754269788,13,13728,8790,2222,409
1754270088,14,13368,8795,2221,408
1754270388,13,13601,8799,2219,408
1754270688,12,13947,8803,2218,408
1754270988,13,13330,8803,2217,407
1754271288,12,13334,8798,2216,408
1754271588,12,13489,8786,2215,408
1754271888,13,13484,8790,2214,408
1754272188,12,13497,8794,2213,408
1754272488,12,13551,8794,2212,408
1754272788,13,13441,8798,2211,408
1754273088,12,13502,8798,2210,407
1754273388,13,13766,8782,2209,408
1754273688,13,13548,8783,2208,408
1754273988,14,13630,8789,2207,407
1754274288,12,13597,8791,2206,407
1754274588,13,13854,8785,2205,408
1754274888,13,13602,8781,2203,408
1754275188,13,13599,8783,2202,407
1754275488,13,13576,8789,2201,407
1754275788,12,13694,8790,2200,408
1754276088,12,13735,8790,2198,407
1754276388,12,13768,8790,2197,407
1754276688,12,13715,8794,2196,409
1754276988,13,13752,8796,2195,408
1754277288,12,13766,8795,2193,407
1754277588,12,13823,8802,2191,407
1754277888,12,13846,8797,2190,409
1754278188,12,13825,8809,2189,407
1754278488,12,14036,8806,2188,407
1754278788,13,14052,8800,2186,408
1754279088,12,14070,8792,2185,408
1754279388,13,14039,8799,2183,408
1754279688,13,14163,8800,2182,408
1754279988,12,14130,8795,2181,408
1754280288,12,14191,8793,2179,409
1754280588,12,14227,8802,2178,409
1754280888,12,14331,8802,2176,408
1754281188,13,14511,8812,2175,407
1754281488,12,14655,8805,2174,407
1754281788,12,14691,8807,2172,409
1754282088,11,14856,8799,2171,407
1754282388,11,14916,8805,2170,407
1754282688,11,14992,8811,2169,409
1754282988,12,15158,8810,2167,408
1754283288,13,15207,8800,2166,408
1754283588,11,15190,8806,2164,407
1754283888,12,15219,8808,2163,410
1754284188,12,15372,8820,2162,408
1754284488,13,15415,8799,2161,407
1754284788,11,15389,8805,2160,408
1754285088,13,15558,8805,2159,409
1754285388,12,15487,8805,2158,407
1754285688,11,15557,8802,2157,408
1754285988,13,15573,8806,2156,407
1754286288,13,15646,8798,2155,408
1754286588,12,15759,8804,2154,407
1754286888,12,15712,8810,2154,407
1754287188,12,15749,8798,2153,407
1754287488,12,15822,8791,2153,409
1754287788,12,15886,8796,2152,408
1754288088,12,15910,8795,2152,409
1754288388,11,15962,8800,2151,409
1754288688,12,16039,8800,2151,409
1754288988,12,16232,8800,2151,408
1754289288,12,16207,8800,2151,408
1754289588,13,16226,8799,2151,409
1754289888,13,16235,8806,2151,409
1754290188,15,16356,8799,2152,409
1754290488,14,16609,8803,2154,409
1754290788,16,16448,8798,2155,409
1754291088,18,16320,8804,2157,408
1754291388,18,16392,8801,2159,409
1754291688,16,16472,8805,2161,408
1754291988,21,16506,8801,2163,408
1754292288,23,16713,8800,2166,408
1754292588,27,16550,8797,2170,408
1754292888,30,16685,8804,2174,409
1754293188,32,16690,8800,2180,408
1754293488,30,16704,8798,2185,408
1754293788,24,16712,8808,2189,408
1754294088,22,16761,8815,2193,408
1754294388,18,16779,8827,2197,408
1754294688,14,16553,8834,2200,410
1754294988,14,16564,8830,2205,408
1754295288,13,16643,8832,2213,408
1754295588,13,16838,8839,2223,408
1754295888,14,16801,8829,2231,409
1754296188,14,17092,8835,2235,408
1754296488,14,17113,8841,2236,410
1754296788,13,17173,8846,2236,410
1754297088,14,17482,8844,2237,408
1754297388,13,17635,8839,2238,409
1754297688,14,17990,8832,2241,409
1754297988,13,18378,8836,2247,409
1754298288,13,18760,8832,2252,409
1754298588,13,19298,8831,2256,409
1754298888,13,19961,8830,2258,409
1754299188,13,20476,8830,2260,409
1754299488,13,20433,8829,2260,409
1754299788,13,20690,8823,2260,410
1754300088,13,20803,8824,2260,410
1754300388,13,20754,8826,2262,409
1754300688,13,20522,8826,2264,409
1754300988,13,20379,8822,2267,410
1754301288,14,20272,8817,2270,409
1754301588,14,20386,8818,2273,409
1754301888,13,20582,8818,2276,409
1754302188,14,20538,8820,2279,409
1754302488,13,20143,8819,2283,410
1754302788,14,20306,8816,2287,409
1754303088,14,20236,8814,2290,409
1754303388,13,20148,8812,2293,409
1754303688,14,19960,8820,2297,409
1754303988,15,20044,8823,2301,409
1754304288,13,19947,8810,2307,409
1754304588,13,19848,8814,2313,410
1754304888,13,19807,8815,2319,409
1754305188,14,19823,8816,2328,410
1754305488,14,19716,8809,2336,410
1754305788,14,19727,8797,2343,410
1754306088,15,19614,8798,2355,409
1754306388,15,20715,8807,2368,410
1754306688,15,19810,8801,2383,410
1754306988,17,19623,8795,2396,410
1754307288,16,19840,8789,2410,409
1754307588,16,19841,8789,2424,409
1754307888,17,19787,8771,2437,410
1754308188,18,19730,8786,2451,410
1754308488,18,19604,8797,2464,410
1754308788,15,19759,8788,2474,409
1754309088,17,19870,8782,2475,409
1754309388,17,19673,8789,2473,410
1754309688,16,19820,8782,2469,409
1754309988,16,20018,8792,2467,409
1754310288,15,20181,8783,2466,409
1754310588,16,19975,8786,2467,409
1754310888,15,19743,8789,2466,410
1754311188,17,19884,8790,2464,410
1754311488,16,20295,8796,2461,410
1754311788,15,20248,8785,2459,410
1754312088,17,20113,8783,2457,410
1754312388,15,20182,8788,2457,410
1754312688,16,20229,8779,2458,410
1754312988,15,20470,8780,2461,411
1754313288,15,21782,8771,2466,411
1754313588,15,21300,8778,2471,410
1754313888,15,21253,8780,2483,411
1754314188,15,21123,8781,2500,410
1754314488,17,20863,8777,2516,410
1754314788,19,20732,8780,2533,410
1754315088,22,20605,8774,2552,410
1754315388,30,20621,8769,2572,410
1754315688,29,20742,8772,2599,409
1754315988,43,20457,8774,2623,410
1754316288,51,20456,8775,2644,410
1754316588,56,20194,8771,2653,410
1754316888,75,20170,8768,2661,410
1754317188,72,20155,8772,2665,410
1754317488,61,20008,8768,2669,411
1754317788,59,20324,8773,2669,410
1754318088,80,20224,8763,2667,409
1754318388,108,20192,8772,2668,410
1754318688,108,20666,8771,2674,410
1754318988,130,20319,8762,2686,409
1754319288,54,20574,8765,2693,411
1754319588,20,21643,8767,2695,410
1754319888,20,22417,8767,2700,411
1754320188,19,23456,8761,2707,410
1754320488,19,24160,8756,2712,409
1754320788,19,24113,8763,2713,410
1754321088,20,23062,8769,2712,410
1754321388,20,22648,8765,2710,410
1754321688,19,22565,8777,2708,410
1754321988,21,22360,8766,2705,410
1754322288,21,22277,8763,2699,410
1754322588,23,22355,8760,2690,410
1754322888,23,22300,8767,2678,410
1754323188,25,22233,8765,2669,410
1754323488,24,22290,8758,2659,410
1754323788,17,23025,8770,2649,409
1754324088,18,23598,8776,2639,410
1754324388,19,24107,8761,2628,410
1754324688,17,24836,8768,2615,411
1754324988,18,25272,8768,2601,411
1754325288,17,26114,8769,2587,410
1754325588,17,27221,8754,2576,410
1754325888,18,26296,8761,2567,410
1754326188,16,25164,8773,2556,411
1754326488,18,25209,8756,2547,410
1754326788,16,24074,8762,2537,411
1754327088,16,23762,8776,2527,411
1754327388,16,24523,8762,2518,410
1754327688,16,23142,8777,2510,411
1754327988,16,24312,8765,2502,412
1754328288,17,24476,8765,2494,410
1754328588,16,24197,8775,2485,410
1754328888,16,25047,8762,2477,411
1754329188,16,23536,8775,2468,411
1754329488,16,24256,8769,2460,413
1754329788,16,23451,8757,2453,412
1754330088,16,23307,8779,2445,411
1754330388,16,24302,8765,2438,412
1754330688,16,23649,8773,2431,412
1754330988,15,23652,8777,2423,413
1754331288,15,23401,8767,2416,411
1754331588,16,22707,8774,2409,410
1754331888,15,22531,8768,2401,410
1754332188,15,22563,8776,2396,411
1754332488,16,22453,8772,2389,411
1754332788,15,22190,8772,2382,411
1754333088,15,22344,8769,2376,410
1754333388,15,22204,8775,2369,411
1754333688,15,22462,8770,2364,411
1754333988,14,22181,8782,2358,412
1754334288,14,22375,8777,2352,411
1754334588,14,21941,8766,2347,411
1754334888,15,22044,8780,2341,412
1754335188,14,22080,8782,2336,411
1754335488,14,21905,8784,2331,410
1754335788,13,21868,8778,2327,412
1754336088,14,22175,8782,2322,411
1754336388,15,21836,8777,2317,411
1754336688,15,21947,8789,2312,411
1754336988,14,21845,8777,2308,411
1754337288,14,21858,8788,2304,410
1754337588,14,22105,8780,2300,412
1754337888,13,22071,8780,2296,411
1754338188,14,22092,8785,2292,412
1754338488,14,22244,8782,2288,410
1754338788,15,23078,8788,2285,411
1754339088,14,22164,8786,2281,412
1754339388,14,22299,8785,2278,411
1754339688,14,22419,8790,2274,411
1754339988,14,22458,8792,2272,411
1754340288,15,22717,8777,2268,411
1754340588,13,22785,8786,2265,412
1754340888,14,22876,8794,2262,411
1754341188,13,23060,8787,2259,411
1754341488,13,22863,8795,2255,411
1754341788,13,23035,8784,2252,411
1754342088,14,23019,8786,2249,412
1754342388,13,23094,8792,2246,411
1754342688,14,22935,8794,2244,411
1754342988,13,23026,8789,2241,411
1754343288,13,23015,8788,2238,411
1754343588,13,23712,8784,2235,411
1754343888,14,22979,8787,2233,411
1754344188,13,22954,8795,2230,412
1754344488,14,22905,8786,2228,411
1754344788,13,23421,8794,2225,411
1754345088,13,23132,8784,2223,411
1754345388,13,23067,8792,2220,411
1754345688,13,23132,8795,2218,411
1754345988,13,23297,8786,2216,411
1754346288,13,23181,8790,2214,411
1754346588,14,23308,8794,2212,412
1754346888,14,23290,8791,2210,411
1754347188,13,23314,8792,2208,411
1754347488,13,23335,8794,2205,411
1754347788,14,23254,8791,2203,411
1754348088,13,23445,8793,2201,412
1754348388,13,23471,8787,2199,411
1754348688,12,23441,8790,2197,412
1754348988,14,23845,8791,2196,412
1754349288,13,23487,8790,2194,411
1754349588,13,23536,8788,2192,411
1754349888,12,23488,8781,2190,412
1754350188,13,23590,8787,2189,411
1754350488,13,23625,8786,2187,412
1754350788,13,23608,8782,2185,411
1754351088,12,23953,8780,2184,411
1754351388,12,23618,8778,2182,411
1754351688,13,23560,8782,2180,411
1754351988,13,23515,8784,2179,411
