If found, please contact tlang@live.unc.edu
Firmware updated: 2023/03/14
OpenOBS SN:304

time,ambient_light,backscatter,pressure,water_temp,battery
1756339316,22,8301,8772,2161,430
1756339616,21,8266,8782,2160,421
1756339916,22,8262,8775,2159,422
1756340216,21,8272,8768,2158,421
1756340516,21,8274,8770,2156,420
1756340816,21,8262,8777,2155,421
1756341116,22,8274,8772,2154,423
1756341416,20,8293,8768,2152,420
1756341716,22,8279,8775,2151,421
1756342016,21,8383,8772,2149,421
1756342316,21,8249,8770,2148,422
1756342616,21,8233,8769,2147,422
1756342916,21,8285,8771,2145,421
1756343216,21,8327,8765,2144,421
1756343516,20,8403,8765,2142,421
1756343816,21,8403,8759,2141,421
1756344116,21,8330,8774,2140,422
1756344416,21,8321,8764,2139,422
1756344716,21,8330,8763,2138,422
1756345016,21,8326,8771,2138,421
1756345316,20,8313,8767,2137,421
1756345616,21,8372,8769,2136,421
1756345916,21,8341,8768,2136,421
1756346216,20,8436,8761,2135,422
1756346516,22,8394,8775,2135,422
1756346816,20,8399,8760,2134,422
1756347116,22,8392,8761,2133,422
1756347416,21,8448,8767,2132,421
1756347716,20,8433,8767,2131,421
1756348016,20,8562,8768,2130,421
1756348316,21,8407,8759,2129,421
1756348616,19,8571,8763,2128,401
1756348916,21,8450,8772,2127,401
1756349216,21,8432,8759,2125,402
1756349516,21,8418,8765,2124,401
1756349816,21,8412,8757,2122,400
1756350116,21,8443,8769,2121,402
1756350416,21,8531,8775,2119,401
1756350716,21,8521,8775,2118,400
1756351016,21,8606,8775,2117,402
1756351316,21,8622,8778,2116,401
1756351616,20,8696,8775,2115,401
1756351916,21,8709,8776,2114,401
1756352216,21,8684,8770,2113,401
1756352516,21,8692,8764,2112,403
1756352816,20,8795,8773,2111,401
1756353116,21,8792,8783,2110,403
1756353416,20,8793,8777,2109,402
1756353716,20,8841,8773,2108,402
1756354016,21,8927,8781,2107,401
1756354316,19,9012,8774,2106,401
1756354616,20,8987,8773,2105,402
1756354916,19,9042,8785,2104,401
1756355216,20,9135,8786,2103,401
1756355516,20,9221,8775,2102,401
1756355816,20,9302,8784,2100,401
1756356116,20,9403,8778,2099,402
1756356416,21,9390,8784,2098,401
1756356716,20,9488,8788,2097,401
1756357016,21,9446,8775,2095,402
1756357316,20,9503,8775,2094,402
1756357616,20,9369,8793,2093,401
1756357916,20,9326,8779,2091,401
1756358216,19,9427,8760,2090,401
1756358516,21,9394,8785,2089,402
1756358816,20,9284,8790,2088,402
1756359116,19,9271,8795,2088,401
1756359416,20,9156,8787,2089,402
1756359716,21,9138,8798,2088,402
1756360016,20,9085,8782,2088,402
1756360316,20,9022,8793,2088,402
1756360616,20,8970,8781,2087,402
1756360916,20,8870,8789,2087,402
1756361216,20,8865,8786,2087,401
1756361516,20,8835,8784,2087,402
1756361816,19,8767,8779,2086,402
1756362116,20,8699,8781,2085,403
1756362416,20,8697,8790,2085,402
1756362716,21,8615,8789,2084,403
1756363016,21,8618,8783,2084,403
1756363316,19,8536,8791,2083,402
1756363616,20,8519,8773,2083,402
1756363916,20,8531,8794,2083,402
1756364216,22,8377,8792,2083,402
1756364516,22,8369,8786,2084,402
1756364816,23,8383,8790,2085,402
1756365116,23,8297,8799,2086,403
1756365416,23,8351,8789,2087,403
1756365716,22,8244,8791,2089,402
1756366016,24,8214,8793,2090,402
1756366316,23,8176,8799,2091,402
1756366616,23,8096,8802,2092,402
1756366916,22,8019,8798,2092,403
1756367216,22,8028,8799,2093,403
1756367516,21,8107,8792,2095,402
1756367816,22,8026,8790,2096,402
1756368116,23,8076,8794,2096,402
1756368416,23,7955,8796,2098,402
1756368716,24,7934,8784,2099,402
1756369016,25,7923,8808,2101,402
1756369316,26,7871,8800,2103,403
1756369616,29,7809,8803,2105,403
1756369916,30,7823,8798,2108,403
1756370216,30,7741,8798,2110,403
1756370516,28,7745,8801,2113,403
1756370816,30,7734,8801,2115,403
1756371116,27,7697,8802,2117,403
1756371416,28,7663,8808,2118,403
1756371716,29,7672,8801,2120,403
1756372016,29,7651,8802,2122,403
1756372316,27,7688,8800,2125,403
1756372616,27,7681,8798,2127,403
1756372916,25,7683,8815,2129,403
1756373216,24,7662,8799,2132,403
1756373516,23,7685,8799,2133,403
1756373816,27,7642,8800,2135,403
1756374116,27,7660,8800,2138,403
1756374416,28,7675,8805,2142,402
1756374716,28,7684,8799,2146,403
1756375016,28,7662,8802,2151,403
1756375316,28,7814,8807,2157,404
1756375616,30,7670,8798,2161,404
1756375916,29,7685,8799,2167,404
1756376216,28,7679,8806,2173,404
1756376516,31,7666,8790,2180,403
1756376816,31,7646,8798,2187,403
1756377116,32,7625,8785,2194,404
1756377416,33,7581,8792,2201,402
1756377716,33,7596,8793,2209,404
1756378016,38,7548,8788,2216,404
1756378316,41,7693,8793,2224,402
1756378616,40,7525,8796,2233,404
1756378916,45,7457,8773,2242,403
1756379216,48,7448,8787,2252,404
1756379516,53,7427,8784,2262,405
1756379816,58,7438,8777,2272,404
1756380116,69,7400,8768,2282,404
1756380416,70,7383,8772,2292,404
1756380716,68,7362,8775,2302,404
1756381016,73,7348,8776,2317,404
1756381316,66,7329,8779,2332,404
1756381616,71,7316,8764,2345,404
1756381916,73,7332,8776,2352,404
1756382216,65,7329,8776,2359,404
1756382516,67,7312,8757,2370,404
1756382816,76,7285,8770,2382,404
1756383116,75,7994,8765,2395,404
1756383416,95,7277,8771,2406,403
1756383716,99,7256,8771,2416,403
1756384016,100,7241,8769,2430,403
1756384316,118,7255,8766,2446,403
1756384616,123,7227,8755,2461,404
1756384916,114,7230,8761,2483,403
1756385216,145,7221,8772,2495,403
1756385516,146,7193,8762,2497,403
1756385816,142,7199,8763,2501,402
1756386116,136,7186,8761,2507,403
1756386416,133,7203,8767,2514,405
1756386716,167,7180,8762,2525,403
1756387016,190,7199,8765,2543,402
1756387316,237,7219,8751,2557,404
1756387616,268,7212,8753,2570,402
1756387916,289,7199,8757,2585,403
1756388216,304,7222,8757,2590,403
1756388516,322,7205,8752,2596,404
1756388816,362,7191,8755,2601,403
1756389116,337,7192,8757,2612,403
1756389416,320,7224,8748,2623,403
1756389716,314,7252,8749,2639,403
1756390016,211,7667,8752,2657,403
1756390316,251,7289,8751,2664,403
1756390616,224,7266,8741,2668,405
1756390916,235,7292,8741,2663,403
1756391216,241,7306,8745,2653,403
1756391516,250,7283,8747,2646,402
1756391816,246,7299,8754,2642,402
1756392116,254,7288,8748,2642,403
1756392416,335,7309,8745,2643,403
1756392716,389,7304,8743,2645,404
1756393016,556,7320,8739,2648,403
1756393316,368,7335,8748,2648,404
1756393616,404,7328,8750,2648,404
1756393916,485,7333,8746,2649,404
1756394216,489,7312,8740,2654,404
1756394516,595,7326,8745,2663,403
1756394816,591,7350,8741,2670,404
1756395116,633,7349,8739,2677,404
1756395416,730,7357,8741,2681,404
1756395716,756,7365,8737,2684,404
1756396016,1384,7412,8745,2685,404
1756396316,860,7431,8740,2685,403
1756396616,809,7439,8745,2684,404
1756396916,806,7424,8736,2683,403
1756397216,1538,7435,8734,2680,403
1756397516,1848,7430,8747,2677,403
1756397816,1236,7450,8742,2675,405
1756398116,814,7486,8742,2671,403
1756398416,723,7475,8739,2670,403
1756398716,713,7491,8737,2665,403
1756399016,787,7510,8734,2655,403
1756399316,665,7516,8734,2644,404
1756399616,596,7517,8737,2634,404
1756399916,650,7547,8734,2623,403
1756400216,572,7561,8737,2614,403
1756400516,441,7584,8740,2603,403
1756400816,423,7543,8737,2593,405
1756401116,368,7578,8741,2585,405
1756401416,393,7573,8737,2576,404
1756401716,416,7560,8734,2568,405
1756402016,331,7592,8741,2559,405
1756402316,152,7669,8740,2551,405
1756402616,83,7802,8742,2544,404
1756402916,55,7862,8734,2537,405
1756403216,51,7874,8737,2530,404
1756403516,57,7820,8737,2522,404
1756403816,63,7773,8739,2513,404
1756404116,55,7753,8743,2507,404
1756404416,53,7764,8740,2500,405
1756404716,45,7763,8744,2493,404
1756405016,38,7746,8740,2485,405
1756405316,33,7716,8741,2478,404
1756405616,29,7700,8750,2470,404
1756405916,27,7983,8751,2463,405
1756406216,28,7748,8747,2456,405
1756406516,27,7725,8755,2449,405
1756406816,28,7757,8748,2443,406
1756407116,26,7727,8756,2437,406
1756407416,26,7730,8749,2430,405
1756407716,26,7755,8750,2424,406
1756408016,26,7776,8742,2418,406
1756408316,26,7767,8753,2410,405
1756408616,26,7772,8751,2403,405
1756408916,26,7765,8756,2396,405
1756409216,27,7793,8760,2389,405
1756409516,25,7806,8749,2382,405
1756409816,26,7810,8748,2376,405
1756410116,26,7794,8755,2369,404
1756410416,25,7810,8759,2363,406
1756410716,25,7806,8758,2356,405
1756411016,25,7784,8763,2350,405
1756411316,25,7809,8755,2342,406
1756411616,24,7819,8759,2337,405
1756411916,24,7836,8759,2331,406
1756412216,24,7838,8760,2325,404
1756412516,25,7834,8761,2320,405
1756412816,24,7850,8765,2314,404
1756413116,25,7869,8762,2309,407
1756413416,25,7926,8759,2303,405
1756413716,24,7885,8759,2298,405
1756414016,24,7922,8766,2293,405
1756414316,23,7943,8753,2289,405
1756414616,24,7955,8768,2284,405
1756414916,23,7961,8763,2280,406
1756415216,24,7953,8763,2275,405
1756415516,23,7956,8774,2271,405
1756415816,24,7969,8768,2267,406
1756416116,24,7959,8764,2263,405
1756416416,23,7982,8766,2259,405
1756416716,24,7955,8765,2254,405
1756417016,22,7939,8768,2249,405
1756417316,23,7974,8766,2245,405
1756417616,23,7986,8768,2242,405
1756417916,23,7952,8770,2238,406
1756418216,23,7965,8764,2235,407
1756418516,23,7985,8759,2231,406
1756418816,23,7983,8767,2226,405
1756419116,22,7990,8768,2223,405
1756419416,23,8008,8760,2219,405
1756419716,22,8004,8762,2215,406
1756420016,23,8006,8758,2212,405
1756420316,22,8004,8766,2209,404
1756420616,22,7996,8757,2205,404
1756420916,24,7993,8768,2202,404
1756421216,22,8003,8766,2199,406
1756421516,22,8010,8773,2196,405
1756421816,24,7991,8760,2192,405
1756422116,22,8033,8765,2189,405
1756422416,23,8012,8770,2186,405
1756422716,22,8047,8755,2184,405
1756423016,23,8047,8763,2181,405
1756423316,23,7986,8764,2178,407
1756423616,22,7968,8763,2176,405
1756423916,22,7984,8762,2173,406
1756424216,21,8002,8769,2171,405
1756424516,22,7998,8762,2169,405
1756424816,23,8005,8762,2167,405
1756425116,21,8014,8770,2165,405
1756425416,22,8001,8765,2163,405
