If found, please contact tlang@live.unc.edu
Firmware updated: 2023/03/14
OpenOBS SN:304

time,ambient_light,backscatter,pressure,water_temp,battery
1755648116,18,10234,8761,2202,426
1755648416,18,10214,8760,2200,417
1755648716,18,10400,8760,2198,417
1755649016,19,10277,8764,2196,416
1755649316,19,10549,8760,2194,417
1755649616,19,10536,8765,2192,417
1755649916,19,10515,8764,2190,416
1755650216,19,10325,8758,2189,417
1755650516,18,10443,8760,2187,417
1755650816,19,10377,8758,2186,417
1755651116,18,10380,8750,2184,417
1755651416,18,10425,8755,2183,417
1755651716,19,10565,8756,2181,416
1755652016,18,10462,8752,2178,416
1755652316,17,10606,8751,2176,416
1755652616,17,10699,8754,2175,416
1755652916,18,10544,8757,2172,417
1755653216,18,10608,8750,2171,417
1755653516,18,10872,8755,2169,418
1755653816,19,10688,8753,2167,417
1755654116,18,10710,8757,2165,416
1755654416,18,10739,8753,2163,416
1755654716,19,10726,8756,2161,416
1755655016,18,10719,8753,2158,416
1755655316,19,10950,8748,2156,417
1755655616,18,10919,8756,2155,417
1755655916,18,10883,8745,2153,417
1755656216,17,10946,8743,2152,417
1755656516,17,10933,8752,2151,417
1755656816,18,10966,8752,2150,417
1755657116,18,10943,8756,2148,417
1755657416,19,11040,8756,2147,417
1755657716,18,11051,8750,2146,417
1755658016,17,10953,8753,2144,417
1755658316,17,11151,8750,2144,417
1755658616,18,11059,8739,2143,417
1755658916,18,11144,8750,2143,417
1755659216,17,11201,8748,2143,417
1755659516,17,11240,8744,2142,417
1755659816,17,11310,8742,2141,417
1755660116,17,11303,8748,2140,417
1755660416,17,11327,8753,2139,417
1755660716,17,11249,8749,2137,417
1755661016,16,11342,8746,2135,417
1755661316,16,11463,8748,2133,417
1755661616,17,11390,8739,2131,417
1755661916,17,11555,8740,2129,417
1755662216,17,11394,8743,2127,419
1755662516,17,11553,8739,2125,417
1755662816,18,11639,8743,2123,417
1755663116,17,11591,8737,2121,417
1755663416,18,11545,8738,2120,419
1755663716,18,11750,8749,2117,417
1755664016,17,11583,8746,2115,416
1755664316,16,11685,8744,2113,416
1755664616,17,11657,8745,2112,417
1755664916,17,11675,8749,2110,416
1755665216,18,11665,8744,2109,417
1755665516,17,11747,8742,2107,416
1755665816,18,11635,8747,2106,417
1755666116,17,11681,8746,2105,418
1755666416,17,11680,8737,2103,417
1755666716,16,11915,8745,2102,417
1755667016,17,11862,8742,2101,417
1755667316,17,11903,8738,2099,417
1755667616,17,11949,8748,2098,417
1755667916,19,11999,8743,2097,418
1755668216,22,11965,8738,2095,417
1755668516,25,11948,8739,2094,417
1755668816,32,12112,8735,2093,417
1755669116,48,11783,8742,2092,417
1755669416,56,11810,8740,2091,416
1755669716,71,11802,8740,2090,416
1755670016,108,11718,8738,2090,416
1755670316,122,11775,8738,2090,418
1755670616,146,11864,8740,2091,418
1755670916,170,11941,8742,2091,418
1755671216,234,11839,8740,2092,418
1755671516,271,11906,8746,2093,418
1755671816,267,12101,8748,2095,418
1755672116,305,12058,8744,2097,418
1755672416,338,11957,8746,2098,418
1755672716,341,12094,8743,2100,418
1755673016,402,12051,8746,2103,418
1755673316,361,12194,8749,2105,418
1755673616,417,12178,8749,2108,418
1755673916,422,12229,8748,2111,418
1755674216,400,12207,8747,2115,419
1755674516,302,12476,8746,2117,419
1755674816,348,12385,8745,2121,418
1755675116,391,12430,8743,2125,416
1755675416,410,12409,8746,2130,419
1755675716,423,12424,8755,2133,419
1755676016,426,12475,8760,2138,416
1755676316,461,12727,8748,2141,418
1755676616,450,12697,8756,2144,419
1755676916,495,12691,8748,2148,418
1755677216,537,12698,8750,2151,418
1755677516,475,12921,8754,2155,417
1755677816,643,12878,8754,2161,418
1755678116,638,13059,8755,2166,417
1755678416,677,12894,8757,2173,417
1755678716,619,13013,8752,2179,418
1755679016,668,13012,8754,2187,417
1755679316,582,13303,8756,2195,417
1755679616,697,13270,8752,2202,418
1755679916,727,13127,8752,2210,418
1755680216,879,13032,8753,2221,419
1755680516,990,13010,8759,2233,419
1755680816,1102,13141,8754,2246,419
1755681116,1066,13267,8757,2260,419
1755681416,869,13222,8750,2273,418
1755681716,981,13367,8755,2287,418
1755682016,981,13290,8753,2299,419
1755682316,950,13337,8756,2310,419
1755682616,987,13470,8749,2320,419
1755682916,685,13631,8756,2334,418
1755683216,874,13723,8753,2344,418
1755683516,973,13626,8747,2353,419
1755683816,1224,13796,8757,2358,419
1755684116,1490,13761,8748,2364,418
1755684416,1211,14049,8753,2371,418
1755684716,1314,13845,8754,2377,418
1755685016,1472,13759,8752,2383,418
1755685316,1366,13995,8754,2389,419
1755685616,1612,13758,8748,2396,419
1755685916,1217,14424,8753,2406,418
1755686216,1300,14016,8750,2417,419
1755686516,1681,13905,8745,2429,420
1755686816,1803,13902,8748,2439,419
1755687116,1597,13886,8755,2452,418
1755687416,1440,14064,8745,2464,419
1755687716,1476,13935,8748,2470,419
1755688016,1762,14088,8749,2472,420
1755688316,1773,14286,8749,2481,419
1755688616,1380,14424,8744,2492,419
1755688916,558,14461,8741,2508,419
1755689216,613,14302,8744,2535,419
1755689516,1140,14344,8743,2556,419
1755689816,810,14491,8747,2573,421
1755690116,1068,12612,8745,2591,420
1755690416,1411,11768,8744,2610,419
1755690716,1440,7419,8740,2630,419
1755691016,1009,7110,8735,2635,420
1755691316,1060,6736,8743,2630,419
1755691616,869,7933,8741,2615,420
1755691916,967,7028,8739,2598,420
1755692216,1032,7057,8741,2581,419
1755692516,850,7092,8742,2568,419
1755692816,802,7065,8733,2560,420
1755693116,876,6912,8741,2555,419
1755693416,778,6977,8742,2551,420
1755693716,554,6830,8750,2545,419
1755694016,361,6953,8750,2537,420
1755694316,269,7120,8749,2526,420
1755694616,299,7175,8749,2515,420
1755694916,284,7185,8753,2506,419
1755695216,221,7243,8747,2499,419
1755695516,138,7278,8752,2494,419
1755695816,190,7415,8749,2492,419
1755696116,183,7434,8756,2492,420
1755696416,142,7466,8759,2494,420
1755696716,110,7609,8756,2497,420
1755697016,83,7771,8754,2500,419
1755697316,50,7976,8760,2504,419
1755697616,30,8357,8751,2508,419
1755697916,25,8559,8753,2516,419
1755698216,26,8495,8747,2526,420
1755698516,33,8332,8750,2538,420
1755698816,64,8211,8740,2547,420
1755699116,90,8191,8743,2557,420
1755699416,152,8058,8750,2564,420
1755699716,179,8016,8743,2564,420
1755700016,389,7811,8744,2565,420
1755700316,619,7846,8742,2573,420
1755700616,526,7930,8745,2588,420
1755700916,410,7892,8740,2601,420
1755701216,488,7971,8740,2612,420
1755701516,479,8111,8738,2625,420
1755701816,669,8121,8732,2639,420
1755702116,668,8172,8736,2656,420
1755702416,786,8190,8729,2667,420
1755702716,996,8198,8730,2675,421
1755703016,1138,8210,8720,2683,420
1755703316,1223,8245,8730,2692,419
1755703616,1075,8418,8730,2704,420
1755703916,251,7776,8730,2713,419
1755704216,695,7500,8728,2712,422
1755704516,1179,7515,8721,2714,422
1755704816,1178,8106,8723,2720,422
1755705116,1259,7220,8725,2723,421
1755705416,600,7178,8722,2727,422
1755705716,517,7117,8724,2720,422
1755706016,531,7037,8725,2716,419
1755706316,490,7228,8728,2718,419
1755706616,440,7146,8728,2717,421
1755706916,432,7157,8730,2714,419
1755707216,345,7325,8728,2712,419
1755707516,543,7297,8726,2710,421
1755707816,367,7289,8729,2703,421
1755708116,354,7329,8732,2693,421
1755708416,181,7439,8731,2683,420
1755708716,169,7420,8724,2675,421
1755709016,129,7634,8728,2666,421
1755709316,128,7514,8733,2656,419
1755709616,126,7665,8729,2644,419
1755709916,122,7809,8729,2631,421
1755710216,141,7788,8728,2616,421
1755710516,146,7914,8730,2601,419
1755710816,139,7931,8734,2587,422
1755711116,161,7889,8733,2572,419
1755711416,292,8068,8728,2559,422
1755711716,452,7918,8729,2547,421
1755712016,330,6497,8727,2534,421
1755712316,231,6425,8732,2522,421
1755712616,195,6611,8728,2511,421
1755712916,161,6568,8731,2501,421
1755713216,122,6807,8732,2491,419
1755713516,102,6627,8729,2481,421
1755713816,95,7101,8730,2473,421
1755714116,75,6764,8728,2464,421
1755714416,48,6761,8723,2454,420
1755714716,38,6799,8729,2443,421
1755715016,28,7536,8729,2433,421
1755715316,27,7060,8727,2423,420
1755715616,24,7462,8721,2413,421
1755715916,24,7007,8736,2404,421
1755716216,22,7154,8723,2394,421
1755716516,22,7328,8730,2385,421
1755716816,21,7126,8724,2377,420
1755717116,22,7157,8737,2368,421
1755717416,22,7204,8735,2360,421
1755717716,21,7436,8736,2352,420
1755718016,21,7430,8735,2344,420
1755718316,21,7780,8742,2337,420
1755718616,22,7460,8735,2331,420
1755718916,21,7837,8744,2325,420
1755719216,21,7616,8742,2319,420
1755719516,21,7609,8743,2313,420
1755719816,22,7710,8745,2307,421
1755720116,20,7778,8741,2301,422
1755720416,21,7889,8737,2295,420
1755720716,20,7844,8737,2289,421
1755721016,19,8191,8737,2284,420
1755721316,20,8017,8740,2279,420
1755721616,19,8703,8742,2274,419
1755721916,21,8024,8748,2270,420
1755722216,21,8312,8749,2266,420
1755722516,21,8453,8752,2261,421
1755722816,20,8135,8752,2257,420
1755723116,20,9112,8747,2254,420
1755723416,20,8079,8749,2249,421
1755723716,20,8271,8749,2245,420
1755724016,19,8268,8756,2241,420
1755724316,19,8985,8757,2237,420
1755724616,19,8235,8753,2232,420
1755724916,19,8305,8756,2228,420
1755725216,20,8750,8753,2224,420
1755725516,18,8374,8753,2220,420
1755725816,19,8361,8756,2216,420
1755726116,18,8394,8760,2212,420
1755726416,20,8802,8754,2208,420
1755726716,18,8852,8751,2204,420
1755727016,19,8545,8753,2200,420
1755727316,18,8627,8757,2196,420
1755727616,19,8720,8754,2193,420
1755727916,19,8768,8753,2189,421
1755728216,18,8999,8757,2185,420
1755728516,19,8786,8754,2181,420
1755728816,19,9049,8752,2178,420
1755729116,19,9389,8761,2175,420
1755729416,19,9179,8756,2171,420
1755729716,19,9042,8754,2168,420
1755730016,19,9227,8759,2166,420
1755730316,19,9304,8750,2162,420
1755730616,18,9523,8752,2159,420
1755730916,19,9453,8754,2155,420
1755731216,18,9398,8754,2151,420
1755731516,18,9251,8754,2148,420
1755731816,18,9292,8760,2145,420
1755732116,19,9425,8760,2141,420
1755732416,18,9444,8762,2138,420
1755732716,18,9606,8756,2136,420
1755733016,18,9565,8759,2134,420
1755733316,18,9861,8760,2132,419
1755733616,17,10194,8753,2131,420
1755733916,17,9636,8756,2130,419
1755734216,18,9964,8757,2128,420
