If found, please contact tlang@live.unc.edu
Firmware updated: 2023/03/14
OpenOBS SN:304

time,ambient_light,backscatter,pressure,water_temp,battery
1752969794,11,8909,8665,2303,417
1752970094,10,8937,8670,2301,405
1752970394,9,8956,8663,2299,405
1752970694,10,9014,8667,2297,405
1752970994,10,8988,8673,2295,405
1752971294,11,8989,8672,2292,405
1752971594,10,9098,8672,2290,405
1752971894,10,9110,8672,2288,405
1752972194,10,9135,8669,2286,405
1752972494,10,9076,8666,2284,405
1752972794,10,9112,8671,2281,406
1752973094,10,9147,8670,2279,405
1752973394,10,9188,8670,2277,406
1752973694,9,9170,8669,2275,405
1752973994,10,9160,8668,2273,405
1752974294,10,9189,8670,2271,405
1752974594,9,9192,8670,2269,405
1752974894,10,9227,8669,2267,406
1752975194,9,9262,8674,2265,406
1752975494,10,9245,8665,2263,406
1752975794,10,9274,8669,2261,406
1752976094,10,9293,8674,2259,405
1752976394,10,9328,8669,2257,406
1752976694,11,9334,8676,2256,405
1752976994,10,9309,8674,2254,406
1752977294,10,9375,8672,2252,406
1752977594,10,9405,8672,2250,405
1752977894,10,9445,8671,2248,406
1752978194,10,9475,8675,2246,406
1752978494,10,9421,8675,2244,404
1752978794,10,9454,8673,2242,407
1752979094,9,9474,8669,2240,406
1752979394,9,9460,8678,2238,406
1752979694,9,9496,8674,2236,407
1752979994,9,9518,8671,2235,405
1752980294,10,9526,8675,2233,404
1752980594,9,9557,8676,2232,405
1752980894,9,9544,8676,2230,407
1752981194,9,9561,8679,2228,405
1752981494,9,9527,8676,2227,407
1752981794,9,9466,8677,2225,405
1752982094,11,9430,8675,2224,405
1752982394,10,9516,8679,2222,405
1752982694,9,9531,8678,2221,405
1752982994,9,9542,8675,2219,405
1752983294,10,9554,8677,2218,405
1752983594,10,9611,8682,2216,405
1752983894,10,9580,8677,2214,405
1752984194,9,9608,8681,2213,399
1752984494,9,9619,8679,2212,398
1752984794,9,9607,8682,2210,398
1752985094,9,9630,8677,2209,398
1752985394,9,9646,8681,2207,398
1752985694,9,9751,8680,2206,398
1752985994,9,9740,8684,2204,399
1752986294,10,9814,8683,2203,397
1752986594,9,9792,8680,2201,398
1752986894,10,9807,8684,2199,398
1752987194,9,9847,8686,2197,397
1752987494,10,9821,8683,2195,398
1752987794,9,9841,8688,2194,399
1752988094,9,9867,8686,2192,398
1752988394,8,9837,8691,2190,399
1752988694,10,9824,8688,2189,399
1752988994,13,9792,8685,2187,398
1752989294,14,9847,8695,2186,398
1752989594,15,9795,8689,2184,398
1752989894,17,9827,8688,2183,399
1752990194,18,9825,8694,2181,399
1752990494,18,9834,8698,2180,399
1752990794,18,9803,8694,2178,399
1752991094,19,9888,8697,2177,399
1752991394,20,9853,8698,2175,398
1752991694,21,9831,8700,2174,399
1752991994,20,9930,8699,2172,398
1752992294,20,9892,8695,2170,400
1752992594,18,9922,8699,2168,398
1752992894,22,9900,8698,2167,397
1752993194,18,9953,8703,2165,399
1752993494,17,10108,8704,2164,399
1752993794,18,10044,8698,2163,398
1752994094,18,10079,8704,2162,400
1752994394,19,10187,8704,2161,397
1752994694,24,10195,8697,2160,399
1752994994,29,10204,8697,2159,397
1752995294,34,10300,8700,2159,398
1752995594,37,10256,8704,2158,399
1752995894,39,10296,8706,2159,399
1752996194,40,10357,8698,2159,399
1752996494,42,10374,8705,2159,399
1752996794,39,10422,8700,2160,399
1752997094,37,10418,8708,2160,398
1752997394,33,10530,8706,2160,399
1752997694,33,10574,8706,2160,399
1752997994,35,10597,8705,2160,399
1752998294,42,10632,8702,2160,399
1752998594,54,10648,8706,2161,399
1752998894,65,10647,8702,2163,399
1752999194,65,10754,8707,2165,398
1752999494,71,10718,8702,2167,399
1752999794,84,10780,8698,2169,399
1753000094,104,10759,8702,2171,399
1753000394,122,10908,8703,2174,400
1753000694,120,10914,8702,2178,399
1753000994,130,10985,8700,2181,398
1753001294,136,11011,8703,2185,400
1753001594,137,11052,8698,2188,399
1753001894,140,11010,8706,2191,399
1753002194,150,11082,8702,2194,399
1753002494,158,11175,8700,2197,399
1753002794,181,11181,8698,2200,399
1753003094,192,11257,8701,2204,399
1753003394,201,11278,8697,2208,400
1753003694,225,11320,8696,2213,400
1753003994,234,11300,8700,2217,398
1753004294,236,11346,8702,2221,398
1753004594,274,11365,8700,2225,399
1753004894,333,11398,8705,2229,400
1753005194,384,11387,8701,2234,399
1753005494,568,11539,8706,2240,399
1753005794,759,11526,8698,2250,399
1753006094,765,11616,8703,2260,399
1753006394,705,11658,8699,2269,400
1753006694,589,11738,8699,2275,398
1753006994,639,11782,8696,2281,399
1753007294,692,11773,8697,2286,400
1753007594,695,11881,8699,2291,399
1753007894,722,11979,8695,2296,399
1753008194,669,12051,8696,2301,399
1753008494,635,12104,8697,2305,399
1753008794,675,12129,8693,2310,398
1753009094,693,12193,8700,2315,398
1753009394,763,12313,8692,2320,398
1753009694,778,12314,8695,2326,399
1753009994,895,12494,8695,2331,400
1753010294,1017,12500,8693,2337,399
1753010594,1074,12539,8695,2343,400
1753010894,1177,12663,8694,2350,398
1753011194,1493,12793,8692,2357,399
1753011494,1439,12856,8694,2364,398
1753011794,1354,12884,8693,2370,398
1753012094,1334,12989,8693,2375,399
1753012394,1327,13043,8686,2380,399
1753012694,1510,12987,8692,2386,400
1753012994,1694,13157,8685,2392,400
1753013294,1724,13296,8684,2398,400
1753013594,1750,13289,8690,2404,399
1753013894,1807,13414,8684,2411,400
1753014194,1980,13478,8682,2418,399
1753014494,2294,13537,8687,2427,399
1753014794,2278,13723,8680,2437,399
1753015094,1559,13812,8679,2448,399
1753015394,1264,13939,8682,2458,399
1753015694,1151,14039,8677,2466,400
1753015994,1069,14052,8683,2473,399
1753016294,1030,14149,8682,2478,399
1753016594,867,14245,8675,2483,398
1753016894,936,14429,8683,2486,399
1753017194,1010,14477,8680,2490,399
1753017494,759,14582,8680,2494,398
1753017794,548,14848,8678,2498,400
1753018094,409,15021,8676,2503,398
1753018394,304,15325,8673,2508,400
1753018694,235,15640,8672,2514,400
1753018994,213,15780,8675,2522,398
1753019294,273,15824,8675,2528,400
1753019594,414,15777,8673,2534,399
1753019894,543,15891,8672,2540,398
1753020194,785,15839,8674,2546,399
1753020494,1115,15794,8670,2551,398
1753020794,1347,15853,8672,2556,399
1753021094,1455,15814,8668,2561,399
1753021394,1397,15912,8668,2565,399
1753021694,1457,15817,8669,2567,399
1753021994,1668,15809,8668,2569,399
1753022294,1718,15827,8666,2571,399
1753022594,2067,15923,8664,2574,398
1753022894,2147,16010,8663,2576,398
1753023194,2208,16061,8664,2580,398
1753023494,1948,16186,8663,2584,399
1753023794,1715,16183,8662,2587,399
1753024094,1564,16202,8663,2590,399
1753024394,1131,16442,8660,2594,399
1753024694,769,16397,8665,2597,399
1753024994,496,16690,8663,2599,399
1753025294,391,16737,8659,2601,399
1753025594,421,16827,8661,2601,399
1753025894,484,16898,8660,2602,399
1753026194,521,16942,8659,2603,399
1753026494,492,17273,8660,2605,400
1753026794,381,17452,8661,2606,400
1753027094,474,17399,8659,2606,400
1753027394,826,17418,8658,2604,399
1753027694,767,17344,8658,2604,399
1753027994,1455,17556,8658,2602,399
1753028294,1411,17329,8660,2601,399
1753028594,1142,17320,8660,2600,399
1753028894,1459,17312,8659,2595,400
1753029194,1677,17472,8656,2593,399
1753029494,1991,17315,8657,2591,401
1753029794,1966,17430,8656,2589,399
1753030094,1846,17496,8658,2585,399
1753030394,1766,17644,8654,2581,401
1753030694,1555,17635,8659,2576,399
1753030994,1449,17670,8660,2572,399
1753031294,1376,17779,8657,2568,400
1753031594,1093,17787,8662,2564,401
1753031894,875,17841,8661,2559,399
1753032194,849,17788,8656,2554,399
1753032494,696,17901,8660,2549,399
1753032794,654,18054,8659,2543,400
1753033094,653,17955,8660,2537,400
1753033394,598,18116,8658,2532,400
1753033694,577,18208,8658,2526,400
1753033994,566,18390,8658,2519,401
1753034294,467,18289,8659,2513,401
1753034594,426,18240,8655,2508,400
1753034894,355,18356,8652,2503,401
1753035194,344,18380,8660,2497,401
1753035494,327,18414,8659,2491,401
1753035794,280,18613,8664,2485,400
1753036094,227,18464,8661,2479,401
1753036394,170,18604,8658,2473,401
1753036694,133,18701,8659,2467,401
1753036994,93,18620,8657,2460,401
1753037294,62,18814,8662,2455,402
1753037594,38,18582,8661,2449,400
1753037894,24,18919,8660,2443,403
1753038194,18,18817,8662,2437,403
1753038494,14,18966,8667,2431,403
1753038794,13,18987,8668,2426,401
1753039094,11,19055,8669,2421,403
1753039394,11,18994,8662,2416,400
1753039694,10,19221,8667,2411,401
1753039994,11,19101,8666,2406,400
1753040294,11,19367,8665,2401,400
1753040594,11,19404,8668,2396,402
1753040894,11,19508,8667,2391,403
1753041194,11,19556,8669,2387,402
1753041494,10,19783,8665,2383,403
1753041794,11,19997,8673,2379,400
1753042094,11,19974,8672,2375,402
1753042394,11,20232,8673,2370,402
1753042694,10,20262,8671,2366,402
1753042994,10,20368,8673,2362,402
1753043294,11,20503,8680,2358,402
1753043594,10,20489,8675,2354,401
1753043894,11,20767,8677,2350,403
1753044194,10,20680,8676,2347,401
1753044494,10,20714,8674,2343,402
1753044794,10,20815,8677,2339,401
1753045094,10,20900,8681,2335,401
1753045394,11,20865,8678,2332,402
1753045694,10,21104,8678,2329,403
1753045994,10,21035,8681,2325,403
1753046294,12,21066,8683,2322,403
1753046594,10,21209,8682,2318,401
1753046894,11,21137,8683,2315,402
1753047194,10,21343,8680,2312,403
1753047494,10,21257,8680,2308,403
1753047794,11,21428,8680,2305,401
1753048094,10,21312,8685,2302,402
1753048394,11,21505,8684,2299,402
1753048694,11,21485,8683,2296,402
1753048994,9,21681,8681,2293,402
1753049294,9,21604,8681,2290,402
1753049594,10,21438,8680,2287,402
1753049894,10,21783,8682,2284,402
1753050194,11,21896,8682,2281,402
1753050494,10,21884,8682,2278,402
1753050794,10,21973,8675,2276,402
1753051094,9,21950,8678,2273,402
1753051394,10,21783,8679,2270,401
1753051694,9,21995,8680,2268,401
1753051994,10,22165,8681,2265,402
1753052294,9,22170,8682,2262,401
1753052594,10,22099,8677,2260,402
1753052894,9,22148,8685,2258,401
1753053194,10,22218,8682,2255,401
1753053494,10,22018,8682,2253,402
1753053794,9,22301,8681,2251,401
1753054094,11,22311,8682,2248,402
1753054394,9,22158,8683,2246,401
1753054694,9,22381,8682,2244,402
1753054994,10,22416,8680,2242,403
1753055294,9,22396,8683,2239,401
1753055594,10,22467,8679,2237,401
1753055894,9,22520,8681,2235,402
