If found, please contact tlang@live.unc.edu
Firmware updated: 2023/03/14
OpenOBS SN:304

time,ambient_light,backscatter,pressure,water_temp,battery
1751932811,10,7632,8647,2343,416
1751933111,10,7824,8647,2340,404
1751933411,11,7969,8646,2337,403
1751933711,9,7679,8646,2334,404
1751934011,9,7794,8642,2331,404
1751934311,11,7955,8645,2328,404
1751934611,8,8021,8646,2324,403
1751934911,9,8047,8645,2321,404
1751935211,9,8209,8643,2317,403
1751935511,10,8269,8642,2314,404
1751935811,10,8354,8640,2310,403
1751936111,9,8514,8643,2306,404
1751936411,8,8596,8638,2303,403
1751936711,8,8689,8641,2299,404
1751937011,10,8702,8642,2296,404
1751937311,9,8669,8641,2293,403
1751937611,10,8719,8643,2290,405
1751937911,9,8795,8643,2286,404
1751938211,8,8773,8642,2283,404
1751938511,10,8820,8639,2279,404
1751938811,10,8831,8639,2276,404
1751939111,10,8836,8639,2272,404
1751939411,9,8811,8637,2269,405
1751939711,8,8916,8637,2265,404
1751940011,9,8992,8641,2262,405
1751940311,9,9122,8640,2259,405
1751940611,9,9391,8639,2256,404
1751940911,11,9672,8637,2253,404
1751941211,8,9824,8637,2250,404
1751941511,10,9890,8636,2247,404
1751941811,10,9836,8636,2244,403
1751942111,9,9780,8637,2241,404
1751942411,8,9662,8635,2239,405
1751942711,10,9589,8635,2237,403
1751943011,9,9623,8636,2235,405
1751943311,9,9663,8632,2233,403
1751943611,8,9660,8630,2232,404
1751943911,8,9763,8634,2231,403
1751944211,7,9888,8631,2230,404
1751944511,9,9905,8631,2229,404
1751944811,8,9906,8633,2228,404
1751945111,9,9903,8630,2227,406
1751945411,7,9917,8632,2225,404
1751945711,8,9986,8631,2224,404
1751946011,8,10035,8630,2223,404
1751946311,8,9898,8630,2221,404
1751946611,7,9934,8626,2221,405
1751946911,9,9948,8627,2220,405
1751947211,8,9972,8627,2219,405
1751947511,9,9985,8627,2218,404
1751947811,8,10000,8628,2216,405
1751948111,8,10047,8628,2216,405
1751948411,9,10101,8628,2214,405
1751948711,8,10133,8626,2213,405
1751949011,10,10157,8626,2212,405
1751949311,9,10134,8626,2211,406
1751949611,10,10150,8624,2210,405
1751949911,9,10181,8624,2208,405
1751950211,10,10217,8625,2207,405
1751950511,11,10259,8624,2206,404
1751950811,12,10297,8623,2204,404
1751951111,18,10298,8622,2202,406
1751951411,31,10323,8625,2201,406
1751951711,59,10337,8627,2199,405
1751952011,95,10320,8628,2197,405
1751952311,143,10328,8624,2195,405
1751952611,209,10369,8627,2193,405
1751952911,302,10411,8628,2191,405
1751953211,385,10397,8626,2189,405
1751953511,464,10440,8629,2187,404
1751953811,527,10491,8629,2185,406
1751954111,606,10528,8630,2183,405
1751954411,970,10550,8629,2182,404
1751954711,1037,10579,8628,2181,404
1751955011,1214,10631,8631,2180,405
1751955311,1294,10652,8633,2179,406
1751955611,1621,10674,8631,2179,405
1751955911,2106,10748,8633,2179,406
1751956211,1656,10795,8634,2179,405
1751956511,1800,10894,8634,2179,405
1751956811,2139,10950,8633,2180,406
1751957111,2571,11007,8633,2182,405
1751957411,1879,11092,8634,2183,405
1751957711,2959,11130,8635,2185,405
1751958011,3970,11219,8637,2188,405
1751958311,2608,11297,8636,2191,405
1751958611,5835,11360,8638,2195,405
1751958911,3711,11461,8640,2199,405
1751959211,3217,11544,8640,2204,405
1751959511,7392,11619,8640,2209,405
1751959811,2336,11793,8641,2216,405
1751960111,2079,11846,8640,2219,405
1751960411,3612,11999,8642,2222,407
1751960711,7289,12130,8642,2231,406
1751961011,1881,12260,8641,2238,406
1751961311,6607,12328,8642,2240,406
1751961611,5197,12410,8642,2243,406
1751961911,4052,12434,8644,2251,406
1751962211,5850,12526,8645,2261,406
1751962511,5833,12605,8642,2276,406
1751962811,6498,12721,8642,2293,406
1751963111,3343,12861,8644,2307,406
1751963411,3879,13085,8642,2317,406
1751963711,5130,13094,8642,2323,406
1751964011,4434,13240,8642,2331,406
1751964311,4976,13333,8643,2337,406
1751964611,5742,13440,8643,2344,406
1751964911,5777,13514,8645,2352,406
1751965211,5645,13698,8643,2362,405
1751965511,5002,13667,8643,2372,405
1751965811,4720,13816,8642,2382,406
1751966111,2934,13994,8639,2392,406
1751966411,4501,13984,8638,2398,407
1751966711,3429,14392,8638,2404,407
1751967011,3704,14532,8637,2409,406
1751967311,3569,14762,8638,2416,406
1751967611,3613,14973,8637,2425,407
1751967911,2675,15150,8640,2436,405
1751968211,2347,15295,8642,2443,406
1751968511,3305,15408,8638,2450,406
1751968811,4255,15576,8639,2457,407
1751969111,4037,15661,8637,2468,407
1751969411,2708,15972,8636,2478,406
1751969711,1652,16363,8639,2493,406
1751970011,1059,16648,8638,2505,406
1751970311,1240,16676,8636,2516,405
1751970611,908,17113,8635,2533,405
1751970911,432,17655,8634,2553,406
1751971211,528,17899,8632,2567,406
1751971511,1050,17881,8634,2579,405
1751971811,1773,17832,8630,2582,405
1751972111,1256,18080,8628,2587,405
1751972411,549,18594,8629,2589,405
1751972711,173,19052,8629,2591,405
1751973011,114,19521,8626,2593,406
1751973311,178,19707,8628,2595,405
1751973611,274,19705,8625,2598,405
1751973911,373,19806,8625,2601,406
1751974211,501,19946,8624,2606,405
1751974511,641,20072,8623,2610,405
1751974811,862,20204,8622,2614,406
1751975111,994,20365,8624,2618,406
1751975411,1232,20661,8622,2621,406
1751975711,1399,20827,8621,2624,406
1751976011,1322,20815,8621,2629,406
1751976311,1500,21039,8618,2633,406
1751976611,2159,21256,8619,2637,406
1751976911,2496,21419,8618,2644,406
1751977211,2529,21622,8615,2654,406
1751977511,2653,21708,8618,2664,406
1751977811,2450,21861,8618,2671,406
1751978111,2582,21946,8616,2677,406
1751978411,3306,21965,8615,2681,407
1751978711,3535,22232,8613,2688,407
1751979011,3533,22463,8614,2696,406
1751979311,3057,22708,8614,2701,406
1751979611,3424,23050,8613,2704,406
1751979911,4798,23154,8612,2705,406
1751980211,14088,23463,8608,2712,406
1751980511,7620,23797,8610,2733,406
1751980811,4925,24019,8605,2745,406
1751981111,4652,24100,8609,2751,407
1751981411,4746,24386,8608,2752,406
1751981711,4405,24595,8608,2751,407
1751982011,4481,24865,8605,2750,407
1751982311,5197,25121,8608,2750,406
1751982611,5289,25499,8608,2752,406
1751982911,3013,26241,8607,2752,406
1751983211,864,26846,8608,2750,407
1751983511,1047,26833,8605,2745,406
1751983811,1272,27158,8604,2742,407
1751984111,1758,27305,8604,2740,407
1751984411,1778,27518,8607,2739,406
1751984711,1989,27975,8605,2738,406
1751985011,2204,28857,8602,2737,407
1751985311,1827,28301,8602,2737,407
1751985611,2245,27901,8601,2735,407
1751985911,1871,28994,8600,2736,407
1751986211,2375,29344,8599,2738,407
1751986511,1333,29733,8598,2743,407
1751986811,986,29457,8599,2744,407
1751987111,685,30164,8599,2743,407
1751987411,456,30345,8601,2741,407
1751987711,254,30590,8594,2738,407
1751988011,161,31243,8598,2736,407
1751988311,188,30952,8602,2733,407
1751988611,290,31457,8600,2730,407
1751988911,598,31535,8597,2729,407
1751989211,1617,31613,8597,2730,408
1751989511,568,31968,8598,2736,407
1751989811,174,31904,8596,2739,407
1751990111,50,32938,8596,2739,407
1751990411,27,33232,8597,2736,407
1751990711,31,33786,8598,2730,407
1751991011,44,34417,8596,2724,407
1751991311,36,34576,8597,2719,408
1751991611,15,34723,8599,2714,407
1751991911,15,35354,8597,2708,407
1751992211,16,35444,8598,2709,408
1751992511,21,35297,8595,2711,408
1751992811,71,34915,8599,2703,409
1751993111,126,35026,8599,2698,408
1751993411,237,35496,8595,2691,407
1751993711,650,35188,8599,2686,407
1751994011,583,35459,8600,2684,408
1751994311,1372,35708,8600,2679,407
1751994611,705,34705,8599,2675,408
1751994911,1694,34753,8598,2671,408
1751995211,1566,35655,8598,2670,408
1751995511,836,34010,8602,2664,408
1751995811,584,35496,8601,2661,408
1751996111,463,35869,8603,2657,408
1751996411,434,35869,8607,2652,407
1751996711,227,36072,8607,2646,408
1751997011,147,36559,8604,2641,407
1751997311,107,34785,8604,2634,409
1751997611,75,36048,8605,2628,409
1751997911,49,36360,8605,2621,409
1751998211,31,36786,8606,2615,408
1751998511,30,36298,8605,2608,407
1751998811,25,36636,8605,2601,407
1751999111,23,36909,8607,2595,408
1751999411,23,37160,8606,2589,408
1751999711,14,37433,8610,2579,408
1752000011,13,37916,8611,2572,408
1752000311,13,37810,8613,2566,408
1752000611,14,38335,8615,2560,407
1752000911,15,38398,8614,2554,407
1752001211,14,38481,8613,2547,409
1752001511,12,38035,8617,2541,408
1752001811,12,38082,8616,2536,408
1752002111,11,38641,8621,2531,408
1752002411,12,39504,8628,2526,408
1752002711,12,37881,8634,2520,409
1752003011,11,38970,8650,2515,409
1752003311,11,40236,8697,2506,408
1752003611,11,40629,8695,2495,408
1752003911,10,40672,8692,2489,408
1752004211,10,41500,8683,2485,408
1752004511,10,41115,8672,2480,408
1752004811,10,41546,8667,2475,408
1752005111,10,41044,8665,2472,409
1752005411,11,40549,8661,2468,409
1752005711,10,39173,8658,2464,409
1752006011,9,39929,8652,2460,409
1752006311,10,40556,8652,2457,409
1752006611,11,39516,8655,2452,408
1752006911,10,39286,8650,2449,408
1752007211,10,39411,8651,2446,408
1752007511,11,40055,8650,2443,408
1752007811,11,39773,8649,2441,408
1752008111,10,37471,8651,2438,409
1752008411,10,38021,8650,2435,410
1752008711,10,38076,8652,2433,408
1752009011,11,37968,8654,2431,408
1752009311,11,37568,8658,2429,409
1752009611,11,37924,8656,2427,410
1752009911,11,36699,8655,2425,408
1752010211,11,36822,8657,2422,408
1752010511,10,36747,8656,2420,410
1752010811,9,36803,8656,2417,409
1752011111,10,37130,8655,2415,409
1752011411,10,36163,8656,2412,409
1752011711,11,35571,8656,2410,408
1752012011,11,35178,8655,2408,408
1752012311,11,35347,8653,2405,409
1752012611,11,35385,8655,2403,409
1752012911,9,35471,8654,2400,411
1752013211,10,35443,8654,2397,408
1752013511,10,34763,8649,2394,409
1752013811,10,35647,8639,2391,409
1752014111,10,35395,8645,2389,409
1752014411,10,35962,8651,2386,408
1752014711,11,36137,8653,2383,409
1752015011,10,36119,8655,2380,408
1752015311,9,36126,8656,2378,408
1752015611,9,35904,8656,2374,409
1752015911,10,35882,8655,2372,409
1752016211,9,35507,8660,2369,409
1752016511,9,35624,8659,2365,409
1752016811,9,35667,8660,2362,409
1752017111,10,35560,8659,2359,409
1752017411,9,35833,8660,2356,409
1752017711,11,35884,8662,2353,409
1752018011,11,35995,8662,2350,409
1752018311,10,35514,8659,2347,408
1752018611,8,35949,8661,2344,409
1752018911,10,36658,8660,2341,410
