If found, please contact tlang@live.unc.edu
Firmware updated: 2023/03/14
OpenOBS SN:304

time,ambient_light,backscatter,pressure,water_temp,battery
1754525088,13,48001,8736,2218,428
1754525388,15,48002,8735,2216,419
1754525688,14,47935,8735,2215,420
1754525988,14,48188,8737,2213,419
1754526288,14,47912,8739,2211,419
1754526588,13,48062,8738,2209,420
1754526888,13,48398,8736,2208,420
1754527188,14,48215,8737,2206,420
1754527488,12,48425,8740,2205,419
1754527788,13,48350,8741,2203,419
1754528088,13,47952,8740,2201,420
1754528388,14,48521,8737,2199,419
1754528688,13,48095,8735,2198,419
1754528988,13,47883,8733,2196,421
1754529288,14,47969,8732,2195,419
1754529588,13,48897,8737,2193,421
1754529888,14,48147,8729,2192,421
1754530188,13,48077,8732,2190,420
1754530488,14,48423,8731,2189,420
1754530788,14,48274,8729,2188,420
1754531088,14,47912,8731,2187,417
1754531388,13,48118,8734,2185,420
1754531688,13,48177,8731,2184,420
1754531988,13,48156,8729,2182,420
1754532288,13,48092,8728,2181,420
1754532588,13,48149,8729,2180,420
1754532888,13,48510,8725,2179,420
1754533188,13,48069,8725,2177,420
1754533488,13,47729,8726,2176,420
1754533788,13,48014,8730,2175,419
1754534088,12,48338,8727,2174,419
1754534388,13,48227,8729,2173,421
1754534688,14,48159,8728,2172,420
1754534988,13,48258,8727,2171,419
1754535288,14,48368,8725,2170,419
1754535588,12,47808,8731,2169,419
1754535888,13,48476,8726,2168,421
1754536188,14,47795,8729,2167,420
1754536488,12,48281,8723,2166,421
1754536788,13,48057,8729,2165,420
1754537088,14,48233,8726,2164,419
1754537388,13,48139,8720,2164,419
1754537688,13,48087,8723,2162,420
1754537988,13,48024,8719,2161,420
1754538288,14,48464,8722,2160,420
1754538588,13,48312,8721,2159,420
1754538888,13,48200,8721,2158,420
1754539188,13,48192,8721,2157,420
1754539488,13,48150,8723,2156,420
1754539788,13,48245,8725,2156,420
1754540088,13,48088,8726,2155,420
1754540388,12,47657,8728,2154,419
1754540688,13,48165,8726,2153,420
1754540988,13,48099,8726,2152,420
1754541288,14,47691,8721,2151,420
1754541588,13,48194,8722,2150,421
1754541888,13,48039,8725,2150,421
1754542188,13,48026,8723,2149,421
1754542488,12,48157,8722,2148,419
1754542788,13,47669,8724,2147,421
1754543088,12,47452,8731,2146,420
1754543388,12,48117,8724,2146,420
1754543688,13,48161,8722,2145,419
1754543988,13,47950,8720,2144,419
1754544288,13,48291,8728,2143,420
1754544588,13,48190,8721,2142,420
1754544888,16,48255,8721,2141,420
1754545188,17,48601,8727,2140,419
1754545488,19,48100,8725,2139,419
1754545788,22,47888,8725,2138,419
1754546088,24,47927,8727,2137,419
1754546388,22,48175,8731,2136,420
1754546688,21,48055,8728,2136,420
1754546988,19,48287,8730,2135,420
1754547288,22,48090,8728,2135,420
1754547588,29,48053,8731,2135,421
1754547888,34,48038,8728,2135,420
1754548188,42,48232,8730,2135,420
1754548488,61,47915,8731,2135,420
1754548788,81,48247,8727,2136,420
1754549088,81,48067,8731,2137,420
1754549388,95,48073,8732,2139,421
1754549688,95,48120,8732,2141,421
1754549988,104,48411,8732,2142,420
1754550288,119,48202,8727,2145,419
1754550588,135,48180,8730,2147,420
1754550888,132,48575,8733,2150,421
1754551188,138,48410,8727,2153,420
1754551488,171,48228,8733,2156,420
1754551788,179,48332,8735,2160,420
1754552088,177,48448,8734,2164,420
1754552388,195,48445,8730,2168,421
1754552688,201,48547,8740,2173,421
1754552988,224,48375,8732,2179,420
1754553288,219,47715,8734,2185,422
1754553588,203,48458,8729,2191,421
1754553888,184,48488,8733,2198,420
1754554188,244,48419,8738,2205,421
1754554488,210,48615,8738,2211,421
1754554788,271,48407,8734,2218,420
1754555088,274,48640,8736,2225,421
1754555388,279,48491,8738,2233,421
1754555688,309,48463,8737,2240,421
1754555988,263,48714,8739,2249,422
1754556288,232,48499,8739,2259,422
1754556588,207,48530,8737,2267,422
1754556888,208,48736,8737,2273,421
1754557188,294,49054,8736,2279,421
1754557488,320,48422,8737,2286,421
1754557788,326,48622,8738,2294,421
1754558088,322,48704,8740,2303,421
1754558388,357,48847,8735,2314,422
1754558688,381,48920,8740,2325,421
1754558988,333,49200,8735,2335,422
1754559288,330,48811,8736,2344,421
1754559588,317,48873,8738,2353,421
1754559888,301,48977,8736,2362,421
1754560188,397,49090,8736,2370,422
1754560488,317,48967,8739,2378,421
1754560788,284,49267,8735,2387,421
1754561088,372,48828,8731,2395,421
1754561388,404,49135,8732,2403,422
1754561688,368,49119,8736,2411,422
1754561988,380,48978,8737,2420,423
1754562288,388,49058,8733,2429,422
1754562588,414,48831,8733,2438,422
1754562888,319,48946,8732,2446,423
1754563188,343,49094,8735,2453,419
1754563488,403,49143,8735,2460,421
1754563788,447,49060,8738,2468,423
1754564088,346,49049,8734,2478,422
1754564388,392,49225,8735,2486,421
1754564688,391,49217,8737,2496,421
1754564988,175,48709,8737,2503,421
1754565288,76,49149,8737,2509,422
1754565588,36,49322,8736,2516,421
1754565888,36,49484,8736,2520,422
1754566188,52,49613,8737,2522,422
1754566488,46,49509,8736,2526,422
1754566788,40,49163,8738,2535,422
1754567088,66,49574,8737,2549,422
1754567388,119,49566,8729,2561,421
1754567688,68,49547,8736,2574,422
1754567988,60,49331,8731,2586,422
1754568288,39,49477,8737,2599,422
1754568588,37,49625,8732,2607,422
1754568888,31,49692,8735,2616,422
1754569188,39,49258,8734,2622,422
1754569488,46,49523,8737,2629,422
1754569788,82,49420,8736,2646,421
1754570088,120,49589,8729,2667,421
1754570388,223,49411,8734,2686,421
1754570688,274,49598,8728,2702,423
1754570988,391,49444,8729,2715,421
1754571288,313,49717,8728,2726,421
1754571588,513,49438,8728,2733,423
1754571888,627,49509,8722,2744,422
1754572188,459,49570,8728,2757,423
1754572488,484,49733,8727,2767,423
1754572788,642,49740,8726,2778,422
1754573088,434,49632,8726,2788,423
1754573388,467,49454,8726,2794,423
1754573688,545,49610,8715,2796,421
1754573988,517,49253,8724,2794,423
1754574288,408,49844,8724,2788,423
1754574588,391,49742,8713,2783,423
1754574888,312,49726,8721,2782,421
1754575188,440,49948,8723,2781,422
1754575488,324,49948,8728,2780,423
1754575788,376,49742,8723,2779,422
1754576088,369,49775,8721,2778,422
1754576388,285,49841,8722,2776,422
1754576688,271,49768,8718,2775,423
1754576988,235,49765,8722,2772,423
1754577288,204,49855,8726,2768,422
1754577588,134,50061,8725,2761,422
1754577888,181,49843,8720,2753,423
1754578188,86,49996,8726,2747,423
1754578488,38,50261,8724,2740,422
1754578788,33,49784,8730,2732,423
1754579088,34,50351,8733,2725,424
1754579388,27,50510,8733,2717,421
1754579688,23,50317,8734,2713,421
1754579988,21,50278,8737,2708,422
1754580288,21,50422,8731,2703,422
1754580588,21,50525,8728,2698,422
1754580888,20,50493,8734,2694,422
1754581188,21,49993,8725,2690,399
1754581488,20,50618,8729,2686,399
1754581788,21,50191,8728,2683,399
1754582088,22,50323,8724,2679,399
1754582388,22,50474,8727,2676,399
1754582688,23,50203,8724,2673,400
1754582988,21,50205,8725,2670,399
1754583288,22,50394,8723,2668,401
1754583588,24,50599,8726,2669,402
1754583888,24,50369,8722,2669,400
1754584188,28,50462,8724,2667,401
1754584488,29,50262,8724,2662,400
1754584788,21,50103,8718,2657,400
1754585088,20,50246,8719,2651,400
1754585388,22,50530,8717,2646,401
1754585688,29,50477,8719,2641,400
1754585988,39,50440,8715,2636,400
1754586288,50,49875,8717,2632,400
1754586588,40,50268,8722,2628,400
1754586888,49,49602,8715,2623,401
1754587188,44,50503,8721,2618,401
1754587488,40,50040,8721,2612,401
1754587788,38,50669,8717,2607,400
1754588088,37,50537,8718,2603,400
1754588388,38,50437,8717,2598,400
1754588688,32,50408,8720,2593,401
1754588988,34,49997,8715,2585,401
1754589288,27,50176,8720,2578,400
1754589588,24,50757,8715,2571,402
1754589888,23,50689,8713,2564,402
1754590188,21,50659,8720,2556,400
1754590488,22,50581,8714,2548,401
1754590788,21,50592,8722,2541,400
1754591088,20,50113,8720,2534,400
1754591388,19,50887,8723,2527,401
1754591688,20,50639,8725,2519,402
1754591988,19,50478,8720,2513,400
1754592288,18,50580,8718,2507,400
1754592588,17,50590,8718,2501,402
1754592888,18,50490,8720,2495,401
1754593188,18,50586,8720,2489,403
1754593488,17,50210,8724,2482,403
1754593788,16,50648,8719,2475,402
1754594088,17,50641,8727,2469,403
1754594388,17,50620,8724,2462,402
1754594688,17,50992,8725,2456,401
1754594988,17,50512,8723,2449,403
1754595288,16,50454,8728,2443,403
1754595588,17,50293,8724,2438,403
1754595888,16,50611,8727,2432,403
1754596188,16,50660,8727,2426,402
1754596488,17,50256,8724,2420,403
1754596788,15,50568,8728,2414,402
1754597088,17,50606,8725,2409,401
1754597388,16,50203,8725,2403,402
1754597688,17,50181,8724,2397,403
1754597988,16,50441,8727,2392,403
1754598288,16,50870,8726,2386,402
1754598588,15,50501,8724,2382,402
1754598888,16,50640,8728,2377,402
1754599188,17,50557,8726,2373,401
1754599488,17,50565,8731,2368,402
1754599788,17,50682,8730,2364,402
1754600088,15,50523,8732,2359,403
1754600388,17,50698,8732,2355,403
1754600688,16,50802,8735,2351,402
1754600988,16,50523,8731,2347,402
1754601288,14,50520,8734,2344,402
1754601588,15,50652,8737,2340,402
1754601888,17,50660,8735,2337,404
1754602188,14,50707,8737,2333,401
1754602488,15,50591,8738,2329,401
1754602788,16,50654,8738,2326,401
1754603088,16,50717,8736,2322,402
1754603388,16,50582,8734,2319,403
1754603688,15,50575,8739,2316,402
1754603988,15,50594,8735,2313,401
1754604288,15,50638,8742,2310,401
1754604588,16,50523,8741,2308,401
1754604888,15,50605,8738,2305,401
1754605188,16,50113,8741,2303,401
1754605488,16,50495,8735,2300,401
1754605788,16,50640,8743,2298,401
1754606088,15,50563,8739,2295,402
1754606388,15,50706,8744,2292,402
1754606688,16,50491,8739,2290,401
1754606988,16,50566,8737,2287,401
1754607288,14,50617,8741,2285,402
1754607588,15,50489,8741,2283,402
1754607888,15,50637,8745,2280,403
1754608188,14,50424,8746,2278,403
1754608488,14,50256,8742,2276,403
1754608788,14,50730,8741,2273,403
1754609088,14,50219,8738,2271,401
1754609388,14,50629,8733,2269,401
1754609688,14,50660,8745,2267,401
1754609988,15,50602,8740,2265,403
1754610288,14,50611,8739,2263,401
1754610588,14,50661,8736,2260,403
1754610888,14,50616,8740,2258,401
1754611188,15,50397,8738,2255,403
