If found, please contact tlang@live.unc.edu
Firmware updated: 2023/03/14
OpenOBS SN:304

time,ambient_light,backscatter,pressure,water_temp,battery
1752710594,8,6707,8808,2090,426
1752710894,7,6539,8803,2088,414
1752711194,8,6534,8812,2086,415
1752711494,8,6848,8802,2084,415
1752711794,7,6493,8801,2083,415
1752712094,8,6470,8803,2081,414
1752712394,8,6431,8790,2079,415
1752712694,8,6490,8798,2078,414
1752712994,7,6548,8800,2077,413
1752713294,8,6484,8789,2075,414
1752713594,7,6542,8796,2074,415
1752713894,8,6473,8803,2072,413
1752714194,7,6407,8791,2071,414
1752714494,8,6240,8789,2070,415
1752714794,8,6213,8795,2069,413
1752715094,8,6417,8794,2068,415
1752715394,7,6104,8796,2066,413
1752715694,8,6013,8801,2065,414
1752715994,7,6103,8801,2064,415
1752716294,8,5932,8802,2063,414
1752716594,8,6065,8801,2061,415
1752716894,8,5997,8795,2060,415
1752717194,7,5967,8792,2059,413
1752717494,8,6163,8792,2058,413
1752717794,8,5948,8785,2057,413
1752718094,8,6100,8786,2055,415
1752718394,8,6023,8795,2054,415
1752718694,7,5942,8787,2053,413
1752718994,8,5918,8790,2052,414
1752719294,7,6070,8792,2051,415
1752719594,8,5885,8795,2050,415
1752719894,8,5920,8795,2049,415
1752720194,7,5838,8786,2048,415
1752720494,9,6208,8794,2045,415
1752720794,8,5840,8790,2045,413
1752721094,7,5670,8785,2045,414
1752721394,7,5708,8784,2044,415
1752721694,7,5649,8791,2042,414
1752721994,6,5645,8792,2042,413
1752722294,7,5716,8779,2041,414
1752722594,7,5648,8786,2040,415
1752722894,7,5651,8791,2039,414
1752723194,7,5555,8784,2037,413
1752723494,7,5497,8795,2037,413
1752723794,7,5421,8793,2036,415
1752724094,7,5446,8784,2034,414
1752724394,8,5404,8790,2034,414
1752724694,7,5458,8792,2033,414
1752724994,7,5386,8792,2031,415
1752725294,9,5350,8796,2031,415
1752725594,8,5501,8777,2031,414
1752725894,8,5449,8786,2029,415
1752726194,8,5452,8790,2029,415
1752726494,7,5605,8786,2029,415
1752726794,8,5487,8794,2029,415
1752727094,7,5444,8786,2029,415
1752727394,8,5460,8787,2028,414
1752727694,8,5459,8788,2028,415
1752727994,7,5394,8790,2028,415
1752728294,9,5395,8796,2028,414
1752728594,9,5448,8794,2027,414
1752728894,8,5412,8788,2027,414
1752729194,8,5559,8797,2027,414
1752729494,7,5430,8802,2027,414
1752729794,7,5440,8783,2027,415
1752730094,7,5366,8790,2027,415
1752730394,7,5337,8797,2027,415
1752730694,8,5433,8790,2027,415
1752730994,7,5220,8792,2027,415
1752731294,7,5331,8793,2027,415
1752731594,7,5261,8795,2027,415
1752731894,7,5213,8788,2027,415
1752732194,9,5295,8800,2026,414
1752732494,7,5247,8798,2026,415
1752732794,7,5329,8798,2026,415
1752733094,6,5232,8794,2026,415
1752733394,7,5235,8793,2026,415
1752733694,8,5263,8796,2026,414
1752733994,7,5233,8803,2026,415
1752734294,7,5265,8792,2027,415
1752734594,8,5190,8791,2028,414
1752734894,7,5214,8786,2029,414
1752735194,8,5203,8792,2031,415
1752735494,8,5210,8792,2032,415
1752735794,8,5129,8799,2034,416
1752736094,7,5249,8789,2036,415
1752736394,7,5116,8799,2039,414
1752736694,7,5044,8800,2041,415
1752736994,7,5129,8801,2043,415
1752737294,6,5322,8792,2045,415
1752737594,7,5059,8800,2048,415
1752737894,8,5201,8793,2050,415
1752738194,7,5141,8786,2053,415
1752738494,8,5115,8792,2056,415
1752738794,7,5129,8797,2059,415
1752739094,8,5183,8795,2063,415
1752739394,9,5076,8792,2067,415
1752739694,7,5101,8798,2071,415
1752739994,8,5256,8789,2076,415
1752740294,8,5080,8797,2080,415
1752740594,8,5070,8785,2089,415
1752740894,8,5141,8799,2099,415
1752741194,8,5103,8791,2108,415
1752741494,8,5022,8793,2115,416
1752741794,8,5062,8800,2122,415
1752742094,7,5016,8800,2125,415
1752742394,8,4984,8797,2131,415
1752742694,9,4972,8797,2141,416
1752742994,8,4848,8794,2148,415
1752743294,8,4937,8790,2159,415
1752743594,9,4808,8786,2174,415
1752743894,9,4857,8795,2188,415
1752744194,9,4874,8792,2202,415
1752744494,9,4793,8796,2216,415
1752744794,9,4836,8792,2231,415
1752745094,9,4825,8792,2240,415
1752745394,10,4937,8792,2241,415
1752745694,9,4804,8788,2241,415
1752745994,10,4778,8789,2247,415
1752746294,10,4828,8783,2262,415
1752746594,11,4811,8772,2279,415
1752746894,10,4711,8784,2296,415
1752747194,10,4719,8792,2317,416
1752747494,11,4830,8781,2341,416
1752747794,11,4700,8782,2363,416
1752748094,12,4761,8783,2373,415
1752748394,11,4794,8780,2388,416
1752748694,13,4754,8767,2412,416
1752748994,13,4679,8779,2431,416
1752749294,12,4638,8769,2458,416
1752749594,12,4628,8779,2495,417
1752749894,11,4644,8775,2524,417
1752750194,12,4635,8780,2549,414
1752750494,13,4626,8778,2569,415
1752750794,12,4658,8761,2587,416
1752751094,13,4645,8775,2606,416
1752751394,14,4633,8773,2628,415
1752751694,15,4659,8761,2648,415
1752751994,14,4821,8772,2665,414
1752752294,15,4688,8770,2675,415
1752752594,16,4643,8769,2675,415
1752752894,15,4539,8777,2670,416
1752753194,18,4726,8772,2669,415
1752753494,16,4764,8776,2677,415
1752753794,17,4631,8775,2678,415
1752754094,17,4546,8772,2682,416
1752754394,18,4585,8762,2682,415
1752754694,19,4556,8763,2684,415
1752754994,18,4548,8769,2681,415
1752755294,17,4527,8762,2678,416
1752755594,15,4701,8773,2673,415
1752755894,16,4615,8766,2665,416
1752756194,16,4614,8770,2655,416
1752756494,15,4597,8764,2643,417
1752756794,16,4488,8764,2635,417
1752757094,16,4530,8763,2627,416
1752757394,15,4597,8761,2618,416
1752757694,15,4745,8755,2612,417
1752757994,13,4776,8756,2606,418
1752758294,14,4671,8760,2600,415
1752758594,15,4519,8754,2597,417
1752758894,20,4473,8756,2598,417
1752759194,19,4539,8754,2603,417
1752759494,18,4453,8756,2607,418
1752759794,22,4378,8756,2612,418
1752760094,26,4449,8752,2616,416
1752760394,23,4424,8756,2618,416
1752760694,32,4518,8752,2613,417
1752760994,15,4389,8746,2604,417
1752761294,15,4374,8749,2590,415
1752761594,15,4541,8750,2579,416
1752761894,15,4383,8755,2569,416
1752762194,16,4462,8754,2562,417
1752762494,15,4375,8759,2556,417
1752762794,15,4358,8750,2552,417
1752763094,16,4335,8745,2553,417
1752763394,27,4289,8750,2557,416
1752763694,17,4307,8748,2560,416
1752763994,17,4279,8753,2560,417
1752764294,14,4259,8753,2557,417
1752764594,14,4296,8755,2551,417
1752764894,14,4263,8749,2545,417
1752765194,14,4367,8752,2541,417
1752765494,14,4622,8758,2539,417
1752765794,14,4443,8755,2540,416
1752766094,14,4562,8757,2542,416
1752766394,13,4510,8760,2541,416
1752766694,13,4550,8765,2540,416
1752766994,12,4557,8758,2537,418
1752767294,12,4551,8764,2533,418
1752767594,13,4617,8754,2531,418
1752767894,12,4569,8759,2530,418
1752768194,12,4686,8750,2533,417
1752768494,12,4522,8758,2534,416
1752768794,12,4531,8763,2535,419
1752769094,11,4605,8750,2534,418
1752769394,13,4868,8754,2536,417
1752769694,12,4701,8761,2537,419
1752769994,12,4734,8749,2539,416
1752770294,12,4806,8748,2538,416
1752770594,12,4744,8761,2534,416
1752770894,12,4683,8761,2528,416
1752771194,12,4545,8766,2522,417
1752771494,11,4517,8760,2515,418
1752771794,12,4502,8759,2507,417
1752772094,11,4529,8757,2502,417
1752772394,11,4602,8755,2499,417
1752772694,11,4785,8756,2498,417
1752772994,11,4924,8761,2497,417
1752773294,11,4911,8754,2496,417
1752773594,11,4806,8761,2494,416
1752773894,11,4720,8757,2491,417
1752774194,12,4589,8758,2488,417
1752774494,11,4642,8760,2484,417
1752774794,10,4690,8759,2480,417
1752775094,10,4626,8772,2476,419
1752775394,11,4526,8770,2472,418
1752775694,11,4622,8765,2467,418
1752775994,11,4504,8776,2462,418
1752776294,11,4572,8772,2455,419
1752776594,12,4509,8765,2449,418
1752776894,11,4581,8778,2443,419
1752777194,11,4681,8783,2436,418
1752777494,10,4747,8785,2430,418
1752777794,11,4745,8783,2424,418
1752778094,10,4888,8792,2418,418
1752778394,11,4935,8781,2413,418
1752778694,11,10712,8931,2405,418
1752778994,10,14460,8953,2393,417
1752779294,11,23157,9034,2378,418
1752779594,11,26941,9052,2364,418
1752779894,11,28550,8995,2347,419
1752780194,10,30437,9029,2331,417
1752780494,10,31922,9025,2313,417
1752780794,10,33894,8998,2297,418
1752781094,11,37368,9003,2284,419
1752781394,10,39723,8974,2276,418
1752781694,9,39835,8966,2270,418
1752781994,10,40515,8954,2266,418
1752782294,9,41192,8978,2263,417
1752782594,10,41171,8955,2261,417
1752782894,9,41129,8949,2257,418
1752783194,9,40642,8935,2253,418
1752783494,9,40617,8912,2249,417
1752783794,10,39450,8918,2245,418
1752784094,9,38816,8937,2241,417
1752784394,9,38190,8927,2237,419
1752784694,9,37744,8911,2233,417
1752784994,10,36178,8895,2229,417
1752785294,9,35472,8890,2227,415
1752785594,9,35384,8889,2224,417
1752785894,9,34282,8892,2221,417
1752786194,10,33604,8892,2219,418
1752786494,9,32654,8863,2217,417
1752786794,9,31924,8887,2215,418
1752787094,9,30686,8895,2212,417
1752787394,10,29589,8847,2209,417
1752787694,9,28806,8872,2207,417
1752787994,9,27307,8881,2204,418
1752788294,9,26659,8880,2201,417
1752788594,8,25646,8879,2199,418
1752788894,9,24436,8871,2197,417
1752789194,10,23329,8860,2195,418
1752789494,9,22245,8866,2192,417
1752789794,9,21428,8851,2189,418
1752790094,9,20425,8861,2187,418
1752790394,7,19553,8859,2184,418
1752790694,8,18774,8858,2182,418
1752790994,9,18072,8846,2180,417
1752791294,9,17275,8857,2178,418
1752791594,8,16758,8845,2176,418
1752791894,8,15973,8859,2174,418
1752792194,9,15104,8853,2172,418
1752792494,8,14456,8853,2170,418
1752792794,8,13802,8856,2168,417
1752793094,9,13304,8829,2166,418
1752793394,8,12968,8852,2164,417
1752793694,9,12378,8843,2162,417
1752793994,9,12041,8854,2161,417
1752794294,9,11634,8837,2159,417
1752794594,9,11079,8834,2157,417
1752794894,8,10606,8825,2156,417
1752795194,8,10302,8838,2154,417
1752795494,8,10025,8833,2153,418
1752795794,9,9771,8841,2152,418
1752796094,9,9451,8848,2150,418
1752796394,9,9236,8827,2149,417
1752796694,8,8947,8833,2147,417
