If found, please contact tlang@live.unc.edu
Firmware updated: 2023/03/14
OpenOBS SN:304

time,ambient_light,backscatter,pressure,water_temp,battery
1755043488,16,9181,8730,2189,426
1755043788,15,9395,8736,2187,417
1755044088,15,9278,8734,2186,417
1755044388,15,9197,8738,2184,416
1755044688,15,9265,8732,2183,416
1755044988,15,9133,8736,2182,416
1755045288,15,9228,8734,2180,416
1755045588,15,9126,8735,2179,417
1755045888,16,9153,8733,2177,417
1755046188,15,8986,8736,2176,417
1755046488,15,8933,8731,2175,417
1755046788,16,8909,8731,2173,417
1755047088,16,9028,8737,2172,417
1755047388,15,8956,8731,2171,417
1755047688,15,8886,8728,2170,416
1755047988,14,8849,8728,2168,417
1755048288,15,8950,8731,2167,417
1755048588,14,8999,8732,2166,416
1755048888,15,8978,8733,2165,417
1755049188,16,8990,8740,2164,416
1755049488,15,8961,8732,2162,417
1755049788,15,8953,8737,2161,417
1755050088,15,8774,8729,2160,417
1755050388,15,8805,8734,2159,418
1755050688,15,9123,8732,2159,417
1755050988,15,8901,8732,2157,418
1755051288,15,8951,8733,2156,416
1755051588,15,9021,8733,2156,415
1755051888,14,9040,8734,2155,418
1755052188,14,9143,8734,2154,418
1755052488,14,8984,8728,2154,418
1755052788,15,8980,8731,2154,417
1755053088,15,8963,8734,2153,418
1755053388,16,9254,8730,2152,418
1755053688,14,8939,8732,2151,417
1755053988,16,8931,8737,2149,417
1755054288,15,8858,8733,2148,416
1755054588,15,8741,8739,2148,417
1755054888,15,8702,8735,2147,417
1755055188,15,8724,8733,2146,417
1755055488,16,8640,8732,2144,417
1755055788,16,8669,8729,2143,417
1755056088,15,8856,8728,2142,417
1755056388,15,8648,8731,2141,417
1755056688,14,8698,8737,2140,417
1755056988,15,8599,8736,2139,417
1755057288,14,8620,8736,2138,416
1755057588,15,8636,8744,2137,417
1755057888,16,8731,8743,2136,417
1755058188,15,8658,8739,2135,417
1755058488,15,8847,8741,2134,417
1755058788,15,8635,8746,2133,416
1755059088,14,8488,8742,2133,418
1755059388,16,8472,8744,2131,416
1755059688,15,8404,8747,2131,418
1755059988,15,8378,8747,2130,416
1755060288,15,8416,8749,2129,417
1755060588,15,8460,8749,2129,417
1755060888,14,8453,8745,2128,416
1755061188,15,8361,8749,2127,417
1755061488,15,8345,8744,2127,417
1755061788,15,8397,8741,2126,416
1755062088,14,8920,8747,2125,417
1755062388,15,8491,8744,2124,416
1755062688,15,8248,8739,2124,416
1755062988,15,8284,8740,2123,417
1755063288,15,8165,8743,2123,418
1755063588,15,8151,8750,2123,417
1755063888,15,8166,8745,2122,418
1755064188,16,8076,8747,2122,419
1755064488,17,8085,8746,2121,416
1755064788,20,8023,8747,2121,418
1755065088,19,7928,8748,2121,418
1755065388,23,7983,8739,2121,417
1755065688,24,7940,8742,2122,416
1755065988,27,7961,8748,2122,418
1755066288,34,7904,8746,2123,417
1755066588,31,7841,8743,2123,417
1755066888,46,7737,8748,2124,417
1755067188,99,7731,8745,2125,417
1755067488,105,7808,8743,2127,416
1755067788,110,7659,8743,2129,417
1755068088,97,7835,8743,2131,417
1755068388,140,7733,8746,2134,417
1755068688,160,7704,8740,2136,418
1755068988,148,7767,8748,2138,418
1755069288,161,7754,8745,2140,418
1755069588,171,7752,8738,2144,417
1755069888,240,7724,8746,2146,418
1755070188,196,7696,8745,2148,418
1755070488,183,7668,8749,2152,418
1755070788,315,7649,8748,2155,418
1755071088,180,7941,8751,2159,418
1755071388,147,7734,8749,2162,418
1755071688,171,7708,8749,2165,418
1755071988,131,7833,8747,2168,417
1755072288,158,7761,8750,2171,418
1755072588,145,7756,8748,2173,417
1755072888,153,7743,8754,2175,417
1755073188,157,7722,8751,2176,417
1755073488,218,7891,8749,2178,418
1755073788,259,7907,8756,2181,417
1755074088,455,7951,8751,2184,418
1755074388,798,7973,8748,2187,418
1755074688,907,8035,8753,2192,418
1755074988,588,7962,8755,2197,418
1755075288,628,8055,8752,2201,418
1755075588,586,8008,8753,2204,418
1755075888,412,8023,8757,2206,418
1755076188,428,8094,8761,2206,418
1755076488,546,8186,8755,2207,418
1755076788,1328,8110,8750,2208,418
1755077088,1210,8307,8755,2214,418
1755077388,1015,8150,8756,2221,418
1755077688,1147,8215,8757,2229,418
1755077988,1118,8249,8764,2236,417
1755078288,1084,8343,8758,2243,418
1755078588,931,8333,8758,2248,418
1755078888,857,8350,8758,2253,418
1755079188,1340,8378,8760,2257,418
1755079488,1458,9069,8758,2262,418
1755079788,1739,8616,8758,2268,418
1755080088,1855,8573,8752,2274,418
1755080388,1747,8655,8747,2282,418
1755080688,1218,8775,8749,2296,418
1755080988,1698,8829,8754,2308,418
1755081288,1799,8897,8747,2323,419
1755081588,1539,9029,8748,2337,419
1755081888,1359,8793,8749,2339,419
1755082188,1224,8859,8747,2336,419
1755082488,2017,8929,8751,2334,419
1755082788,1953,8970,8748,2335,419
1755083088,1613,9014,8748,2339,419
1755083388,1467,9004,8745,2344,418
1755083688,1886,9016,8745,2352,419
1755083988,1875,9001,8748,2362,418
1755084288,65535,21917,8532,2414,418
1755084588,34445,14148,8512,2501,416
1755084971,28292,15835,8517,2598,553
1755085016,65535,15812,8517,2634,747
1755085316,48986,14502,8528,2720,414
1755085616,16703,14302,8527,2736,419
1755085916,3092,3567,8738,2423,419
1755086216,4039,3626,8742,2411,417
1755086516,4194,3647,8730,2409,417
1755086816,4136,3632,8740,2408,418
1755087116,4285,3586,8729,2405,417
1755087416,4280,3556,8737,2401,419
1755087716,4274,3530,8740,2397,418
1755088016,3498,3544,8734,2393,418
1755088316,3404,3507,8743,2389,419
1755088616,3338,3501,8736,2385,419
1755088916,2931,3534,8745,2381,418
1755089216,2870,3508,8741,2376,417
1755089516,2990,3520,8734,2371,417
1755089816,2913,3510,8743,2366,418
1755090116,2385,3519,8742,2362,418
1755090416,2346,3508,8744,2359,419
1755090716,1678,3586,8746,2354,419
1755091016,1911,3597,8740,2350,419
1755091316,1685,3608,8744,2347,419
1755091616,1461,3621,8753,2345,419
1755091916,1284,3634,8745,2344,419
1755092216,902,3663,8748,2345,419
1755092516,737,3695,8743,2346,419
1755092816,1129,3694,8743,2348,419
1755093116,1290,3729,8749,2350,419
1755093416,1506,3675,8741,2352,419
1755093716,1132,3673,8747,2354,419
1755094016,874,3717,8743,2355,419
1755094316,760,3709,8741,2353,419
1755094616,840,3711,8748,2352,419
1755094916,892,3664,8744,2350,420
1755095216,949,3658,8740,2349,419
1755095516,1165,3625,8739,2348,418
1755095816,851,3638,8741,2348,420
1755096116,699,3629,8739,2347,419
1755096416,1086,3615,8739,2347,418
1755096716,957,3591,8740,2346,418
1755097016,855,3581,8750,2345,418
1755097316,924,3570,8746,2343,420
1755097616,985,3572,8743,2341,418
1755097916,1009,3571,8741,2340,420
1755098216,1146,3577,8742,2339,418
1755098516,1447,3561,8742,2337,419
1755098816,1191,3557,8742,2336,419
1755099116,1311,3565,8739,2335,419
1755099416,999,3571,8739,2333,418
1755099716,1146,3552,8736,2332,421
1755100016,829,3552,8744,2330,418
1755100316,1300,3590,8744,2328,419
1755100616,1690,3556,8745,2327,418
1755100916,509,3787,8751,2326,420
1755101216,895,3632,8741,2324,418
1755101516,1027,3567,8748,2323,418
1755101816,1134,3575,8752,2322,418
1755102116,753,3577,8750,2320,420
1755102416,857,3585,8741,2318,418
1755102716,694,3594,8750,2315,418
1755103016,791,3591,8743,2313,419
1755103316,642,3586,8745,2310,420
1755103616,520,3603,8748,2308,420
1755103916,550,3614,8748,2305,420
1755104216,592,3627,8743,2301,420
1755104516,525,3613,8748,2298,420
1755104816,217,3620,8754,2295,420
1755105116,167,3626,8758,2292,420
1755105416,218,3635,8753,2289,419
1755105716,150,3639,8755,2286,420
1755106016,136,3648,8756,2283,421
1755106316,119,3661,8756,2280,419
1755106616,104,3696,8755,2277,420
1755106916,125,3678,8754,2274,421
1755107216,173,3678,8756,2272,419
1755107516,128,3700,8755,2269,420
1755107816,103,3688,8755,2266,419
1755108116,73,3717,8756,2264,418
1755108416,46,3737,8756,2262,419
1755108716,40,3723,8756,2260,420
1755109016,32,3736,8763,2258,420
1755109316,25,3721,8763,2255,419
1755109616,31,3724,8761,2252,420
1755109916,31,3761,8756,2250,420
1755110216,27,3712,8764,2247,420
1755110516,25,3719,8766,2244,420
1755110816,17,3709,8765,2241,420
1755111116,17,3729,8770,2238,420
1755111416,17,3703,8758,2236,420
1755111716,16,3727,8769,2233,420
1755112016,16,3738,8768,2230,420
1755112316,17,3717,8757,2228,420
1755112616,17,3721,8760,2225,420
1755112916,16,3732,8768,2223,420
1755113216,16,3700,8765,2221,420
1755113516,16,3690,8768,2218,419
1755113816,15,3704,8769,2216,419
1755114116,15,3697,8771,2214,419
1755114416,15,3684,8769,2212,419
1755114716,16,3686,8773,2210,419
1755115016,16,3688,8770,2208,418
1755115316,15,3691,8765,2206,418
1755115616,15,3687,8768,2204,421
1755115916,14,3692,8768,2202,419
1755116216,17,3676,8770,2200,420
1755116516,15,3676,8771,2198,418
1755116816,16,3706,8772,2196,419
1755117116,15,3670,8776,2194,419
1755117416,16,3696,8775,2193,419
1755117716,15,3658,8775,2191,419
1755118016,16,3655,8775,2189,420
1755118316,15,3671,8779,2187,419
1755118616,15,3680,8781,2185,420
1755118916,15,3676,8781,2184,420
1755119216,16,3665,8778,2182,419
1755119516,15,3668,8780,2180,419
1755119816,14,3657,8783,2178,419
1755120116,15,3684,8779,2177,420
1755120416,15,3679,8778,2174,420
1755120716,14,3656,8778,2173,419
1755121016,15,3668,8778,2171,420
1755121316,15,3677,8776,2170,420
1755121616,16,3659,8777,2168,421
1755121916,15,3655,8776,2166,421
1755122216,15,3664,8775,2165,419
1755122516,16,3665,8775,2164,420
1755122816,16,3662,8776,2162,418
1755123116,16,3660,8779,2160,418
1755123416,16,3673,8775,2158,418
1755123716,15,3663,8781,2157,421
1755124016,15,3653,8778,2155,418
1755124316,15,3659,8780,2154,419
1755124616,15,3667,8776,2152,419
1755124916,16,3651,8779,2151,420
1755125216,16,3643,8783,2149,421
1755125516,16,3643,8778,2148,418
1755125816,15,3658,8776,2146,419
1755126116,15,3647,8773,2145,419
1755126416,14,3644,8776,2143,419
1755126716,15,3636,8780,2143,419
1755127016,14,3660,8776,2141,419
1755127316,15,3647,8778,2139,419
1755127616,15,3653,8777,2138,419
1755127916,14,3656,8778,2137,419
1755128216,14,3645,8781,2135,419
1755128516,14,3655,8779,2134,419
1755128816,15,3665,8784,2133,420
1755129116,14,3668,8778,2131,419
1755129416,15,3674,8784,2130,419
