If found, please contact tlang@live.unc.edu
Firmware updated: 2023/03/14
OpenOBS SN:304

time,ambient_light,backscatter,pressure,water_temp,battery
1756166516,19,8051,8791,2114,423
1756166816,19,8062,8786,2111,414
1756167116,20,8085,8780,2110,414
1756167416,20,8125,8795,2108,414
1756167716,18,8067,8790,2105,414
1756168016,19,8073,8780,2104,414
1756168316,20,8160,8787,2101,414
1756168616,18,8013,8777,2099,414
1756168916,19,7837,8787,2097,414
1756169216,19,7769,8777,2094,413
1756169516,20,7768,8790,2092,414
1756169816,18,7779,8784,2090,414
1756170116,19,7769,8780,2087,414
1756170416,19,7804,8789,2085,414
1756170716,19,7777,8790,2083,414
1756171016,19,7801,8784,2081,413
1756171316,19,7794,8785,2078,414
1756171616,20,7832,8789,2076,414
1756171916,18,7847,8784,2074,414
1756172216,19,7844,8787,2072,414
1756172516,20,7858,8787,2070,414
1756172816,19,7854,8784,2068,414
1756173116,18,7842,8792,2066,414
1756173416,20,7854,8783,2065,414
1756173716,18,7862,8783,2063,414
1756174016,19,7818,8778,2062,414
1756174316,18,7855,8783,2060,414
1756174616,19,7858,8784,2059,414
1756174916,19,7912,8788,2057,413
1756175216,19,7918,8786,2056,414
1756175516,18,7917,8782,2054,414
1756175816,19,7946,8776,2053,414
1756176116,18,7925,8782,2052,414
1756176416,19,7909,8783,2050,414
1756176716,18,7958,8773,2048,414
1756177016,18,7939,8781,2046,414
1756177316,19,7968,8776,2045,414
1756177616,18,7768,8783,2043,413
1756177916,19,7812,8780,2042,415
1756178216,19,7773,8773,2041,414
1756178516,19,7818,8776,2039,411
1756178816,18,7763,8788,2037,414
1756179116,18,7853,8781,2036,414
1756179416,19,7825,8773,2035,414
1756179716,19,7802,8769,2034,414
1756180016,18,7829,8776,2033,414
1756180316,18,7800,8768,2032,414
1756180616,18,7865,8779,2029,414
1756180916,18,7805,8773,2029,415
1756181216,17,7873,8777,2027,414
1756181516,19,7796,8776,2026,414
1756181816,19,7817,8769,2024,414
1756182116,17,7803,8773,2023,414
1756182416,17,7847,8776,2021,414
1756182716,18,7821,8768,2020,414
1756183016,18,7854,8767,2020,414
1756183316,19,7812,8777,2020,414
1756183616,18,7869,8774,2019,414
1756183916,17,7840,8769,2019,414
1756184216,18,7881,8776,2018,413
1756184516,17,7882,8781,2018,414
1756184816,18,7855,8771,2017,414
1756185116,19,7881,8774,2016,414
1756185416,18,7911,8781,2016,414
1756185716,18,7942,8778,2015,413
1756186016,18,7877,8781,2014,413
1756186316,19,7892,8778,2012,413
1756186616,19,7958,8779,2012,413
1756186916,21,7916,8775,2011,413
1756187216,22,7959,8788,2010,413
1756187516,27,7910,8784,2009,413
1756187816,35,7952,8779,2008,414
1756188116,39,7974,8777,2007,413
1756188416,38,8012,8783,2006,413
1756188716,46,7976,8779,2006,413
1756189016,48,8016,8784,2006,413
1756189316,59,7998,8782,2006,415
1756189616,77,8038,8793,2007,414
1756189916,99,7975,8775,2008,415
1756190216,105,8080,8779,2008,415
1756190516,107,7993,8781,2009,415
1756190816,134,7969,8778,2010,414
1756191116,141,8080,8781,2011,414
1756191416,156,8007,8783,2012,414
1756191716,170,8056,8781,2015,415
1756192016,161,8041,8781,2017,415
1756192316,159,8078,8789,2019,415
1756192616,197,8093,8780,2021,415
1756192916,195,8078,8780,2025,414
1756193216,198,8108,8773,2029,414
1756193516,189,8086,8786,2033,415
1756193816,231,8108,8787,2037,415
1756194116,278,8127,8779,2043,415
1756194416,286,8121,8786,2049,415
1756194716,323,8081,8780,2055,415
1756195016,305,8129,8778,2062,415
1756195316,291,8038,8778,2067,414
1756195616,253,8156,8784,2071,416
1756195916,270,8103,8787,2076,416
1756196216,319,8143,8779,2081,415
1756196516,311,8133,8784,2087,415
1756196816,319,8149,8784,2093,414
1756197116,307,8087,8784,2100,415
1756197416,327,8176,8787,2107,415
1756197716,354,8189,8779,2115,415
1756198016,330,8106,8786,2123,414
1756198316,311,8190,8790,2132,415
1756198616,358,8175,8785,2140,416
1756198916,337,8179,8784,2151,416
1756199216,368,8175,8793,2163,416
1756199516,347,8176,8790,2177,415
1756199816,329,8272,8791,2194,416
1756200116,344,8222,8781,2209,416
1756200416,320,8296,8791,2222,416
1756200716,361,8225,8786,2236,417
1756201016,354,8237,8789,2251,416
1756201316,398,8250,8789,2258,416
1756201616,382,8286,8789,2265,415
1756201916,454,8305,8777,2273,417
1756202216,423,8295,8784,2284,417
1756202516,393,8277,8781,2298,416
1756202816,399,8282,8782,2311,417
1756203116,406,8295,8780,2322,415
1756203416,417,8327,8778,2327,415
1756203716,451,8320,8780,2331,417
1756204016,483,8228,8779,2338,418
1756204316,535,8309,8776,2354,416
1756204616,580,8304,8780,2369,417
1756204916,622,8314,8782,2383,416
1756205216,769,8269,8768,2392,416
1756205516,636,8266,8778,2400,417
1756205816,755,8273,8772,2405,417
1756206116,761,8349,8766,2411,417
1756206416,753,8334,8770,2418,416
1756206716,777,8333,8776,2429,417
1756207016,624,8366,8773,2441,416
1756207316,694,8368,8784,2454,418
1756207616,802,8431,8776,2465,416
1756207916,814,8418,8771,2474,418
1756208216,732,8412,8777,2483,417
1756208516,855,8434,8773,2492,418
1756208816,893,8484,8772,2502,417
1756209116,902,8415,8764,2515,417
1756209416,807,8555,8764,2527,417
1756209716,874,8558,8766,2540,417
1756210016,796,8583,8773,2552,417
1756210316,884,8529,8766,2562,416
1756210616,920,8571,8764,2569,416
1756210916,909,8648,8762,2569,416
1756211216,682,8580,8771,2564,416
1756211516,722,8685,8761,2558,416
1756211816,498,8620,8766,2552,417
1756212116,463,8689,8773,2546,416
1756212416,529,8736,8762,2540,417
1756212716,729,8610,8763,2536,417
1756213016,711,8710,8768,2534,417
1756213316,754,8864,8767,2533,416
1756213616,781,8829,8769,2532,417
1756213916,1002,8880,8757,2531,417
1756214216,1018,8744,8767,2531,417
1756214516,1023,8842,8754,2530,417
1756214816,983,8873,8758,2534,417
1756215116,942,8885,8754,2540,418
1756215416,887,8878,8756,2548,417
1756215716,836,8932,8752,2553,417
1756216016,776,9032,8762,2557,417
1756216316,705,8855,8761,2560,417
1756216616,805,8902,8754,2560,417
1756216916,909,9007,8758,2558,417
1756217216,962,9096,8762,2555,417
1756217516,942,9085,8752,2552,417
1756217816,812,9011,8764,2548,417
1756218116,936,9169,8752,2544,418
1756218416,693,9150,8761,2541,417
1756218716,701,9160,8752,2538,418
1756219016,727,9160,8757,2535,418
1756219316,813,9241,8751,2532,418
1756219616,805,9184,8757,2529,418
1756219916,859,8834,8745,2529,418
1756220216,806,8858,8751,2529,418
1756220516,893,8933,8741,2527,417
1756220816,630,8706,8747,2524,417
1756221116,686,8994,8744,2523,418
1756221416,876,8761,8753,2522,418
1756221716,626,7887,8746,2524,417
1756222016,767,7877,8746,2526,417
1756222316,723,7922,8740,2528,418
1756222616,704,8299,8745,2530,418
1756222916,591,8077,8748,2528,417
1756223216,578,8300,8745,2525,417
1756223516,767,8588,8738,2523,418
1756223816,729,8554,8744,2522,418
1756224116,733,8303,8740,2521,418
1756224416,479,7825,8740,2519,418
1756224716,414,7640,8747,2517,418
1756225016,368,7704,8733,2516,418
1756225316,329,7846,8743,2513,418
1756225616,282,7715,8743,2509,418
1756225916,284,7665,8742,2505,418
1756226216,277,7726,8741,2501,418
1756226516,293,7889,8740,2497,417
1756226816,386,7725,8745,2493,417
1756227116,348,7903,8743,2490,417
1756227416,409,7783,8746,2486,419
1756227716,491,7715,8746,2484,417
1756228016,286,7846,8754,2481,419
1756228316,251,8125,8749,2477,418
1756228616,258,7891,8743,2474,418
1756228916,181,8151,8744,2469,418
1756229216,125,7966,8747,2464,418
1756229516,124,7929,8747,2457,418
1756229816,114,8047,8744,2449,419
1756230116,115,8184,8737,2442,418
1756230416,103,7936,8747,2434,419
1756230716,92,8021,8743,2428,419
1756231016,85,7988,8748,2423,418
1756231316,77,7900,8744,2416,418
1756231616,68,7944,8753,2411,420
1756231916,62,8134,8746,2404,419
1756232216,52,7997,8747,2396,418
1756232516,41,8076,8748,2390,419
1756232816,32,8013,8753,2384,418
1756233116,29,8151,8746,2377,419
1756233416,26,8046,8746,2371,419
1756233716,24,8225,8741,2364,419
1756234016,24,8085,8746,2357,418
1756234316,24,8205,8753,2350,419
1756234616,23,8284,8746,2342,419
1756234916,23,8150,8740,2335,420
1756235216,24,8220,8751,2327,419
1756235516,24,8145,8751,2319,419
1756235816,24,8180,8752,2312,418
1756236116,23,8265,8753,2306,417
1756236416,23,8199,8754,2300,419
1756236716,23,8217,8761,2295,418
1756237016,23,8300,8747,2290,420
1756237316,23,8327,8754,2285,417
1756237616,22,8584,8759,2281,417
1756237916,22,8501,8754,2277,417
1756238216,23,8548,8742,2273,417
1756238516,24,8472,8750,2269,417
1756238816,22,8400,8753,2264,418
1756239116,22,8198,8759,2259,418
1756239416,23,8216,8756,2255,419
1756239716,22,8204,8754,2251,418
1756240016,23,8095,8761,2247,417
1756240316,23,8158,8759,2243,418
1756240616,21,8015,8762,2239,418
1756240916,22,8223,8765,2236,418
1756241216,22,8029,8752,2232,419
1756241516,21,8020,8755,2229,418
1756241816,21,8121,8764,2225,418
1756242116,21,8082,8764,2222,418
1756242416,22,8187,8755,2219,417
1756242716,23,8224,8762,2215,419
1756243016,21,8291,8763,2213,418
1756243316,22,8116,8759,2210,418
1756243616,23,8193,8766,2207,419
1756243916,22,8063,8759,2205,418
1756244216,21,8215,8768,2201,418
1756244516,21,8129,8766,2199,417
1756244816,21,8252,8771,2196,418
1756245116,20,8229,8762,2192,418
1756245416,21,8316,8761,2189,418
1756245716,22,8292,8765,2186,418
1756246016,21,8277,8760,2183,417
1756246316,21,8270,8765,2181,418
1756246616,21,8370,8760,2178,418
1756246916,21,8228,8777,2175,417
1756247216,21,8267,8761,2173,418
1756247516,20,8429,8762,2171,417
1756247816,21,8362,8769,2168,417
1756248116,22,8370,8763,2166,418
1756248416,21,8426,8768,2164,417
1756248716,20,8355,8765,2162,417
1756249016,21,8425,8765,2160,417
1756249316,20,8281,8751,2158,417
1756249616,21,8409,8769,2156,418
1756249916,21,8515,8767,2154,418
1756250216,20,8552,8768,2152,418
1756250516,20,8465,8760,2150,418
1756250816,20,8407,8770,2149,418
1756251116,20,8449,8770,2147,419
1756251416,20,8663,8769,2145,418
1756251716,19,8494,8764,2143,418
1756252016,21,8431,8766,2142,418
1756252316,20,8502,8759,2140,418
1756252616,21,8464,8772,2138,418
