If found, please contact tlang@live.unc.edu
Firmware updated: 2023/03/14
OpenOBS SN:304

time,ambient_light,backscatter,pressure,water_temp,battery
1756598516,22,5954,8765,2136,416
1756598816,23,5954,8768,2134,406
1756599116,21,5958,8765,2132,408
1756599416,22,5984,8761,2130,407
1756599716,22,5978,8765,2128,408
1756600016,21,5993,8764,2127,407
1756600316,23,6009,8772,2124,406
1756600616,21,6018,8765,2123,406
1756600916,22,6026,8770,2121,407
1756601216,21,6045,8761,2119,406
1756601516,22,6039,8763,2117,406
1756601816,21,6059,8762,2115,406
1756602116,22,6048,8761,2113,407
1756602416,21,6059,8763,2111,406
1756602716,21,6073,8762,2110,406
1756603016,21,6052,8762,2108,406
1756603316,22,6067,8764,2106,407
1756603616,21,6086,8760,2105,407
1756603916,21,6086,8760,2104,407
1756604216,21,6091,8761,2103,407
1756604516,21,6108,8757,2102,407
1756604816,22,6095,8755,2101,407
1756605116,21,6112,8760,2100,406
1756605416,21,6117,8757,2099,406
1756605716,21,6123,8757,2098,406
1756606016,20,6148,8757,2097,406
1756606316,21,6128,8759,2096,406
1756606616,21,6147,8758,2095,407
1756606916,20,6158,8758,2095,407
1756607216,21,6143,8760,2094,406
1756607516,22,6158,8758,2094,406
1756607816,21,6165,8755,2093,407
1756608116,21,6205,8756,2093,407
1756608416,21,6166,8755,2092,407
1756608716,20,6177,8758,2091,406
1756609016,20,6166,8759,2090,407
1756609316,21,6177,8754,2089,407
1756609616,22,6182,8760,2088,407
1756609916,21,6193,8757,2086,407
1756610216,21,6192,8761,2086,407
1756610516,22,6208,8757,2084,407
1756610816,20,6353,8769,2083,407
1756611116,21,6014,8756,2082,407
1756611416,22,5934,8759,2082,407
1756611716,21,5940,8758,2081,407
1756612016,20,5998,8756,2080,407
1756612316,20,6027,8758,2079,407
1756612616,20,5557,8759,2078,406
1756612916,20,5558,8761,2077,407
1756613216,21,5562,8758,2076,406
1756613516,21,5574,8751,2076,406
1756613816,22,5569,8760,2075,407
1756614116,20,5586,8760,2075,408
1756614416,21,5601,8758,2074,406
1756614716,20,5601,8754,2074,406
1756615016,21,5605,8759,2073,407
1756615316,21,5613,8759,2072,407
1756615616,21,5624,8758,2072,407
1756615916,21,5642,8754,2071,407
1756616216,21,5639,8757,2071,407
1756616516,21,5664,8760,2070,407
1756616816,21,5667,8769,2070,407
1756617116,21,5607,8757,2069,407
1756617416,20,5628,8765,2069,407
1756617716,21,5633,8764,2068,407
1756618016,21,5639,8759,2068,407
1756618316,21,5810,8764,2067,406
1756618616,24,5561,8759,2067,408
1756618916,31,5572,8766,2066,408
1756619216,34,5585,8758,2066,407
1756619516,46,5571,8765,2066,407
1756619816,68,5590,8765,2066,408
1756620116,89,5615,8764,2065,406
1756620416,102,5614,8766,2065,407
1756620716,142,6567,8761,2065,408
1756621016,224,5526,8761,2065,406
1756621316,289,5522,8765,2065,409
1756621616,300,5532,8766,2066,408
1756621916,374,5539,8769,2066,408
1756622216,482,5553,8764,2066,406
1756622516,472,5538,8766,2066,406
1756622816,492,5551,8763,2066,407
1756623116,584,5554,8765,2067,409
1756623416,643,5569,8767,2067,406
1756623716,780,5568,8765,2067,407
1756624016,883,5572,8763,2067,406
1756624316,1021,5592,8763,2068,406
1756624616,1200,5600,8760,2069,406
1756624916,1271,5612,8763,2070,407
1756625216,1410,5614,8758,2071,407
1756625516,1466,5629,8762,2072,406
1756625816,1420,5633,8765,2074,406
1756626116,1599,5643,8759,2076,407
1756626416,1874,5641,8766,2077,409
1756626716,2031,5653,8766,2079,408
1756627016,2294,5673,8762,2081,408
1756627316,2192,5673,8770,2083,408
1756627616,2303,5681,8763,2086,408
1756627916,2351,5689,8764,2088,408
1756628216,2343,5706,8763,2090,407
1756628516,2214,5694,8761,2092,408
1756628816,1902,5712,8768,2094,408
1756629116,1936,5707,8762,2097,407
1756629416,1998,5635,8761,2099,408
1756629716,1946,5644,8762,2100,409
1756630016,2021,5619,8765,2103,408
1756630316,2099,5670,8759,2107,410
1756630616,2195,5632,8763,2111,408
1756630916,2175,5628,8753,2118,408
1756631216,2686,5635,8764,2126,409
1756631516,2970,5655,8761,2136,409
1756631816,3632,5655,8762,2146,408
1756632116,4075,5665,8761,2161,409
1756632416,4306,5678,8761,2179,407
1756632716,5073,5666,8767,2195,409
1756633016,5683,5677,8762,2211,409
1756633316,5675,5687,8761,2224,407
1756633616,6173,5638,8763,2235,408
1756633916,6426,5654,8760,2247,409
1756634216,6183,5781,8760,2263,408
1756634516,6621,5536,8760,2280,409
1756634816,5108,5521,8767,2295,408
1756635116,3287,5516,8766,2306,410
1756635416,2878,5535,8765,2313,410
1756635716,4053,5532,8760,2318,408
1756636016,4553,5551,8765,2325,408
1756636316,4605,5545,8762,2334,410
1756636616,4397,5553,8762,2345,410
1756636916,4314,5571,8761,2354,410
1756637216,4200,5561,8763,2362,408
1756637516,4312,5578,8766,2367,409
1756637816,4249,5591,8760,2371,409
1756638116,4464,5592,8761,2374,410
1756638416,4945,5601,8760,2376,410
1756638716,4444,5626,8754,2378,410
1756639016,3735,5658,8759,2379,410
1756639316,3997,5668,8758,2380,410
1756639616,2845,5734,8760,2382,410
1756639916,2265,5827,8757,2385,410
1756640216,2190,5845,8755,2390,410
1756640516,3505,5795,8758,2397,409
1756640816,4850,5757,8762,2407,410
1756641116,5532,5783,8756,2417,409
1756641416,5507,6036,8752,2434,410
1756641716,5803,5737,8756,2455,410
1756642016,5411,5736,8749,2478,410
1756642316,5346,5735,8744,2503,408
1756642616,5173,5741,8747,2522,409
1756642916,4359,5751,8748,2532,409
1756643216,5080,6282,8745,2535,408
1756643516,5413,5318,8743,2534,408
1756643816,5422,5310,8744,2536,409
1756644116,4354,5314,8743,2538,409
1756644416,3540,5314,8747,2543,409
1756644716,2670,5328,8738,2551,409
1756645016,2340,5330,8728,2559,409
1756645316,2054,5341,8736,2567,409
1756645616,2030,5334,8735,2573,408
1756645916,2244,5339,8739,2574,409
1756646216,2554,5364,8739,2574,409
1756646516,3934,5317,8734,2569,409
1756646816,5266,5376,8729,2570,409
1756647116,1258,5563,8732,2586,409
1756647416,109,5900,8741,2605,409
1756647716,46,6073,8741,2627,409
1756648016,45,6209,8727,2647,409
1756648316,39,6300,8729,2663,409
1756648616,36,6384,8730,2675,409
1756648916,35,6530,8723,2689,409
1756649216,38,6598,8719,2702,409
1756649516,39,6602,8721,2716,409
1756649816,43,6532,8720,2734,409
1756650116,51,6920,8723,2752,409
1756650416,48,6216,8721,2745,410
1756650716,49,6412,8718,2733,409
1756651016,39,6467,8714,2736,410
1756651316,40,6593,8709,2750,410
1756651616,35,6654,8712,2769,410
1756651916,41,6493,8718,2786,410
1756652216,172,6357,8716,2796,409
1756652516,178,5932,8713,2803,409
1756652816,64,6140,8711,2802,409
1756653116,42,6497,8712,2798,409
1756653416,35,6788,8714,2798,409
1756653716,36,7362,8712,2796,409
1756654016,35,7274,8714,2792,409
1756654316,56,6610,8708,2781,409
1756654616,271,5774,8705,2768,410
1756654916,694,5625,8707,2755,410
1756655216,1037,5589,8699,2741,409
1756655516,1056,5553,8701,2731,409
1756655816,1134,5561,8709,2725,409
1756656116,1267,5566,8701,2720,409
1756656416,1637,5575,8703,2716,411
1756656716,1841,5570,8707,2709,410
1756657016,2020,5567,8707,2702,409
1756657316,2089,5580,8705,2695,410
1756657616,4093,5584,8709,2687,409
1756657916,2414,5568,8705,2681,410
1756658216,1870,5582,8710,2671,409
1756658516,1736,5599,8708,2658,410
1756658816,1865,5612,8717,2645,410
1756659116,1696,5642,8712,2631,409
1756659416,1680,5648,8710,2616,410
1756659716,1891,5668,8711,2600,409
1756660016,1904,5652,8708,2586,410
1756660316,1716,5676,8713,2575,411
1756660616,1307,5681,8714,2565,410
1756660916,914,5683,8714,2555,410
1756661216,789,5735,8707,2545,411
1756661516,738,5674,8715,2534,411
1756661816,586,5678,8712,2524,411
1756662116,477,5685,8710,2513,411
1756662416,388,5518,8709,2504,409
1756662716,392,5520,8712,2494,409
1756663016,358,5433,8710,2485,411
1756663316,333,5318,8707,2476,412
1756663616,280,5336,8713,2467,412
1756663916,208,5348,8711,2459,410
1756664216,158,5335,8710,2450,412
1756664516,109,5347,8710,2441,411
1756664816,62,5353,8719,2431,411
1756665116,43,5342,8713,2421,411
1756665416,33,5354,8713,2410,411
1756665716,29,5359,8716,2399,411
1756666016,28,5374,8717,2388,411
1756666316,27,5385,8709,2379,410
1756666616,28,5405,8722,2369,410
1756666916,26,5412,8718,2361,411
1756667216,27,5421,8719,2353,410
1756667516,25,5434,8724,2344,411
1756667816,27,5432,8718,2336,411
1756668116,26,5438,8723,2327,410
1756668416,24,5441,8719,2319,410
1756668716,25,5465,8724,2310,411
1756669016,26,5476,8723,2302,411
1756669316,25,5483,8727,2296,411
1756669616,25,5478,8725,2289,411
1756669916,25,5497,8731,2282,411
1756670216,25,5510,8731,2275,409
1756670516,26,5516,8729,2269,411
1756670816,25,5534,8729,2262,411
1756671116,25,5542,8727,2256,410
1756671416,25,5554,8731,2250,411
1756671716,24,5560,8735,2244,412
1756672016,24,5557,8731,2238,411
1756672316,24,5600,8734,2232,410
1756672616,25,5581,8732,2226,409
1756672916,24,5581,8730,2221,412
1756673216,24,5604,8737,2215,411
1756673516,24,5696,8735,2210,411
1756673816,24,5587,8737,2205,412
1756674116,24,5599,8744,2201,410
1756674416,24,5605,8739,2196,411
1756674716,24,5604,8744,2192,410
1756675016,23,5607,8742,2188,411
1756675316,23,5613,8746,2184,411
1756675616,23,5629,8745,2181,410
1756675916,23,5630,8745,2178,412
1756676216,24,5634,8744,2174,412
1756676516,23,5653,8750,2171,411
1756676816,23,5655,8745,2167,409
1756677116,24,5652,8745,2164,412
1756677416,23,5667,8743,2161,409
1756677716,23,5697,8748,2158,409
1756678016,23,5705,8746,2155,411
1756678316,23,5692,8742,2152,410
1756678616,22,5705,8745,2149,409
1756678916,22,5720,8752,2147,410
1756679216,23,5707,8747,2145,411
1756679516,23,5734,8744,2143,410
1756679816,23,5587,8738,2140,411
1756680116,23,5606,8740,2138,411
1756680416,22,5590,8739,2136,410
1756680716,22,5596,8744,2133,410
1756681016,22,5601,8740,2131,410
1756681316,22,5605,8740,2128,409
1756681616,22,5631,8748,2126,410
1756681916,22,5614,8746,2124,410
1756682216,21,5641,8745,2121,410
1756682516,22,5632,8740,2120,411
1756682816,22,5644,8746,2118,411
1756683116,22,5650,8745,2116,410
1756683416,22,5663,8742,2114,410
1756683716,22,5639,8748,2112,412
1756684016,22,5660,8738,2110,411
1756684316,23,5653,8741,2108,411
1756684616,21,5658,8746,2106,410
