If found, please contact tlang@live.unc.edu
Firmware updated: 2023/03/14
OpenOBS SN:304

time,ambient_light,backscatter,pressure,water_temp,battery
1756771316,23,5719,8740,2127,423
1756771616,23,5720,8743,2124,413
1756771916,22,5731,8740,2121,414
1756772216,23,5733,8742,2118,414
1756772516,23,5749,8743,2115,415
1756772816,22,5752,8739,2113,415
1756773116,23,5753,8740,2111,414
1756773416,23,5769,8739,2109,415
1756773716,23,5779,8736,2107,414
1756774016,23,5785,8735,2105,414
1756774316,22,5784,8736,2103,414
1756774616,21,5799,8730,2100,414
1756774916,23,5793,8730,2098,415
1756775216,22,5924,8731,2095,415
1756775516,23,5611,8723,2092,415
1756775816,22,5615,8726,2090,414
1756776116,22,5606,8722,2087,414
1756776416,22,5620,8725,2085,414
1756776716,23,5627,8726,2083,414
1756777016,23,5634,8721,2080,414
1756777316,22,5636,8721,2078,414
1756777616,22,5647,8724,2075,415
1756777916,21,5640,8717,2073,414
1756778216,23,5655,8717,2071,414
1756778516,22,5663,8719,2068,414
1756778816,22,5672,8720,2065,414
1756779116,22,5674,8715,2063,415
1756779416,20,5672,8714,2060,415
1756779716,22,5686,8716,2058,415
1756780016,22,5688,8710,2055,414
1756780316,21,5689,8714,2052,414
1756780616,22,5699,8712,2049,414
1756780916,21,5694,8713,2045,414
1756781216,22,5697,8714,2043,414
1756781516,21,5703,8712,2041,414
1756781816,20,5704,8712,2037,414
1756782116,21,5709,8714,2036,415
1756782416,22,5705,8713,2034,415
1756782716,21,5708,8715,2031,414
1756783016,21,5712,8714,2029,414
1756783316,21,5727,8719,2027,414
1756783616,21,5724,8717,2026,414
1756783916,21,5717,8719,2023,414
1756784216,21,5736,8718,2021,414
1756784516,20,5747,8714,2019,414
1756784816,21,5752,8709,2017,414
1756785116,20,5753,8710,2015,414
1756785416,22,5756,8716,2012,414
1756785716,21,5759,8713,2011,415
1756786016,21,5767,8712,2009,414
1756786316,21,5849,8722,2007,414
1756786616,21,5767,8715,2006,414
1756786916,21,5825,8720,2004,414
1756787216,21,5777,8716,2003,414
1756787516,21,5783,8713,2002,414
1756787816,21,5779,8721,2001,414
1756788116,21,5793,8721,2000,414
1756788416,20,5785,8720,1999,414
1756788716,21,5799,8722,1998,414
1756789016,21,5791,8722,1996,414
1756789316,20,5795,8726,1995,414
1756789616,20,5839,8726,1995,414
1756789916,20,5761,8724,1995,414
1756790216,21,5643,8730,1994,414
1756790516,20,5640,8724,1993,414
1756790816,23,5650,8727,1992,415
1756791116,29,5632,8723,1992,415
1756791416,42,5646,8720,1991,413
1756791716,71,5645,8730,1990,415
1756792016,118,5652,8722,1989,415
1756792316,198,5660,8727,1987,413
1756792616,261,5657,8730,1987,413
1756792916,314,5638,8722,1987,413
1756793216,379,5633,8734,1986,415
1756793516,470,5635,8736,1985,413
1756793816,552,5644,8735,1984,414
1756794116,628,5664,8728,1984,415
1756794416,739,5652,8732,1983,416
1756794716,749,5659,8734,1983,414
1756795016,1227,5632,8735,1983,415
1756795316,1174,5623,8738,1984,415
1756795616,1226,5627,8737,1984,415
1756795916,1469,5627,8734,1985,414
1756796216,1475,5641,8738,1987,416
1756796516,1130,5644,8738,1990,415
1756796816,1328,5648,8741,1992,414
1756797116,1871,5643,8741,1995,414
1756797416,1939,5646,8740,1999,415
1756797716,2273,5654,8739,2002,415
1756798016,2370,5645,8743,2007,415
1756798316,2058,5660,8741,2012,414
1756798616,1658,5678,8739,2018,415
1756798916,1085,5714,8746,2021,416
1756799216,1491,5670,8748,2026,415
1756799516,1652,6215,8747,2029,415
1756799816,2357,5342,8747,2032,414
1756800116,2331,5339,8741,2036,415
1756800416,2140,5348,8746,2040,414
1756800716,2252,5446,8752,2043,415
1756801016,2725,5348,8742,2046,417
1756801316,2893,5371,8744,2050,415
1756801616,3538,5364,8750,2053,414
1756801916,3738,5378,8746,2058,415
1756802216,3756,5361,8746,2063,415
1756802516,3848,5380,8745,2068,417
1756802816,4017,5379,8745,2075,417
1756803116,4546,5386,8755,2081,415
1756803416,3858,5578,8748,2087,416
1756803716,3540,5276,8746,2093,416
1756804016,2955,5256,8749,2097,415
1756804316,3920,5273,8749,2102,416
1756804616,4337,5274,8752,2107,416
1756804916,4549,5693,8752,2113,416
1756805216,4551,5264,8748,2121,417
1756805516,4815,5272,8747,2131,416
1756805816,4996,5258,8746,2142,416
1756806116,5032,5260,8749,2155,416
1756806416,4882,5253,8743,2171,417
1756806716,4696,5254,8748,2186,417
1756807016,3682,5285,8744,2200,417
1756807316,4655,5269,8748,2214,417
1756807616,4427,5269,8748,2229,416
1756807916,4564,5275,8744,2243,417
1756808216,4641,5279,8742,2257,416
1756808516,4897,5285,8740,2270,418
1756808816,5169,5287,8743,2282,417
1756809116,5234,5299,8739,2294,417
1756809416,5076,5306,8744,2303,417
1756809716,5347,5314,8742,2311,417
1756810016,5694,5303,8742,2318,417
1756810316,6141,5314,8740,2325,416
1756810616,6338,5314,8738,2333,416
1756810916,6212,5319,8736,2343,416
1756811216,6302,5320,8736,2354,417
1756811516,6418,5327,8730,2366,418
1756811816,5903,5346,8736,2375,416
1756812116,5803,5353,8737,2382,416
1756812416,6065,5358,8733,2387,416
1756812716,6692,5364,8735,2392,416
1756813016,6785,5361,8733,2397,418
1756813316,7105,5405,8735,2402,418
1756813616,7055,5363,8737,2409,417
1756813916,6681,5359,8735,2417,418
1756814216,6425,5377,8733,2424,418
1756814516,6238,5380,8735,2431,417
1756814816,6668,5382,8733,2441,418
1756815116,6088,5393,8732,2452,418
1756815416,5842,5398,8723,2466,418
1756815716,5306,5391,8733,2482,417
1756816016,4780,5413,8723,2496,417
1756816316,4577,5401,8723,2509,417
1756816616,4445,5374,8727,2523,417
1756816916,4274,5388,8725,2536,416
1756817216,3689,5482,8726,2549,417
1756817516,2378,5352,8729,2560,417
1756817816,12271,11369,8467,2660,417
1756818116,7833,18447,8452,2742,415
