If found, please contact tlang@live.unc.edu
Firmware updated: 2023/03/14
OpenOBS SN:304

time,ambient_light,backscatter,pressure,water_temp,battery
1755129716,15,3664,8785,2129,428
1755130016,15,3681,8778,2127,418
1755130316,15,3700,8775,2126,419
1755130616,14,3684,8783,2125,419
1755130916,16,3698,8778,2124,419
1755131216,15,3714,8772,2123,419
1755131516,15,3707,8770,2122,420
1755131816,15,3756,8775,2120,419
1755132116,14,3729,8776,2119,419
1755132416,14,3743,8779,2118,419
1755132716,14,3723,8783,2117,418
1755133016,15,3744,8775,2115,419
1755133316,14,3751,8780,2114,420
1755133616,14,3738,8772,2113,420
1755133916,14,3739,8775,2112,420
1755134216,14,3784,8779,2111,420
1755134516,14,3737,8771,2110,420
1755134816,14,3737,8774,2109,420
1755135116,15,3740,8774,2108,420
1755135416,15,3776,8773,2107,420
1755135716,15,3726,8768,2106,419
1755136016,14,3724,8770,2105,419
1755136316,14,3735,8770,2105,419
1755136616,14,3742,8769,2104,419
1755136916,15,3752,8772,2103,419
1755137216,14,3746,8771,2102,420
1755137516,14,3741,8765,2101,419
1755137816,14,3764,8769,2100,419
1755138116,15,3789,8770,2099,419
1755138416,15,3775,8768,2098,419
1755138716,14,3763,8766,2097,419
1755139016,13,3756,8768,2096,419
1755139316,14,3775,8772,2095,419
1755139616,15,3752,8767,2094,419
1755139916,15,3743,8767,2093,419
1755140216,15,3749,8767,2092,417
1755140516,14,3754,8769,2091,419
1755140816,15,3757,8765,2090,419
1755141116,13,3787,8767,2090,419
1755141416,16,3798,8769,2089,420
1755141716,14,3835,8772,2088,419
1755142016,14,3809,8766,2088,419
1755142316,15,3816,8768,2087,418
1755142616,14,3789,8769,2086,419
1755142916,15,3812,8768,2086,419
1755143216,15,3790,8769,2085,419
1755143516,14,3803,8770,2084,419
1755143816,14,3792,8768,2083,419
1755144116,13,3799,8768,2083,419
1755144416,13,3766,8765,2082,419
1755144716,13,3781,8768,2082,419
1755145016,14,3774,8764,2081,419
1755145316,14,3790,8771,2080,419
1755145616,15,3797,8763,2079,420
1755145916,15,3788,8770,2078,420
1755146216,14,3784,8770,2078,420
1755146516,15,3789,8768,2077,420
1755146816,14,3799,8766,2077,420
1755147116,15,3799,8765,2077,420
1755147416,14,3801,8774,2077,419
1755147716,14,3815,8769,2076,420
1755148016,14,3819,8776,2076,420
1755148316,14,3805,8772,2076,420
1755148616,14,3813,8771,2075,420
1755148916,14,3810,8769,2075,419
1755149216,16,3814,8777,2074,420
1755149516,19,3826,8773,2074,420
1755149816,24,3828,8771,2074,420
1755150116,43,3832,8779,2074,419
1755150416,124,3834,8771,2074,419
1755150716,289,3830,8769,2074,420
1755151016,295,3844,8777,2074,419
1755151316,250,3848,8774,2074,421
1755151616,238,3862,8782,2074,420
1755151916,255,3855,8778,2074,419
1755152216,257,3872,8776,2075,421
1755152516,226,3857,8780,2075,419
1755152816,296,3852,8779,2075,419
1755153116,411,3863,8777,2076,420
1755153416,634,3882,8783,2076,420
1755153716,919,3871,8775,2077,419
1755154016,1075,3867,8778,2078,419
1755154316,849,3880,8777,2080,419
1755154616,711,3887,8781,2082,419
1755154916,701,3906,8775,2084,420
1755155216,677,3890,8782,2086,421
1755155516,490,3905,8782,2087,420
1755155816,496,3887,8779,2088,420
1755156116,687,3899,8778,2090,420
1755156416,603,3911,8785,2091,420
1755156716,686,3948,8776,2093,420
1755157016,829,3938,8781,2094,421
1755157316,1334,3958,8783,2097,421
1755157616,2062,3981,8782,2100,420
1755157916,2815,3999,8778,2103,421
1755158216,2883,3965,8782,2108,421
1755158516,3272,3963,8784,2113,421
1755158816,3782,3946,8782,2118,420
1755159116,4326,3959,8784,2124,420
1755159416,838,4356,8783,2131,421
1755159716,1072,4248,8778,2139,420
1755160016,3155,3993,8781,2145,420
1755160316,2891,4001,8782,2151,421
1755160616,2810,3992,8780,2156,421
1755160916,2463,3996,8785,2160,422
1755161216,2795,4014,8785,2163,422
1755161516,2553,4114,8784,2166,421
1755161816,4751,4084,8782,2170,422
1755162116,4966,4043,8783,2176,422
1755162416,5395,4070,8784,2183,422
1755162716,6283,4051,8779,2190,422
1755163016,6565,4051,8786,2199,422
1755163316,7587,4158,8784,2209,422
1755163616,6914,4072,8776,2218,422
1755163916,6520,4064,8780,2226,422
1755164216,6404,4089,8785,2234,421
1755164516,5735,4095,8776,2241,421
1755164816,5951,4099,8783,2247,421
1755165116,6400,4065,8788,2253,421
1755165416,6196,4116,8787,2259,421
1755165716,5633,4102,8783,2264,423
1755166016,5625,4108,8782,2269,423
1755166316,5911,4132,8782,2274,422
1755166616,5447,4132,8779,2278,421
1755166916,5512,4145,8781,2283,421
1755167216,5678,4129,8781,2288,422
1755167516,6769,4161,8775,2295,422
1755167816,8462,4174,8777,2307,422
1755168116,7757,4177,8782,2324,421
1755168416,7450,4172,8781,2344,422
1755168716,6161,4203,8779,2365,423
1755169016,6372,4231,8777,2388,423
1755169316,6129,4224,8781,2408,423
1755169616,6646,4232,8777,2419,422
1755169916,6275,4204,8778,2422,423
1755170216,6392,4257,8780,2422,401
1755170516,7574,4193,8781,2418,401
1755170816,7603,4241,8779,2415,401
1755171116,6016,4279,8778,2414,401
1755171416,4435,4331,8776,2412,401
1755171716,4385,4351,8781,2411,401
1755172016,4744,4410,8777,2411,401
1755172316,4766,4398,8774,2410,402
1755172616,4106,4387,8777,2410,403
1755172916,4717,4376,8774,2410,402
1755173216,5390,4392,8774,2410,402
1755173516,4610,4394,8773,2410,403
1755173816,4942,4439,8769,2408,403
1755174116,5434,4435,8776,2405,403
1755174416,5601,4461,8778,2403,403
1755174716,5672,4457,8779,2403,403
1755175016,5629,4434,8775,2404,403
1755175316,5148,4464,8781,2405,402
1755175616,4610,4496,8774,2406,403
1755175916,5151,4527,8781,2408,401
1755176216,4105,4510,8778,2414,401
1755176516,2605,4562,8782,2415,403
1755176816,2149,4556,8778,2412,402
1755177116,1490,4631,8777,2411,401
1755177416,1624,4622,8780,2409,403
1755177716,1339,4669,8783,2409,401
1755178016,1211,4724,8787,2413,403
1755178316,547,4768,8773,2422,403
1755178616,409,4843,8775,2429,403
1755178916,316,4867,8775,2432,403
1755179216,365,4977,8773,2433,404
1755179516,226,4999,8768,2432,402
1755179816,194,5025,8773,2431,402
1755180116,190,5039,8766,2430,402
1755180416,230,5087,8773,2429,403
1755180716,143,5187,8770,2428,403
1755181016,103,5129,8768,2427,402
1755181316,49,5124,8773,2426,403
1755181616,33,5123,8764,2424,403
1755181916,29,5185,8765,2421,403
1755182216,31,5225,8763,2419,402
1755182516,48,5275,8773,2416,403
1755182816,62,5214,8768,2414,402
1755183116,127,5260,8763,2413,402
1755183416,171,5240,8764,2414,402
1755183716,260,5191,8757,2417,402
1755184016,332,5148,8762,2419,402
1755184316,260,5134,8758,2423,402
1755184616,363,5101,8763,2427,402
1755184916,474,5103,8764,2429,404
1755185216,580,5119,8758,2431,402
1755185516,531,5099,8758,2432,402
1755185816,471,5134,8762,2432,402
1755186116,497,5171,8768,2432,402
1755186416,349,5175,8767,2431,403
1755186716,370,5196,8767,2430,402
1755187016,323,5258,8767,2427,402
1755187316,212,5305,8766,2424,402
1755187616,207,5321,8772,2421,402
1755187916,164,5428,8769,2420,403
1755188216,104,5503,8771,2419,402
1755188516,90,5541,8766,2418,403
1755188816,125,5435,8767,2417,402
1755189116,150,5426,8773,2417,402
1755189416,134,5412,8771,2419,403
1755189716,104,5323,8778,2420,402
1755190016,106,5346,8774,2420,402
1755190316,137,5334,8772,2419,403
1755190616,151,5335,8772,2418,402
1755190916,95,5307,8769,2416,403
1755191216,63,5399,8768,2415,403
1755191516,44,5622,8765,2414,402
1755191816,39,5692,8760,2412,402
1755192116,30,5851,8758,2412,404
1755192416,29,6044,8756,2413,402
1755192716,33,5985,8760,2413,403
1755193016,56,5805,8754,2413,402
1755193316,100,5612,8759,2414,402
1755193616,215,5529,8756,2414,404
1755193916,252,5414,8748,2414,402
1755194216,240,5360,8754,2412,403
1755194516,320,5302,8756,2410,403
1755194816,250,5299,8753,2408,403
1755195116,253,5245,8761,2405,403
1755195416,128,5295,8753,2402,404
1755195716,42,5421,8754,2399,403
1755196016,45,5488,8753,2395,403
1755196316,43,5411,8758,2392,403
1755196616,32,5436,8759,2389,403
1755196916,28,5428,8759,2384,403
1755197216,24,5512,8752,2380,403
1755197516,20,5430,8758,2377,404
1755197816,19,5427,8759,2372,402
1755198116,19,5503,8756,2368,404
1755198416,18,5568,8757,2363,404
1755198716,18,5627,8766,2359,403
1755199016,18,5689,8764,2354,403
1755199316,18,5748,8765,2350,403
1755199616,19,5783,8762,2345,404
1755199916,18,5874,8762,2341,404
1755200216,18,5785,8763,2336,403
1755200516,17,5758,8758,2332,403
1755200816,18,5813,8761,2327,403
1755201116,17,5738,8762,2322,404
1755201416,19,5802,8754,2317,404
1755201716,17,5823,8758,2313,404
1755202016,18,5889,8764,2309,403
1755202316,17,5926,8761,2305,403
1755202616,17,5873,8761,2300,403
1755202916,17,6002,8764,2296,403
1755203216,16,5984,8762,2292,403
1755203516,17,5978,8760,2288,403
1755203816,17,6067,8762,2283,403
1755204116,17,6074,8766,2279,404
1755204416,18,6075,8764,2274,404
1755204716,16,6129,8767,2270,403
1755205016,16,6159,8767,2266,404
1755205316,16,6241,8768,2261,404
1755205616,16,6259,8767,2256,404
1755205916,16,6302,8770,2252,404
1755206216,16,6244,8770,2247,404
1755206516,17,6399,8767,2243,403
1755206816,16,6409,8770,2239,403
1755207116,17,6429,8775,2235,405
1755207416,17,6437,8766,2230,403
1755207716,16,6523,8762,2226,403
1755208016,16,6487,8775,2223,404
1755208316,17,6550,8768,2219,404
1755208616,16,6561,8767,2216,402
1755208916,15,6570,8768,2212,403
1755209216,15,6702,8776,2209,403
1755209516,16,6734,8765,2206,403
1755209816,16,6733,8770,2202,404
1755210116,16,6806,8767,2199,403
1755210416,15,6750,8770,2196,404
1755210716,14,6831,8769,2192,403
1755211016,16,6907,8768,2189,403
1755211316,15,6880,8772,2185,402
1755211616,15,6893,8769,2182,403
1755211916,16,6975,8773,2179,405
1755212216,16,7017,8768,2177,405
1755212516,16,7034,8774,2174,404
1755212816,15,7035,8773,2172,402
1755213116,16,7169,8768,2169,402
1755213416,15,7109,8766,2167,404
1755213716,15,7155,8773,2165,402
1755214016,16,7219,8774,2163,403
1755214316,15,7254,8771,2160,403
1755214616,16,7289,8766,2158,405
1755214916,15,7256,8765,2156,403
1755215216,15,7166,8765,2154,402
1755215516,16,7306,8764,2152,402
1755215816,15,7376,8771,2150,402
